Field_Id,Area,Subregion_3.0,Subregion_1.0,Subregion_4.0,Subregion_2.0,Subregion_5.0,Subregion_6.0,Subregion_0.0,Subregion_7.0,lat,lon,Area_0,Area_1,Area_2,Area_3,Area_4,distance_0,distance_1,distance_2,distance_3,distance_4,Cotton,Dates,Grass,Lucern,Maize,Pecan,Vacant,Vineyard,"Vineyard & Pecan (""Intercrop"")"
1,-0.5897661441308035,1,0,0,0,0,0,0,0,1.7391828229831,-1.65284360926962,1.0803,0.774865,1.81556,4.62284,2.06441,2.459255203156136,1.5707677526303776,1.426737008774845,1.7215162453566444,1.29974324197882,-0.3641162980958024,-0.11001290069120637,-0.3870370918189913,-0.8669128065047171,-0.5550231802386093,2.329529102992471,-0.6357229432289523,2,1.7381456473456194
2,-0.15767069215704912,1,0,0,0,0,0,0,0,1.761062863045129,-1.6460558039995608,1.81556,1.43812,1.31619,4.62284,1.0803,-0.5570701865818365,-0.1561893594959964,-0.3799449894225529,-0.511104382817455,-0.3043320945321403,-0.3641162980958024,-0.11001290069120637,-0.3870370918189913,-0.04389014208798146,-0.5550231802386093,-0.40387272380744554,-0.6357229432289523,3,1.7381456473456194
3,-0.527916755728293,1,0,0,0,0,0,0,0,1.7533548466083315,-1.6558491142304026,1.81556,1.31619,2.06441,5.82118,0.915905,0.8878714087334402,0.6004292549300133,0.35299186324517834,0.013336506590613759,-0.06129877405155936,0.8564563463274925,-0.11001290069120637,-0.3870370918189913,-0.8669128065047171,-0.5550231802386093,0.9628281895925127,-0.6357229432289523,2,1.7381456473456194
4,-0.4391692133439857,1,0,0,0,0,0,0,0,1.7648984513563322,-1.6539901300101323,2.06441,1.81556,1.0803,1.43812,5.82118,0.8683923710292271,0.34110267655823323,0.09557323612541942,0.09662137348335045,0.22212360003591713,0.8564563463274925,-0.11001290069120637,-0.3870370918189913,-0.04389014208798146,-0.5550231802386093,0.9628281895925127,-0.6357229432289523,1,1.7381456473456194
7,1.145874910999388,1,0,0,0,0,0,0,0,1.765041585333331,-1.6340540181457066,1.48271,1.43812,4.62284,2.06441,1.01882,0.08882166609727093,-0.1184961807225519,-0.1826116562299923,0.06401030173484536,0.031367956546771124,-0.3641162980958024,-0.11001290069120637,-0.3870370918189913,-0.04389014208798146,-0.5550231802386093,0.9628281895925127,-0.6357229432289523,3,-0.31632603250270985
8,-0.3765203483737247,1,0,0,0,0,0,0,0,1.771785373827531,-1.6345245407869498,5.52922,1.43812,1.01882,2.06441,4.62284,0.08882166609727093,-0.14443057118255975,0.8092853726460243,0.5746214881396996,0.26452199756043004,-0.3641162980958024,-0.11001290069120637,-0.3870370918189913,-0.04389014208798146,-0.5550231802386093,0.9628281895925127,-0.6357229432289523,3,-0.31632603250270985
9,0.8048727597157876,1,0,0,0,0,0,0,0,1.755638138329359,-1.6380083311757008,2.06441,5.52922,1.81556,0.774865,2.03598,1.1310930480725516,0.2796106960488083,-0.1631350784502385,-0.2595910242391118,-0.35987123334410936,-0.3641162980958024,-0.11001290069120637,-0.3870370918189913,-0.8669128065047171,-0.5550231802386093,2.329529102992471,-0.6357229432289523,2,1.7381456473456194
11,-0.5510470236743154,1,0,0,0,0,0,0,0,1.7690757258833667,-1.6204461499194365,1.79607,5.52922,2.43183,1.48271,2.03598,2.0795547322084724,1.3784555289865696,0.7808639532571644,0.39168959333955433,0.6488248217827436,-0.3641162980958024,-0.11001290069120637,-0.3870370918189913,-0.8669128065047171,-0.5550231802386093,-0.40387272380744554,-0.6357229432289523,5,-0.31632603250270985
12,-0.2586267120112398,1,0,0,0,0,0,0,0,1.7633410639150582,-1.6092467256438816,1.7569,1.01882,1.50796,3.17541,1.1812,0.5694595675883408,0.9607529755505657,0.509574168237133,0.4233430175415095,0.11996780710587655,-0.3641162980958024,-0.11001290069120637,-0.3870370918189913,-0.8669128065047171,-0.5550231802386093,2.329529102992471,-0.6357229432289523,3,-0.31632603250270985
13,-0.2733634165565505,1,0,0,0,0,0,0,0,1.7551757150339156,-1.6076716258693469,1.1812,1.79607,3.17541,1.50796,2.65521,0.28013132446079525,-0.1722503874614574,-0.5125536793897718,-0.6740641950342173,-0.7541985872480114,-0.3641162980958024,-0.11001290069120637,-0.3870370918189913,-0.8669128065047171,-0.5550231802386093,2.329529102992471,-0.6357229432289523,3,-0.31632603250270985
14,-0.4856216236122905,1,0,0,0,0,0,0,0,1.6736906316573408,-1.5163956962378755,0.344734,1.44488,3.07671,2.24256,3.12746,-0.6988172529363492,0.35702533933470587,0.3954069423767381,0.04358813820307784,-0.12085921136329279,-0.3641162980958024,-0.11001290069120637,-0.3870370918189913,-0.8669128065047171,0.4150033169688831,-0.40387272380744554,-0.6357229432289523,0,7.9015606868906065
15,-0.8046545350383758,1,0,0,0,0,0,0,0,1.6712112682154008,-1.513250538237213,1.19272,2.24256,3.07671,3.12746,1.44488,-0.6988172529363492,0.017526564017404416,-0.4042250937994841,-0.48964470819908257,-0.013715179645476855,-0.3641162980958024,-0.11001290069120637,-0.3870370918189913,-0.8669128065047171,0.4150033169688831,-0.40387272380744554,0.5644988738891453,0,5.847089007042277
16,-0.25129410104396627,1,0,0,0,0,0,0,0,1.7567542416589053,-1.6476789928700009,2.06441,1.0803,4.62284,1.31619,1.43812,-0.5570701865818365,0.06664958076074287,-0.1631350784502385,-0.44040579046124134,-0.30924210974655175,-0.3641162980958024,-0.11001290069120637,-0.3870370918189913,-0.04389014208798146,-0.5550231802386093,0.9628281895925127,-0.6357229432289523,3,-0.31632603250270985
17,-0.3360386172255138,1,0,0,0,0,0,0,0,1.7501294984301443,-1.6789269006128895,5.82118,1.0803,0.915905,1.31619,1.81556,2.3614346110140643,3.6209621013400035,3.722305263820533,3.065223820462326,3.0627479881937254,0.8564563463274925,-0.11001290069120637,-0.3870370918189913,-0.8669128065047171,-0.5550231802386093,-0.40387272380744554,-0.6357229432289523,3,1.7381456473456194
19,0.039320334136661236,1,0,0,0,0,0,0,0,0.35784901349638254,-0.933497483707881,2.48277,0.704917,2.89924,4.37185,3.28571,0.20777643009110242,1.1366778579154342,0.6783590364179864,0.32405487289255686,0.011076243372819877,-0.3641162980958024,-0.11001290069120637,-0.3870370918189913,-0.8669128065047171,-0.5550231802386093,-0.40387272380744554,-0.6357229432289523,4,1.7381456473456194
20,-0.00027350774101278806,1,0,0,0,0,0,0,0,0.3558327150738217,-0.9270862385795254,0.704917,2.58801,3.28571,3.45035,2.77701,0.14094533908203696,-0.4436162064707477,-0.6009473473612474,-0.26351273570108863,-0.1693365328785759,-0.3641162980958024,-0.11001290069120637,-0.3870370918189913,-0.8669128065047171,-0.5550231802386093,0.9628281895925127,-0.6357229432289523,4,-0.31632603250270985
21,-0.6691449498138772,1,0,0,0,0,0,0,0,0.35303174150687244,-0.9211615665043689,3.28571,2.48277,2.77701,3.45035,2.21751,-0.6189488843952613,-0.4937586429483065,-0.6855334463018699,-0.5922744008216949,-0.37493805975079547,-0.3641162980958024,-0.11001290069120637,-0.3870370918189913,-0.8669128065047171,-0.5550231802386093,0.9628281895925127,-0.6357229432289523,4,-0.31632603250270985
22,0.3018120053458317,1,0,0,0,0,0,0,0,0.35710400403957987,-0.9195132717683884,0.704917,2.48277,2.21751,0.828373,2.77701,-0.6189488843952613,-0.2028376943757673,-0.5170441678882476,-0.45043951389665876,-0.6002176599375697,-0.3641162980958024,-0.11001290069120637,-0.3870370918189913,-0.8669128065047171,0.4150033169688831,0.9628281895925127,-0.6357229432289523,3,-0.31632603250270985
24,-0.1000707568522993,1,0,0,0,0,0,0,0,0.3617882345064946,-0.9127479176546621,0.828373,1.20904,3.28571,2.67864,2.48771,-1.0527143850737584,-0.9199777221410322,-0.5170441678882476,-0.5587048016486299,-0.7486002245492829,-0.3641162980958024,-0.11001290069120637,1.4728290102938495,-0.8669128065047171,0.4150033169688831,0.9628281895925127,0.5644988738891453,1,-0.31632603250270985
25,-0.6226978066853128,1,0,0,0,0,0,0,0,0.3604835733620125,-0.9102027396923338,1.20904,2.21751,2.67864,1.20052,3.28571,-1.277377735200616,-1.3893449036332248,-0.22090890498800972,-0.472187440837024,-0.7014934001931272,-0.3641162980958024,-0.11001290069120637,1.4728290102938495,-0.8669128065047171,-0.5550231802386093,2.329529102992471,-0.6357229432289523,2,-0.31632603250270985
26,-0.4794816435719671,1,0,0,0,0,0,0,0,0.36083653907676627,-0.9080937350249036,0.828373,2.21751,2.67864,1.20052,3.28571,-1.277377735200616,-0.9199777221410322,-0.34263472487545027,-0.6119151818345951,-0.3410425104732005,-0.3641162980958024,-0.11001290069120637,-0.3870370918189913,-0.8669128065047171,0.4150033169688831,2.329529102992471,-0.6357229432289523,2,-0.31632603250270985
27,0.42099985318740446,1,0,0,0,0,0,0,0,0.3303917262152326,-0.9058838732091045,1.19817,1.55663,2.83558,1.57893,4.27254,0.3269011645315446,-0.003796864016277602,-0.3419721071911275,-0.4865059354901431,-0.12916732829241573,-0.3641162980958024,-0.11001290069120637,1.4728290102938495,-0.8669128065047171,-0.5550231802386093,2.329529102992471,1.764720691007243,0,-0.31632603250270985
29,0.13246217596159227,1,0,0,0,0,0,0,0,0.3391005712066015,-0.9094269118300581,1.55663,4.27254,3.60251,0.890712,2.77701,-0.40459684024102427,-0.0040109927629996735,-0.3419721071911275,-0.5923926002124351,-0.5539269993348017,-0.3641162980958024,-0.11001290069120637,-0.3870370918189913,-0.04389014208798146,-0.5550231802386093,5.062930929792387,-0.6357229432289523,0,-0.31632603250270985
30,-0.09608277962022642,1,0,0,0,0,0,0,0,0.325037477155959,-0.9268867119758626,0.662677,3.01826,0.59128,3.48715,4.27254,-0.5850633800528803,-0.6235136996374989,-0.16813445363441826,0.2713536955776611,0.07564227279770433,-0.3641162980958024,-0.11001290069120637,-0.3870370918189913,-0.8669128065047171,-0.5550231802386093,0.9628281895925127,1.764720691007243,2,-0.31632603250270985
31,-0.6850366628594202,1,0,0,0,0,0,0,0,0.32913353112990434,-0.9250375431338017,2.22811,3.01826,4.27254,0.59128,3.45035,-0.5850633800528803,0.25471246472429016,-0.03903792891615098,0.018943663734851773,0.061864416565518984,-0.3641162980958024,-0.11001290069120637,-0.3870370918189913,-0.8669128065047171,-0.5550231802386093,0.9628281895925127,1.764720691007243,1,1.7381456473456194
33,0.7104442308971125,1,0,0,0,0,0,0,0,0.3429450519637304,-0.933272793878826,3.45035,2.48277,2.58801,0.662677,0.704917,0.6554027241461309,1.2391310917051415,0.7329955910939858,0.5834771381876205,0.24217169413624612,-0.3641162980958024,-0.11001290069120637,-0.3870370918189913,-0.8669128065047171,-0.5550231802386093,-0.40387272380744554,-0.6357229432289523,5,-0.31632603250270985
34,0.3637535686938005,1,0,0,0,0,0,0,0,0.34441379536652256,-0.9253370298635664,2.77701,4.37185,0.704917,4.27254,2.48277,0.5123367020814844,-0.10776843447650125,-0.30059425239743853,-0.3244508402535764,-0.5318413379300096,-0.3641162980958024,-0.11001290069120637,-0.3870370918189913,-0.8669128065047171,-0.5550231802386093,2.329529102992471,-0.6357229432289523,3,-0.31632603250270985
36,0.37759862172590253,1,0,0,0,0,0,0,0,0.31100618021046866,-0.9230893938160291,0.59128,2.46684,3.01826,2.10369,0.307578,-0.1631420019949379,-0.2609567263619269,-0.5900742734726239,-0.7883542447457758,-0.3717121792170567,-0.3641162980958024,-0.11001290069120637,-0.3870370918189913,-0.8669128065047171,-0.5550231802386093,0.9628281895925127,1.764720691007243,2,-0.31632603250270985
37,-0.006266760317137321,1,0,0,0,0,0,0,0,0.30379242979539245,-0.9199852602350391,1.04563,3.48715,1.97371,2.10369,5.01541,0.2700848339179088,-0.2609567263619269,-0.2698005617293295,-0.4942796504622657,-0.6574889022201627,-0.3641162980958024,-0.11001290069120637,1.4728290102938495,-0.8669128065047171,1.3850298141763753,0.9628281895925127,-0.6357229432289523,1,-0.31632603250270985
38,-0.5409604510713085,1,0,0,0,0,0,0,0,0.29663518188089366,-0.9184323064136997,1.97371,1.26915,2.46684,1.63835,5.01541,0.24008644745860214,-0.4189447217602781,-0.7691921138497032,-0.7923163705782603,-0.30903060157295575,-0.3641162980958024,-0.11001290069120637,3.3326951124066904,-0.8669128065047171,0.4150033169688831,-0.40387272380744554,-0.6357229432289523,2,-0.31632603250270985
39,-0.19179423318997413,1,0,0,0,0,0,0,0,0.2988839539201854,-0.9119849547792934,1.63835,3.41559,1.04563,0.442342,5.01541,0.09795692178906161,-0.4374765030583955,-0.7887084744877725,-1.0030739380607654,-1.188185797345342,-0.3641162980958024,-0.11001290069120637,5.192561214519531,-0.8669128065047171,0.4150033169688831,-0.40387272380744554,0.5644988738891453,0,-0.31632603250270985
40,0.9525671202813375,1,0,0,0,0,0,0,0,0.30608076244934046,-0.9101247941322039,0.442342,1.97371,0.307578,1.78733,2.10369,0.05148493955974583,-0.369522380405689,-0.719492526478869,-0.8602696084935866,-1.0137829982427944,-0.3641162980958024,-0.11001290069120637,-0.3870370918189913,-0.04389014208798146,0.4150033169688831,0.9628281895925127,0.5644988738891453,1,-0.31632603250270985
41,0.2011908250894284,1,0,0,0,0,0,0,0,0.31894466540513183,-0.9251852398925957,0.59128,2.22811,3.48715,0.662677,2.10369,-0.5019485641157443,-0.6235136996374989,-0.5900742734726239,-0.5068170816362572,-0.40518483649037385,-0.3641162980958024,-0.11001290069120637,-0.3870370918189913,-0.8669128065047171,-0.5550231802386093,0.9628281895925127,0.5644988738891453,2,1.7381456473456194
42,-0.7118979468630338,1,0,0,0,0,0,0,0,0.3165983637704186,-0.9212461170997432,3.01826,3.48715,2.10369,2.22811,0.307578,-0.5019485641157443,-0.7219111383417108,-0.7299383083464015,-0.47484214085786974,-0.6557384805672104,-0.3641162980958024,-0.11001290069120637,-0.3870370918189913,-0.8669128065047171,-0.5550231802386093,0.9628281895925127,0.5644988738891453,2,1.7381456473456194
46,-0.4835712013561776,1,0,0,0,0,0,0,0,0.3238321382560088,-0.9024186744217367,1.57893,3.60251,1.07914,1.63154,1.78733,-0.6110605519174371,-0.3542385778940169,-0.43898409497488167,-0.5635417086385831,-0.5005382156124808,-0.3641162980958024,-0.11001290069120637,1.4728290102938495,1.6021551867454897,-0.5550231802386093,-0.40387272380744554,0.5644988738891453,0,-0.31632603250270985
47,-0.3403200493859844,1,0,0,0,0,0,0,0,0.32409657856287144,-0.8982507119018581,1.19817,1.63154,3.60251,1.07914,2.28447,-0.6110605519174371,-0.8339660030201601,-0.18129083749588917,-0.33921835596819316,-0.5957435937493871,-0.3641162980958024,-0.11001290069120637,1.4728290102938495,0.7791325223287542,-0.5550231802386093,-0.40387272380744554,1.764720691007243,0,-0.31632603250270985
49,-0.528353175878218,1,0,0,0,0,0,0,0,0.31506399785926825,-0.9043522289770645,1.78733,0.307578,3.06141,1.19817,5.01541,-0.5536325285033611,-0.27877962098628,-0.6589046157462053,-0.7149639422649978,-0.6393936125809146,-0.3641162980958024,-0.11001290069120637,1.4728290102938495,-0.04389014208798146,-0.5550231802386093,-0.40387272380744554,0.5644988738891453,2,-0.31632603250270985
50,-0.261914912106364,1,0,0,0,0,0,0,0,0.3141027328361198,-0.9086094449633862,0.307578,1.07914,2.10369,5.01541,3.06141,-0.9931210587650132,-1.0148907399747462,-0.8000848538058084,-0.8602696084935866,-0.6475982993018662,-0.3641162980958024,-0.11001290069120637,1.4728290102938495,-0.04389014208798146,-0.5550231802386093,0.9628281895925127,-0.6357229432289523,2,-0.31632603250270985
51,-0.8186335239095927,1,0,0,0,0,0,0,0,0.3135203577371839,-0.9115648785875577,1.78733,2.10369,5.01541,1.07914,0.59128,-0.9931210587650132,-1.1685998138704616,-0.719492526478869,-0.9169318098162684,-0.6557384805672104,-0.3641162980958024,-0.11001290069120637,1.4728290102938495,0.7791325223287542,-0.5550231802386093,0.9628281895925127,0.5644988738891453,0,-0.31632603250270985
52,-0.3205268906898192,1,0,0,0,0,0,0,0,0.32532787465330076,-0.8932931306719752,1.57893,2.28447,1.19817,3.60251,2.40882,-0.31249152278827896,-0.2347222155455854,-0.26818470304816094,0.23130128377644196,-0.05524539154661927,-0.3641162980958024,-0.11001290069120637,-0.3870370918189913,-0.04389014208798146,-0.5550231802386093,-0.40387272380744554,2.9649425081253407,1,-0.31632603250270985
55,0.21742490221810212,1,0,0,0,0,0,0,0,0.30893311280008096,-0.8996881181502172,1.07914,1.5407,0.266231,2.40882,0.442342,0.43960655218771866,-0.1821932240200278,-0.4981858333696197,-0.7604288299436632,-0.8359844322686352,-0.3641162980958024,-0.11001290069120637,-0.3870370918189913,-0.04389014208798146,-0.5550231802386093,-0.40387272380744554,0.5644988738891453,3,-0.31632603250270985
56,-0.02809529229872836,1,0,0,0,0,0,0,0,0.31087668862410606,-0.8917058179024723,0.266231,1.16673,2.28447,3.06141,2.74429,0.05791807644517791,-0.48262097950655936,-0.6017512664495807,-0.7604288299436632,-0.7376614539407765,-0.3641162980958024,-0.11001290069120637,-0.3870370918189913,-0.8669128065047171,-0.5550231802386093,-0.40387272380744554,1.764720691007243,3,-0.31632603250270985
58,-0.8341892686845469,1,0,0,0,0,0,0,0,0.3043229439458617,-0.8927736239358914,2.40882,1.72433,1.5407,3.06141,2.74429,0.05791807644517791,-0.2934286073619452,-0.6129528383634033,-0.7674492547779603,-0.971771067479684,-0.3641162980958024,-0.11001290069120637,-0.3870370918189913,-0.8669128065047171,-0.5550231802386093,-0.40387272380744554,-0.6357229432289523,5,-0.31632603250270985
59,-0.35470310312014897,1,0,0,0,0,0,0,0,0.3006506751197739,-0.8995630605285508,0.442342,1.72433,0.266231,3.06141,3.41559,0.006121875246069702,-0.5345955069118015,-0.6129528383634033,-0.8426823410824601,-0.9562409331991255,-0.3641162980958024,-0.11001290069120637,1.4728290102938495,-0.8669128065047171,-0.5550231802386093,-0.40387272380744554,0.5644988738891453,3,-0.31632603250270985
60,-0.7679320367677943,1,0,0,0,0,0,0,0,0.30158322553030364,-0.9055654031392129,3.41559,1.5407,5.01541,1.97371,3.06141,-0.028785469799524416,-0.5949148094720943,-0.9114089087271551,-1.0030739380607654,-0.8359844322686352,-0.3641162980958024,-0.11001290069120637,3.3326951124066904,-0.8669128065047171,0.4150033169688831,-0.40387272380744554,-0.6357229432289523,2,-0.31632603250270985
62,-0.49539969231621245,1,0,0,0,0,0,0,0,0.31242488145172065,-0.8853448809149561,2.40882,2.28447,2.74429,0.266231,2.22834,0.1557898949391676,-0.38598617114287986,-0.5519961297179341,-0.3033908897781181,-0.1537624752013292,-0.3641162980958024,-0.11001290069120637,-0.3870370918189913,-0.8669128065047171,-0.5550231802386093,-0.40387272380744554,1.764720691007243,3,-0.31632603250270985
64,-0.07487877992214875,1,0,0,0,0,0,0,0,0.3185980786197236,-0.8891530628381293,1.16673,1.63154,2.40882,1.57893,0.266231,0.28458717975573256,-0.2347222155455854,-0.6017512664495807,-0.3339217990534662,-0.01687203326981945,-0.3641162980958024,-0.11001290069120637,1.4728290102938495,-0.8669128065047171,-0.5550231802386093,-0.40387272380744554,1.764720691007243,2,-0.31632603250270985
65,1.255717348044292,1,0,0,0,0,0,0,0,1.7574368793601844,-1.6675379190897393,1.0803,1.59031,1.31619,1.81556,2.06441,2.040361824973031,1.1722435214013602,1.007282758923987,1.439752506470056,1.3350991844174918,0.8564563463274925,-0.11001290069120637,-0.3870370918189913,-0.8669128065047171,-0.5550231802386093,0.9628281895925127,-0.6357229432289523,2,1.7381456473456194
66,-0.4568668028719768,1,0,0,0,0,0,0,0,0.2905099816471939,-0.9148019997682676,1.63835,1.04563,1.97371,3.41559,2.46684,-0.826879525976221,-0.4189447217602781,-0.4607887723997322,-0.4798438113324151,-0.0807533798881277,-0.3641162980958024,-0.11001290069120637,3.3326951124066904,-0.8669128065047171,1.3850298141763753,-0.40387272380744554,-0.6357229432289523,1,-0.31632603250270985
67,-0.317964803430346,1,0,0,0,0,0,0,0,0.2921113224290882,-0.911622982279278,1.26915,3.41559,1.97371,1.04563,0.442342,-0.826879525976221,-0.570321244429715,-0.8811751504554033,-0.7923163705782603,-0.5473939516033862,-0.3641162980958024,-0.11001290069120637,1.4728290102938495,-0.8669128065047171,1.3850298141763753,-0.40387272380744554,0.5644988738891453,1,-0.31632603250270985
68,0.3506760131667391,1,0,0,0,0,0,0,0,0.29525092669596015,-0.9062018130667016,0.442342,1.63835,1.97371,1.5407,1.26915,-0.028785469799524416,-0.570321244429715,-0.8044049402243484,-0.7311265563225103,-0.7281803187156035,-0.3641162980958024,-0.11001290069120637,1.4728290102938495,-0.8669128065047171,0.4150033169688831,-0.40387272380744554,0.5644988738891453,2,-0.31632603250270985
71,0.02158135993928062,1,0,0,0,0,0,0,0,0.28102504985779136,-0.898551318577625,0.0859615,0.84721,2.50102,3.73569,1.72433,0.3630603478591891,0.38740217634244556,-0.015563411193047726,0.2515373416148876,0.22606518778066406,-0.3641162980958024,-0.11001290069120637,-0.3870370918189913,-0.8669128065047171,1.3850298141763753,-0.40387272380744554,-0.6357229432289523,3,-0.31632603250270985
73,0.006592585134961684,1,0,0,0,0,0,0,0,0.29198037467653487,-0.8966681805051891,1.72433,1.5407,0.947691,3.41559,2.54086,-0.3500231415207189,0.029225385882050547,-0.34927023856806033,-0.4165598212762377,-0.60087912624622,-0.3641162980958024,-0.11001290069120637,1.4728290102938495,-0.8669128065047171,-0.5550231802386093,-0.40387272380744554,-0.6357229432289523,4,-0.31632603250270985
74,-0.285617040938495,1,0,0,0,0,0,0,0,0.2967279656413116,-0.8944281768779738,2.50102,1.5407,0.947691,0.266231,2.22834,-0.3500231415207189,-0.5345955069118015,-0.7789975101232909,-0.9281930172952261,-0.9467766716164948,-0.3641162980958024,-0.11001290069120637,-0.3870370918189913,-0.8669128065047171,-0.5550231802386093,-0.40387272380744554,0.5644988738891453,4,-0.31632603250270985
75,0.09811666261103291,1,0,0,0,0,0,0,0,0.3040307995921096,-0.8845266180021643,2.22834,1.16673,0.266231,2.40882,0.947691,-0.2045916952129703,-0.14638438029807888,-0.47651619968705466,-0.4902903572667018,-0.6878733843644556,-0.3641162980958024,-0.11001290069120637,-0.3870370918189913,-0.8669128065047171,-0.5550231802386093,-0.40387272380744554,1.764720691007243,3,-0.31632603250270985
76,-0.09599624803877571,1,0,0,0,0,0,0,0,0.298520623787047,-0.8861996130425651,0.947691,2.74429,1.72433,0.266231,3.73569,-0.5027702378879898,-0.7530102656762857,-0.44545260625457317,-0.6965879494662799,-0.6331786661190165,-0.3641162980958024,-0.11001290069120637,-0.3870370918189913,-0.8669128065047171,0.4150033169688831,-0.40387272380744554,-0.6357229432289523,4,-0.31632603250270985
77,-0.5778074795743257,1,0,0,0,0,0,0,0,0.2941276486795247,-0.8880486883026915,2.22834,3.73569,1.72433,2.50102,2.74429,-0.5027702378879898,-0.5321716914830781,-0.7789975101232909,-0.6354281056843346,-0.6878733843644556,-0.3641162980958024,-0.11001290069120637,-0.3870370918189913,-0.8669128065047171,0.4150033169688831,-0.40387272380744554,0.5644988738891453,3,-0.31632603250270985
78,0.4711054010899948,1,0,0,0,0,0,0,0,0.28758770137925027,-0.8864610472487588,0.947691,2.22834,2.50102,1.72433,6.14488,0.08974746911590746,0.4259654788564868,0.10808958551905544,-0.10104666489267868,-0.371893879633318,-0.3641162980958024,-0.11001290069120637,-0.3870370918189913,-0.8669128065047171,0.4150033169688831,-0.40387272380744554,0.5644988738891453,3,-0.31632603250270985
81,-0.6156108701645057,1,0,0,0,0,0,0,0,0.27277518670086076,-0.892076073680984,0.0859615,2.54086,6.14488,3.73569,2.50102,-0.9098690956039643,0.38740217634244556,0.16855729752909213,0.513898973408816,0.7878603328879329,-0.3641162980958024,-0.11001290069120637,-0.3870370918189913,-0.8669128065047171,1.3850298141763753,-0.40387272380744554,-0.6357229432289523,3,-0.31632603250270985
82,-0.9020110292163537,1,0,0,0,0,0,0,0,0.27440899147508935,-0.8949557009462588,0.84721,2.54086,6.14488,3.73569,2.50102,-0.9098690956039643,-0.32710884642156685,0.6997981205749266,0.517654488317867,0.4430623009393646,-0.3641162980958024,-0.11001290069120637,-0.3870370918189913,-0.8669128065047171,2.355056311383868,-0.40387272380744554,-0.6357229432289523,2,-0.31632603250270985
83,1.3775011433293836,1,0,0,0,0,0,0,0,0.2763023165410302,-0.8812811158236965,4.03233,0.84721,3.73569,0.0859615,2.4231,1.3852822469330568,0.6845986043241166,0.26902456771848104,0.294623649045462,0.40880984349358707,-0.3641162980958024,-0.11001290069120637,-0.3870370918189913,-0.8669128065047171,1.3850298141763753,-0.40387272380744554,1.764720691007243,1,-0.31632603250270985
84,0.5827085677052856,1,0,0,0,0,0,0,0,0.2844879301677717,-0.8744102331801837,2.4231,6.14488,4.69615,3.73569,0.947691,0.06390460162332519,0.4398500026166474,0.13685758055453998,0.03209707423898919,0.4126544158777067,-0.3641162980958024,-0.11001290069120637,-0.3870370918189913,-0.04389014208798146,1.3850298141763753,-0.40387272380744554,0.5644988738891453,1,-0.31632603250270985
85,-0.022722809763445404,1,0,0,0,0,0,0,0,0.29061324505268693,-0.8719360446575847,4.03233,4.69615,3.73569,2.22834,6.14488,0.06390460162332519,0.8366099888854247,0.9142371155662476,0.723896728326349,0.40880984349358707,-0.3641162980958024,-0.11001290069120637,-0.3870370918189913,-0.04389014208798146,1.3850298141763753,-0.40387272380744554,1.764720691007243,0,-0.31632603250270985
91,0.8324537607425103,1,0,0,0,0,0,0,0,0.2814931392521099,-0.8636295429689722,4.03233,2.4231,2.89851,6.14488,3.73569,1.662764001316412,0.8366099888854247,0.5542844970970984,1.145647114308291,1.6402439812416327,-0.3641162980958024,-0.11001290069120637,-0.3870370918189913,-0.04389014208798146,1.3850298141763753,-0.40387272380744554,1.764720691007243,0,-0.31632603250270985
93,0.1561379690950207,1,0,0,0,0,0,0,0,0.2766444884146571,-0.8513360821357765,4.69615,5.06143,1.11035,3.67346,4.03233,2.3043863915347162,1.204972752469342,1.2463465436526824,1.9924255189328501,1.756523008597418,-0.3641162980958024,-0.11001290069120637,-0.3870370918189913,1.6021551867454897,-0.5550231802386093,-0.40387272380744554,1.764720691007243,0,-0.31632603250270985
94,-0.5166112164996338,1,0,0,0,0,0,0,0,0.2653555727667479,-0.8388409956775161,5.06143,0.929616,3.67346,2.89851,2.76277,-0.23999757623020312,0.48688588493761276,0.053928396909424574,0.7791662582072991,0.7177474642148387,-0.3641162980958024,-0.11001290069120637,-0.3870370918189913,1.6021551867454897,-0.5550231802386093,-0.40387272380744554,0.5644988738891453,1,-0.31632603250270985
95,0.9698809610568082,1,0,0,0,0,0,0,0,0.2710298450996406,-0.8389956544949206,1.11035,3.67346,0.929616,2.89851,2.76277,-0.23999757623020312,0.3077317885688052,0.3157215554122203,0.22368248911135788,0.6404074309487621,-0.3641162980958024,-0.11001290069120637,-0.3870370918189913,1.6021551867454897,-0.5550231802386093,-0.40387272380744554,0.5644988738891453,1,-0.31632603250270985
96,1.3694085593424135,1,0,0,0,0,0,0,0,1.5825642503080717,-1.392071782731423,0.685537,4.09763,0.602152,3.46042,5.01145,0.36766677998133784,0.19433034305209468,0.5414462012522406,0.28739101038287607,0.11108495370523556,-0.3641162980958024,-0.11001290069120637,1.4728290102938495,-0.8669128065047171,-0.5550231802386093,-0.40387272380744554,0.5644988738891453,3,-0.31632603250270985
97,0.36754214706426974,1,0,0,0,0,0,0,0,1.5679659586456176,-1.3903809798673492,4.09763,6.12337,0.685537,0.602152,2.22266,0.20715984974644802,1.2878471033650265,1.4099417986249756,1.0621638951483112,1.0140200953523193,-0.3641162980958024,-0.11001290069120637,1.4728290102938495,-0.04389014208798146,-0.5550231802386093,-0.40387272380744554,0.5644988738891453,2,-0.31632603250270985
98,0.6072760123519227,1,0,0,0,0,0,0,0,1.5741830229938631,-1.387085109478539,3.46042,6.12337,0.685537,0.602152,2.22266,0.20715984974644802,0.19433034305209468,0.04806314823317735,-0.16642630513236156,0.16263553373421644,-0.3641162980958024,-0.11001290069120637,1.4728290102938495,-0.04389014208798146,-0.5550231802386093,-0.40387272380744554,0.5644988738891453,2,-0.31632603250270985
102,-0.7078076366302889,1,0,0,0,0,0,0,0,1.5827220988733701,-1.379029188469665,0.858839,0.685537,2.22266,4.09763,6.12337,-0.012145156040046639,-0.3820912376395917,-0.4453100498740873,-0.16642630513236156,-0.15269792070347826,-0.3641162980958024,-0.11001290069120637,1.4728290102938495,-0.04389014208798146,-0.5550231802386093,-0.40387272380744554,0.5644988738891453,2,-0.31632603250270985
103,-0.611235758161508,1,0,0,0,0,0,0,0,1.581601916862451,-1.373111643713319,2.22266,0.602152,2.77178,2.5474,0.685537,-0.5933043195694113,-0.6086203085454736,-0.0863214343161912,-0.3866056737448369,-0.1820369559388865,-0.3641162980958024,-0.11001290069120637,1.4728290102938495,0.7791325223287542,-0.5550231802386093,-0.40387272380744554,1.764720691007243,0,-0.31632603250270985
104,-0.0981332018763394,1,0,0,0,0,0,0,0,1.577132219421686,-1.3724543339260804,0.858839,0.602152,2.5474,2.77178,0.780662,-0.5933043195694113,-0.023347956219162573,-0.3802228366784439,-0.34340528979473467,-0.2861847458520808,-0.3641162980958024,-0.11001290069120637,3.3326951124066904,-0.04389014208798146,-0.5550231802386093,-0.40387272380744554,1.764720691007243,0,-0.31632603250270985
106,-0.4341202836784746,1,0,0,0,0,0,0,0,1.5616025079973088,-1.3704910637983851,0.780662,2.22266,2.5474,1.76024,0.858839,-1.173913504492603,1.5080905867734333,1.2085646074325664,1.0498548758225523,0.84465663217859,-0.3641162980958024,-0.11001290069120637,1.4728290102938495,0.7791325223287542,-0.5550231802386093,-0.40387272380744554,1.764720691007243,0,-0.31632603250270985
107,-0.6406478426965795,1,0,0,0,0,0,0,0,1.5642175190691883,-1.3703055777905913,1.32961,2.22266,2.5474,1.76024,0.858839,-1.173913504492603,0.9233094502757894,0.7255325741646922,0.7985043658381777,0.4366810455024245,-0.3641162980958024,-0.11001290069120637,1.4728290102938495,0.7791325223287542,-0.5550231802386093,-0.40387272380744554,1.764720691007243,0,-0.31632603250270985
109,0.024041866646616197,1,0,0,0,0,0,0,0,1.5773423358898893,-1.3637517304988247,2.77178,2.22266,1.53722,1.76024,0.858839,-0.5843763721890639,0.05171430098041981,-0.14120171019968958,-0.44172203042223507,-0.6435587226232796,-0.3641162980958024,-0.11001290069120637,1.4728290102938495,2.4251778511622253,-0.5550231802386093,-0.40387272380744554,-0.6357229432289523,0,-0.31632603250270985
110,0.10845906771571996,1,0,0,0,0,0,0,0,1.5818294339610612,-1.3630255719018494,2.5474,0.858839,2.22266,1.53722,1.76024,-0.5843763721890639,0.3906580285159847,-0.01987792815129211,-0.3126268874937973,-0.3037608952112232,-0.3641162980958024,-0.11001290069120637,1.4728290102938495,1.6021551867454897,-0.5550231802386093,-0.40387272380744554,0.5644988738891453,0,-0.31632603250270985
111,-0.2721068275041803,1,0,0,0,0,0,0,0,1.5716977107587096,-1.3553999884766046,1.53722,0.915699,2.5474,2.26452,2.77178,-0.6025012227435029,-0.6327365606205322,-0.1307760381132948,-0.23635127561593436,-0.3037608952112232,-0.3641162980958024,-0.11001290069120637,-0.3870370918189913,2.4251778511622253,-0.5550231802386093,-0.40387272380744554,0.5644988738891453,0,-0.31632603250270985
112,-0.3560123635699238,1,0,0,0,0,0,0,0,1.5759389124786454,-1.3540097001357883,1.76024,0.915699,2.5474,0.921307,2.77178,-0.6025012227435029,-0.7389853304256946,-0.14120171019968958,-0.4013033929306295,-0.5764166375118557,-0.3641162980958024,-0.11001290069120637,-0.3870370918189913,2.4251778511622253,-0.5550231802386093,-0.40387272380744554,0.5644988738891453,0,-0.31632603250270985
114,-0.5877337806395151,1,0,0,0,0,0,0,0,1.5856894707105953,-1.349674378065161,1.66101,1.41727,2.77068,1.53722,0.915699,-0.13711378854118628,-0.024271529552156838,-0.26112403901819947,-0.4013033929306295,-0.2822196647604962,-0.3641162980958024,-0.11001290069120637,-0.3870370918189913,3.248200515578961,-0.5550231802386093,-0.40387272380744554,-0.6357229432289523,0,-0.31632603250270985
116,0.10804522102182558,1,0,0,0,0,0,0,0,1.5902765479975998,-1.341460986499453,1.66101,1.41727,0.921307,2.88253,3.98983,0.3633964114093697,-0.11955302012309982,-0.26112403901819947,0.03836520655977168,0.0023138188487588215,-0.3641162980958024,-0.11001290069120637,-0.3870370918189913,3.248200515578961,-0.5550231802386093,-0.40387272380744554,-0.6357229432289523,0,-0.31632603250270985
117,-0.4011404644177667,1,0,0,0,0,0,0,0,1.5945637027942965,-1.348391287510516,2.77068,0.921307,2.2541,1.66101,1.53722,0.6396959342256923,-0.024271529552156838,-0.2027923625365372,-0.19419212728211907,0.7449931573603596,-0.3641162980958024,-0.11001290069120637,-0.3870370918189913,3.248200515578961,-0.5550231802386093,-0.40387272380744554,-0.6357229432289523,0,-0.31632603250270985
119,-0.3612795033103973,0,1,0,0,0,0,0,0,1.6306571556012632,-1.3433122336810708,4.42851,1.89593,2.15388,1.36729,2.2541,6.495551726171835,4.354597238655839,3.5153615734798165,2.866578240836559,3.0450514503596757,-0.3641162980958024,-0.11001290069120637,-0.3870370918189913,-0.04389014208798146,-0.5550231802386093,-0.40387272380744554,-0.6357229432289523,4,-0.31632603250270985
122,0.7317610978753433,0,1,0,0,0,0,0,0,1.6458021284689577,-1.365046939343119,1.52322,2.59851,1.89593,2.2541,1.36729,6.495551726171835,7.473657057186832,7.071099325340967,5.952312639539282,5.701410419408141,-0.3641162980958024,-0.11001290069120637,-0.3870370918189913,-0.04389014208798146,-0.5550231802386093,0.9628281895925127,-0.6357229432289523,3,-0.31632603250270985
124,-0.0863047109163044,1,0,0,0,0,0,0,0,1.5997999202000863,-1.356579771175363,1.41727,0.921307,2.77068,2.77178,1.66101,1.1406917542063255,1.5668166405477855,1.4978050582514133,1.086491828317687,0.9622974101484119,-0.3641162980958024,-0.11001290069120637,-0.3870370918189913,3.248200515578961,-0.5550231802386093,-0.40387272380744554,-0.6357229432289523,0,-0.31632603250270985
127,0.014169741875900064,1,0,0,0,0,0,0,0,1.2956448387678294,-1.024485884856289,1.07251,1.93889,0.80126,2.33844,3.19673,0.3646678748125097,0.019343999798956416,0.12558619375586563,0.12641956615375058,0.36180536567421867,-0.3641162980958024,-0.11001290069120637,-0.3870370918189913,-0.8669128065047171,-0.5550231802386093,-0.40387272380744554,1.764720691007243,3,-0.31632603250270985
128,-0.05457395622262323,1,0,0,0,0,0,0,0,1.2928582188330495,-1.011856340990533,0.80126,1.91974,1.82965,2.52116,1.04786,-0.8010319977796551,-0.3922836390499151,-0.5000111317514313,0.12641956615375058,0.8073551570779014,-0.3641162980958024,-0.11001290069120637,-0.3870370918189913,-0.04389014208798146,-0.5550231802386093,-0.40387272380744554,0.5644988738891453,3,-0.31632603250270985
129,-0.21209905688949965,1,0,0,0,0,0,0,0,1.2895086736271675,-1.0057171446460895,1.82965,2.33844,0.80126,1.04786,2.52116,-0.28130192691336975,-0.3922836390499151,-0.34113886189245335,0.15263149895785255,0.9725892946167731,-0.3641162980958024,-0.11001290069120637,-0.3870370918189913,-0.04389014208798146,-0.5550231802386093,-0.40387272380744554,0.5644988738891453,3,-0.31632603250270985
130,-0.24599310111944686,1,0,0,0,0,0,0,0,1.2947002155107623,-1.0038998356828301,1.91974,2.33844,1.04786,0.80126,1.10126,-0.28130192691336975,-0.08643233908604876,0.05730781467819202,-0.15074539873935788,0.7343625691849996,-0.3641162980958024,-0.11001290069120637,-0.3870370918189913,0.7791325223287542,-0.5550231802386093,-0.40387272380744554,0.5644988738891453,2,-0.31632603250270985
131,11.718446497859707,0,1,0,0,0,0,0,0,1.340123850313706,-1.0082836540438778,1.44488,1.52304,2.31693,0.680039,0.980033,2.8360834855483485,1.71371350907654,1.257059118852049,0.8912630569844525,1.3675022188824448,-0.3641162980958024,-0.11001290069120637,-0.3870370918189913,-0.04389014208798146,0.4150033169688831,-0.40387272380744554,2.9649425081253407,0,-0.31632603250270985
134,-0.5656396343252973,0,1,0,0,0,0,0,0,1.3369866582471817,-0.9865436448884114,1.79677,2.91267,2.31693,0.85425,3.67323,-0.12668761069964388,-0.303653903303298,-0.1837051622847125,-0.3783632343032031,-0.10850880412659113,-0.3641162980958024,-0.11001290069120637,1.4728290102938495,-0.04389014208798146,0.4150033169688831,-0.40387272380744554,0.5644988738891453,1,-0.31632603250270985
136,-0.06266654020959353,0,1,0,0,0,0,0,0,1.3450489961962757,-0.9925315093034118,1.79677,0.980033,1.44488,0.85425,33.631,0.3191871380850028,0.27834960299076034,-0.14628251622569063,0.5510295926402153,0.4230987135841278,-0.3641162980958024,-0.11001290069120637,1.4728290102938495,-0.04389014208798146,1.3850298141763753,-0.40387272380744554,0.5644988738891453,0,-0.31632603250270985
137,-0.39075291240101856,0,1,0,0,0,0,0,0,1.3526185637190278,-0.9993153213143404,2.31693,33.631,1.79677,4.74555,0.980033,1.2275524266352866,1.5283659590442191,1.2256007245750549,1.293001767836709,0.9363822593499013,-0.3641162980958024,-0.11001290069120637,1.4728290102938495,-0.8669128065047171,1.3850298141763753,-0.40387272380744554,1.764720691007243,0,-0.31632603250270985
138,-0.25836335502421615,0,1,0,0,0,0,0,0,1.3429803323364429,-0.9857791421715182,0.980033,2.31693,0.85425,2.91267,1.44488,-0.12668761069964388,-0.36002630446321904,-0.48735422622896757,0.07100548490133014,0.39778665297245025,-0.3641162980958024,-0.11001290069120637,-0.3870370918189913,-0.04389014208798146,0.4150033169688831,-0.40387272380744554,1.764720691007243,1,-0.31632603250270985
139,0.12396326976607099,0,1,0,0,0,0,0,0,1.3225270741427408,-0.9879880771581467,2.91267,3.01452,3.67323,0.980033,4.22507,0.49131887725842904,-0.003180236227691778,0.2660417354120185,0.25965434203972454,0.4687782948587565,-0.3641162980958024,-0.11001290069120637,-0.3870370918189913,-0.8669128065047171,2.355056311383868,-0.40387272380744554,0.5644988738891453,1,-0.31632603250270985
140,-0.6328983752412741,1,0,0,0,0,0,0,0,1.2903419456920666,-1.0145717057950643,2.33844,1.91974,2.52116,1.82965,1.07251,-0.8010319977796551,0.09678815225977352,0.12558619375586563,-0.15074539873935788,0.7137281571884927,-0.3641162980958024,-0.11001290069120637,-0.3870370918189913,-0.8669128065047171,-0.5550231802386093,-0.40387272380744554,-0.6357229432289523,5,-0.31632603250270985
141,-0.5401214709555046,1,0,0,0,0,0,0,0,1.2934093376910358,-0.9932033542824439,1.10126,0.834624,1.82965,0.182791,1.91974,0.4685776591448335,0.39822440733708936,0.05730781467819202,-0.27384759077744825,-0.15415480050447342,-0.3641162980958024,-0.11001290069120637,-0.3870370918189913,-0.04389014208798146,-0.5550231802386093,-0.40387272380744554,1.764720691007243,2,-0.31632603250270985
142,3.1866959238139523,0,1,0,0,0,0,0,0,1.3341471502474336,-1.0302262223848182,1.52304,0.680039,3.35918,13.4002,7.79242,0.997618868791566,0.6441115928059041,0.20791749502231735,0.22155519025998394,1.4460511934634308,-0.3641162980958024,-0.11001290069120637,1.4728290102938495,1.6021551867454897,-0.5550231802386093,-0.40387272380744554,0.5644988738891453,0,-0.31632603250270985
143,4.107128593461703,0,1,0,0,0,0,0,0,1.3484730248917702,-1.0303655250678763,1.52304,10.9537,1.43307,2.36303,3.35918,1.1710162272992664,1.202205485109339,1.0692558521247293,0.6805735519267642,0.7462633868555817,-0.3641162980958024,-0.11001290069120637,5.192561214519531,-0.8669128065047171,0.4150033169688831,-0.40387272380744554,0.5644988738891453,0,-0.31632603250270985
144,-0.36134722367848915,0,1,0,0,0,0,0,0,1.340985962660499,-1.0237513806732526,10.9537,13.4002,0.680039,33.631,3.35918,0.997618868791566,0.27908919329020176,0.4522503694129813,0.6147699723158353,0.9293923635569316,-0.3641162980958024,-0.11001290069120637,1.4728290102938495,0.7791325223287542,1.3850298141763753,-0.40387272380744554,-0.6357229432289523,0,-0.31632603250270985
145,-0.6785046571326987,0,1,0,0,0,0,0,0,1.3278698477866677,-1.0207794856436612,10.9537,1.52304,33.631,3.35918,13.4002,1.6575271931814133,1.0117695075164117,1.372788114415048,1.7347549580031651,1.2969511874719744,-0.3641162980958024,-0.11001290069120637,1.4728290102938495,-0.04389014208798146,1.3850298141763753,-0.40387272380744554,0.5644988738891453,0,-0.31632603250270985
146,0.32945320225530245,0,1,0,0,0,0,0,0,1.33307189048577,-1.041655450078376,7.79242,10.9537,13.4002,1.52304,1.43307,1.6838835640316312,0.7299910112594405,1.6586953927269341,1.3465101804136357,0.9780593127605445,-0.3641162980958024,-0.11001290069120637,1.4728290102938495,0.7791325223287542,0.4150033169688831,-0.40387272380744554,0.5644988738891453,0,-0.31632603250270985
147,0.8510392395410381,0,1,0,0,0,0,0,0,1.3654483706589216,-1.014161069709861,2.1126,1.44488,13.4002,33.631,1.52304,1.3093139669207816,2.595981982567786,2.5901442673318953,2.294400265769728,1.8586521330959616,-0.3641162980958024,-0.11001290069120637,-0.3870370918189913,-0.04389014208798146,0.4150033169688831,-0.40387272380744554,2.9649425081253407,0,-0.31632603250270985
148,-0.13954044472180488,0,1,0,0,0,0,0,0,1.3696655479829956,-1.0234115388417035,4.74555,0.595052,13.4002,2.36303,1.43307,1.3093139669207816,2.179274023077493,2.2332983352653555,1.9494267673460148,2.1102618649587677,-0.3641162980958024,-0.11001290069120637,5.192561214519531,-0.04389014208798146,-0.5550231802386093,-0.40387272380744554,0.5644988738891453,0,-0.31632603250270985
150,-0.5308475427695993,1,0,0,0,0,0,0,0,1.297262573660384,-1.0314877080332698,1.93889,2.52116,3.19673,2.61301,0.80126,-0.5437773841817319,-0.3259027413449356,-0.33147091665632583,0.9372931823688471,0.7137281571884927,-0.3641162980958024,-0.11001290069120637,-0.3870370918189913,-0.8669128065047171,-0.5550231802386093,-0.40387272380744554,1.764720691007243,3,-0.31632603250270985
151,-0.2048943621730662,1,0,0,0,0,0,0,0,1.2927363448746594,-1.0326154366698335,1.07251,2.52116,3.19673,2.61301,0.80126,-0.5437773841817319,0.019343999798956416,-0.032209024173225506,1.0244670474359738,0.7256669791641872,-0.3641162980958024,-0.11001290069120637,-0.3870370918189913,-0.8669128065047171,-0.5550231802386093,-0.40387272380744554,0.5644988738891453,4,-0.31632603250270985
152,0.2683355700524507,1,0,0,0,0,0,0,0,1.300646875202487,-1.0398424096312437,2.61301,1.07251,1.93889,2.52116,0.969188,0.7698337710599739,0.10793777376414387,-0.032209024173225506,0.7211289887876678,0.7283968015771051,-0.3641162980958024,-0.11001290069120637,-0.3870370918189913,-0.8669128065047171,-0.5550231802386093,-0.40387272380744554,0.5644988738891453,4,-0.31632603250270985
153,0.04872594081607824,1,0,0,0,0,0,0,0,1.3016346093879108,-1.0481957665789012,3.19673,0.969188,1.07251,1.93889,0.48134,0.7698337710599739,0.3370216920235978,1.4247086100891646,1.0244670474359738,0.9071833251883554,-0.3641162980958024,-0.11001290069120637,-0.3870370918189913,-0.8669128065047171,-0.5550231802386093,-0.40387272380744554,0.5644988738891453,4,-0.31632603250270985
154,-0.5697197865028285,1,0,0,0,0,0,0,0,1.3046783000267794,-1.057645629157555,0.48134,0.477207,2.61301,0.519965,3.19673,1.134845543828405,0.2546078661853026,-0.1328300233002789,-0.4398662777313492,0.7283968015771051,-0.3641162980958024,-0.11001290069120637,-0.3870370918189913,-0.8669128065047171,-0.5550231802386093,-0.40387272380744554,-0.6357229432289523,5,-0.31632603250270985
157,-0.646822059145216,1,0,0,0,0,0,0,0,1.3146078002965673,-1.1491169339439258,0.995694,1.01703,1.44682,1.17482,11.0622,0.8194640549595981,0.933729467859951,0.7564499266956836,0.8914104949630351,0.7600086309168335,-0.3641162980958024,-0.11001290069120637,-0.3870370918189913,-0.04389014208798146,-0.5550231802386093,0.9628281895925127,-0.6357229432289523,3,-0.31632603250270985
161,-0.6992154268165078,1,0,0,0,0,0,0,0,1.3012609085745679,-1.1140882507312706,0.733511,4.44167,1.78719,2.14625,1.46435,1.37431574576578,1.5127714930987115,1.056491742082765,0.821183830406189,0.5642928247785886,-0.3641162980958024,-0.11001290069120637,-0.3870370918189913,0.7791325223287542,1.3850298141763753,0.9628281895925127,-0.6357229432289523,0,-0.31632603250270985
162,-0.3834278259190885,1,0,0,0,0,0,0,0,1.3077301114885953,-1.130229737660309,0.992604,1.44682,1.93826,5.64355,2.14625,-0.7862666610202265,-0.12464756549532079,0.7427482694898024,0.42055132301536335,0.17713363667696616,-0.3641162980958024,-0.11001290069120637,-0.3870370918189913,2.4251778511622253,-0.5550231802386093,-0.40387272380744554,-0.6357229432289523,1,-0.31632603250270985
163,-0.5609101190626192,1,0,0,0,0,0,0,0,1.3115365045820655,-1.1294759069679237,1.46435,1.44682,1.93826,5.64355,2.14625,-0.7862666610202265,-0.5504299561451171,-0.009383023724434085,-0.251650958005613,-0.28519880704601436,-0.3641162980958024,-0.11001290069120637,-0.3870370918189913,2.4251778511622253,-0.5550231802386093,-0.40387272380744554,-0.6357229432289523,1,-0.31632603250270985
164,-0.3900230373226958,1,0,0,0,0,0,0,0,1.3145276083410313,-1.1350616099870692,0.992604,1.46435,5.64355,1.93826,0.764251,0.06541239820561294,-0.12464756549532079,-0.1635969222275742,0.005330972180735527,0.02029842749668466,-0.3641162980958024,-0.11001290069120637,-0.3870370918189913,1.6021551867454897,-0.5550231802386093,-0.40387272380744554,-0.6357229432289523,2,-0.31632603250270985
165,1.1888886314656981,1,0,0,0,0,0,0,0,1.3231773145067887,-1.1296643510317437,1.93826,1.44682,0.992604,2.14625,1.46435,-0.2581416347381772,0.3015395632439809,0.08361799646232257,-0.09901329613270976,0.08900538826726832,-0.3641162980958024,-0.11001290069120637,-0.3870370918189913,2.4251778511622253,-0.5550231802386093,-0.40387272380744554,-0.6357229432289523,1,-0.31632603250270985
166,-0.20513138346138748,1,0,0,0,0,0,0,0,1.3214543712466982,-1.1246613154227365,5.64355,2.14625,0.992604,1.78719,1.44682,-0.2581416347381772,-0.491877562496792,-0.009383023724434085,-0.3190994612923925,-0.28784264545323796,-0.3641162980958024,-0.11001290069120637,-0.3870370918189913,2.4251778511622253,-0.5550231802386093,0.9628281895925127,-0.6357229432289523,0,-0.31632603250270985
168,-0.12688049813130947,1,0,0,0,0,0,0,0,1.3182242932777442,-1.1189217507408813,1.78719,1.93826,0.733511,5.64355,4.44167,-0.5912167551943495,-0.491877562496792,-0.6991400904407359,-0.09901329613270976,-0.3778277338646164,-0.3641162980958024,-0.11001290069120637,-0.3870370918189913,-0.04389014208798146,1.3850298141763753,0.9628281895925127,-0.6357229432289523,1,-0.31632603250270985
170,-0.6583871931182271,1,0,0,0,0,0,0,0,1.3122212288543418,-1.1144082962557682,1.78719,2.14625,4.44167,0.62499,1.93826,-0.2720388258413682,-0.31607912190486026,-0.6448825116673806,-0.37082030934769405,-0.09092278530125121,-0.3641162980958024,-0.11001290069120637,1.4728290102938495,-0.04389014208798146,0.4150033169688831,0.9628281895925127,-0.6357229432289523,1,-0.31632603250270985
171,0.7367122092313884,1,0,0,0,0,0,0,0,1.3152858746685276,-1.1075219854794585,0.733511,1.78719,0.76773,2.14625,0.62499,0.4611597764250639,-0.23005837242307187,-0.45259924895641346,-0.09381679200202449,0.12507940299036677,-0.3641162980958024,-0.11001290069120637,1.4728290102938495,-0.04389014208798146,1.3850298141763753,0.9628281895925127,-0.6357229432289523,0,-0.31632603250270985
173,-0.12062388856816138,0,1,0,0,0,0,0,0,1.369906350898106,-1.1145012417584237,9.67065,6.63317,9.00113,19.9571,3.16883,1.4803966665056574,2.0171881368245916,1.5185825157237902,2.006467611403457,1.586348733810246,-0.3641162980958024,-0.11001290069120637,-0.3870370918189913,-0.8669128065047171,-0.5550231802386093,0.9628281895925127,4.165164325243438,0,-0.31632603250270985
174,2.703981377812912,0,1,0,0,0,0,0,0,1.3806287104960089,-1.1111272359377695,2.16288,9.00113,3.16883,6.63317,19.9571,1.4803966665056574,3.604819801196197,2.857115591807315,2.819441112143981,2.4624185531529768,-0.3641162980958024,-0.11001290069120637,1.4728290102938495,-0.8669128065047171,-0.5550231802386093,0.9628281895925127,2.9649425081253407,0,-0.31632603250270985
175,6.573993490912485,0,1,0,0,0,0,0,0,1.3545468619687246,-1.0966950295233884,12.8175,1.1565,3.45921,7.1362,2.16288,1.9369918277618856,2.1117613469173144,2.2115206195295887,1.7936368415814303,1.528360260260057,-0.3641162980958024,-0.11001290069120637,1.4728290102938495,-0.04389014208798146,-0.5550231802386093,0.9628281895925127,1.764720691007243,0,-0.31632603250270985
178,-0.5517204651125617,1,0,0,0,0,0,0,0,1.3227578792948644,-1.1587772914358792,1.17482,0.995694,0.780338,0.764251,5.38493,-0.3342375099094212,-0.4915578938197861,-0.41972300529762313,0.015167932067705283,-0.18317339483768919,-0.3641162980958024,-0.11001290069120637,-0.3870370918189913,-0.8669128065047171,-0.5550231802386093,0.9628281895925127,-0.6357229432289523,4,-0.31632603250270985
179,-0.5597475860770433,1,0,0,0,0,0,0,0,1.3231013642402083,-1.1522979464592469,1.01703,0.764251,1.17482,11.0622,5.38493,0.1438785524563431,0.015324496291637128,0.19543940173177676,-0.09708637919906508,0.07685142242535477,-0.3641162980958024,-0.11001290069120637,-0.3870370918189913,-0.8669128065047171,-0.5550231802386093,2.329529102992471,-0.6357229432289523,3,-0.31632603250270985
180,-0.49235603799475314,1,0,0,0,0,0,0,0,1.323881238731369,-1.1636892813840873,0.780338,1.01703,0.995694,5.38493,0.764251,-0.7550874527440117,-0.850281714186925,0.19543940173177676,0.06472839104047363,0.5163504178427017,-0.3641162980958024,-0.11001290069120637,-0.3870370918189913,-0.8669128065047171,-0.5550231802386093,0.9628281895925127,-0.6357229432289523,4,-0.31632603250270985
181,-0.6407697393591447,1,0,0,0,0,0,0,0,1.3264035626965585,-1.1665842143108345,1.17482,1.01703,5.38493,0.995694,3.58962,-0.7550874527440117,0.006160471422417422,0.29544477609583436,0.45044557247690176,0.13226333914892657,0.8564563463274925,-0.11001290069120637,-0.3870370918189913,-0.8669128065047171,-0.5550231802386093,0.9628281895925127,-0.6357229432289523,3,-0.31632603250270985
182,-0.7557796167137203,1,0,0,0,0,0,0,0,1.3354740341351259,-1.178845119940412,1.2887,0.988341,0.994452,0.13117,4.49513,-0.43809365018625385,-0.2233952892524061,-0.5893102495540814,-0.24738958963816957,-0.5109010990431198,0.8564563463274925,-0.11001290069120637,1.4728290102938495,-0.8669128065047171,1.3850298141763753,0.9628281895925127,-0.6357229432289523,0,-0.31632603250270985
183,-0.44951161844867266,1,0,0,0,0,0,0,0,1.3404820266306254,-1.178391873398272,0.988341,0.474643,0.994452,0.13117,0.766534,-0.9128921298104873,-0.9282035292883593,-0.7111555082328753,-0.935214440909514,-1.138414726985086,-0.3641162980958024,-0.11001290069120637,1.4728290102938495,-0.8669128065047171,1.3850298141763753,2.329529102992471,-0.6357229432289523,0,-0.31632603250270985
184,0.416150322383497,1,0,0,0,0,0,0,0,1.3421215203260577,-1.1671757592742236,2.62968,0.988341,5.38493,1.2887,0.430677,0.4985018636825583,0.15094388904814696,-0.22953058806612303,-0.17026467252016417,-0.4387407266069528,3.2976016351740816,-0.11001290069120637,1.4728290102938495,-0.8669128065047171,-0.5550231802386093,0.9628281895925127,-0.6357229432289523,0,-0.31632603250270985
185,0.0549975993499135,1,0,0,0,0,0,0,0,1.3471016721008788,-1.1731478823074717,0.988341,4.9753,3.58962,1.2887,0.766534,-0.3864863847406447,-0.28616856947947256,-0.6205884836241018,-0.7743507546995628,-0.8171548836407677,2.077028990750787,-0.11001290069120637,1.4728290102938495,-0.8669128065047171,-0.5550231802386093,2.329529102992471,-0.6357229432289523,0,-0.31632603250270985
186,-0.5625139631135935,1,0,0,0,0,0,0,0,1.3430884613822254,-1.1762406250992765,1.2887,2.62968,0.766534,0.474643,0.13117,-0.9128921298104873,-0.8894833170291286,-0.7207010697388535,-0.8743558639627961,-1.0625882112734526,2.077028990750787,-0.11001290069120637,-0.3870370918189913,-0.8669128065047171,0.4150033169688831,2.329529102992471,-0.6357229432289523,0,-0.31632603250270985
189,-0.7723206928444104,1,0,0,0,0,0,0,0,1.3522483109829622,-1.1608834729130229,4.47459,3.58962,2.62968,0.677247,5.38493,1.1627335834836863,0.7046520245951686,0.5693880504631599,0.21146326624901804,0.14835368404383995,2.077028990750787,-0.11001290069120637,-0.3870370918189913,-0.8669128065047171,-0.5550231802386093,3.696230016392429,-0.6357229432289523,0,-0.31632603250270985
191,2.45209170645278,0,1,0,0,0,0,0,0,1.3701019645571997,-1.1321434334671443,3.16883,5.7251,5.9736,4.01062,6.63317,1.6175374280923993,0.7631318448561836,0.5168406653385492,0.32954478855373187,0.6157871084055574,-0.3641162980958024,-0.11001290069120637,-0.3870370918189913,-0.8669128065047171,-0.5550231802386093,5.062930929792387,0.5644988738891453,0,-0.31632603250270985
192,0.25783891299822115,0,1,0,0,0,0,0,0,1.3814437654609117,-1.1350591687801932,4.01062,9.00113,5.9736,5.7251,0.965501,0.6093178479763296,0.6141078292064682,0.35574320837995516,0.8226447627378597,0.4652579523959893,-0.3641162980958024,-0.11001290069120637,-0.3870370918189913,-0.8669128065047171,-0.5550231802386093,3.696230016392429,1.764720691007243,0,-0.31632603250270985
193,-0.5711069253759088,0,1,0,0,0,0,0,0,1.3903898813091362,-1.1494646171558653,0.650413,2.95346,6.30076,4.01062,5.61958,-0.968352933516125,-0.09502241510700149,-0.2733767149304419,-0.04846616127834014,0.16405749264728964,-0.3641162980958024,-0.11001290069120637,1.4728290102938495,-0.8669128065047171,-0.5550231802386093,2.329529102992471,1.764720691007243,0,-0.31632603250270985
194,-0.6896506772720751,0,1,0,0,0,0,0,0,1.3936694558485938,-1.1497590271501612,0.965501,2.95346,6.30076,5.61958,4.01062,-0.968352933516125,-0.6284119017640938,0.24918839187046324,0.2861298100788047,0.1394664704548378,-0.3641162980958024,-0.11001290069120637,1.4728290102938495,-0.8669128065047171,-0.5550231802386093,2.329529102992471,1.764720691007243,0,-0.31632603250270985
195,0.17681149257637946,0,1,0,0,0,0,0,0,1.397802615201444,-1.1452635652557286,0.650413,0.965501,4.01062,6.30076,5.61958,-0.03852388552599768,-0.09502241510700149,1.3941027057564352,0.9543577528070053,0.7033355374120742,-0.3641162980958024,-0.11001290069120637,-0.3870370918189913,-0.8669128065047171,-0.5550231802386093,2.329529102992471,2.9649425081253407,0,-0.31632603250270985
198,-0.7548149776926794,1,0,0,0,0,0,0,0,1.3069909602529972,-1.0669299638906273,0.48134,0.519965,0.969188,1.82597,2.61301,-1.4057071335632272,-1.2250698756079514,-0.20429185315630377,-0.5055197006581865,0.9325462868450899,-0.3641162980958024,-0.11001290069120637,-0.3870370918189913,-0.8669128065047171,0.4150033169688831,-0.40387272380744554,-0.6357229432289523,4,-0.31632603250270985
199,-0.7532600427964381,1,0,0,0,0,0,0,0,1.3051448178594547,-1.067157768243335,0.477207,0.519965,0.969188,1.82597,2.61301,-1.4057071335632272,-1.6516276615014365,-0.20659579210620072,-0.4331875942905986,0.9071833251883554,-0.3641162980958024,-0.11001290069120637,-0.3870370918189913,-0.8669128065047171,0.4150033169688831,-0.40387272380744554,-0.6357229432289523,4,-0.31632603250270985
200,-0.7387283804767387,1,0,0,0,0,0,0,0,1.3032977111289659,-1.0674498615258488,0.48134,0.477207,0.969188,1.82597,2.61301,-1.4022913919478466,-1.2250698756079514,-0.12868280897792433,-0.31872972946120437,0.9196076917687674,-0.3641162980958024,-0.11001290069120637,-0.3870370918189913,-0.8669128065047171,0.4150033169688831,-0.40387272380744554,-0.6357229432289523,4,-0.31632603250270985
202,-0.6455131749197083,1,0,0,0,0,0,0,0,1.3138215047591209,-1.0992707547575131,4.44167,0.733511,1.78719,0.62499,2.14625,0.7567162959745322,1.6457568165540781,1.142757221399895,1.2589587529367419,1.0496753337624003,-0.3641162980958024,-0.11001290069120637,1.4728290102938495,-0.04389014208798146,1.3850298141763753,0.9628281895925127,-0.6357229432289523,0,-0.31632603250270985
205,-0.24737760642265702,1,0,0,0,0,0,0,0,1.3096648769193946,-1.0761366274872155,0.477207,0.48134,0.519965,0.969188,0.76773,1.1407756971925838,0.35049236745578616,0.007955307427679562,1.2892694560129492,1.6275397568296905,-0.3641162980958024,-0.11001290069120637,-0.3870370918189913,-0.8669128065047171,0.4150033169688831,-0.40387272380744554,-0.6357229432289523,4,-0.31632603250270985
206,-0.4992484665694299,0,1,0,0,0,0,0,0,1.3618587968397953,-1.081007359760304,3.6762,2.00239,3.45921,19.9571,7.1362,1.37638526304845,0.43667220051502464,0.425605291313733,0.9207637915142596,1.000662594324107,-0.3641162980958024,-0.11001290069120637,1.4728290102938495,0.7791325223287542,-0.5550231802386093,-0.40387272380744554,1.764720691007243,0,-0.31632603250270985
208,1.750459783866971,0,1,0,0,0,0,0,0,1.3407909709544361,-1.0791605293507507,3.45921,3.6762,3.36728,1.1565,2.00239,0.8300961996852618,1.329779512815642,1.6663250330911483,1.4250374581893754,1.3313961495568756,-0.3641162980958024,-0.11001290069120637,1.4728290102938495,-0.04389014208798146,-0.5550231802386093,-0.40387272380744554,2.9649425081253407,0,-0.31632603250270985
209,0.367086915700986,0,1,0,0,0,0,0,0,1.3494638256223763,-1.0763377437880437,3.6762,7.1362,1.1565,3.36728,2.00239,-0.2072658203962553,0.023301646349751383,0.425605291313733,0.16945302024927694,-0.13182865866562887,-0.3641162980958024,-0.11001290069120637,1.4728290102938495,0.7791325223287542,-0.5550231802386093,-0.40387272380744554,1.764720691007243,0,-0.31632603250270985
210,0.4487238194356541,0,1,0,0,0,0,0,0,1.3543864351031851,-1.0734933191082443,3.45921,2.00239,1.1565,3.36728,7.1362,-0.2072658203962553,-0.16678628522286124,-0.049454798036037105,-0.2583848267031942,-0.002593009393815326,-0.3641162980958024,-0.11001290069120637,-0.3870370918189913,0.7791325223287542,-0.5550231802386093,-0.40387272380744554,2.9649425081253407,0,-0.31632603250270985
212,-0.1810041212073469,0,1,0,0,0,0,0,0,1.3622023628892397,-1.070736251627763,3.6762,1.1565,3.45921,3.36728,1.12184,0.5767422594486354,0.43667220051502464,0.5673829862310856,0.1882434536355615,-0.07655941871969181,-0.3641162980958024,-0.11001290069120637,1.4728290102938495,-0.8669128065047171,-0.5550231802386093,-0.40387272380744554,4.165164325243438,0,-0.31632603250270985
213,0.33250061881943366,0,1,0,0,0,0,0,0,1.3505457004499608,-1.063252587572769,2.13397,3.6762,3.45921,2.00239,1.12184,0.35578219137073286,0.5778821358799323,0.5586096915479211,0.1882434536355615,0.5940344258772944,-0.3641162980958024,-0.11001290069120637,1.4728290102938495,-0.04389014208798146,-0.5550231802386093,-0.40387272380744554,2.9649425081253407,0,-0.31632603250270985
216,-0.13150053213223917,0,1,0,0,0,0,0,0,1.3498130753666682,-1.0561493052174313,3.36728,1.43307,7.79242,2.36303,1.12184,0.35578219137073286,0.7777537031259792,0.6630279470112691,0.5372421975538252,0.631769465470397,-0.3641162980958024,-0.11001290069120637,3.3326951124066904,-0.04389014208798146,-0.5550231802386093,-0.40387272380744554,1.764720691007243,0,-0.31632603250270985
218,1.9973456724736534,0,1,0,0,0,0,0,0,1.335767590870319,-1.0525716038233288,3.35918,2.13397,3.36728,1.43307,10.9537,1.6838835640316312,1.2548501367950151,1.4814566649899574,1.168067764865725,1.4460511934634308,-0.3641162980958024,-0.11001290069120637,3.3326951124066904,-0.8669128065047171,0.4150033169688831,-0.40387272380744554,1.764720691007243,0,-0.31632603250270985
221,-0.39519612099637513,0,1,0,0,0,0,0,0,1.3537674208601902,-1.0450826795117125,2.36303,2.13397,1.12309,13.4002,1.25865,-0.488003190296071,0.7777537031259792,1.0318274180167557,0.6221664717144182,0.5240072107209878,-0.3641162980958024,-0.11001290069120637,1.4728290102938495,-0.04389014208798146,-0.5550231802386093,-0.40387272380744554,2.9649425081253407,0,-0.31632603250270985
223,-0.04532260149274851,0,1,0,0,0,0,0,0,1.358245351012197,-1.0432997186490578,1.43307,1.12309,1.25865,2.13397,13.4002,-0.488003190296071,1.005195455507668,0.7024638507270747,0.5372421975538252,0.32499783298227064,-0.3641162980958024,-0.11001290069120637,1.4728290102938495,-0.04389014208798146,-0.5550231802386093,-0.40387272380744554,2.9649425081253407,0,-0.31632603250270985
224,-0.7104788289272433,0,1,0,0,0,0,0,0,1.3757277484281485,-1.0398500610129449,2.38347,1.25865,1.33857,1.12309,2.36303,1.4238114984480825,0.5945661035455776,0.09715578432071063,0.11202447674992082,0.47441334712608474,-0.3641162980958024,-0.11001290069120637,1.4728290102938495,-0.04389014208798146,-0.5550231802386093,-0.40387272380744554,2.9649425081253407,0,-0.31632603250270985
225,-0.03763257747165722,0,1,0,0,0,0,0,0,1.3787442294285257,-1.0498673944334451,1.33857,1.25865,1.12309,0.595052,1.12184,-0.950005238471599,-0.35106244185107666,-0.26360861841730915,-0.3422725386355917,-0.16495190338450075,-0.3641162980958024,-0.11001290069120637,1.4728290102938495,-0.8669128065047171,-0.5550231802386093,-0.40387272380744554,4.165164325243438,0,-0.31632603250270985
226,-0.4307493142445715,0,1,0,0,0,0,0,0,1.3755419457927438,-1.0508006849841107,2.38347,1.25865,1.12309,1.12184,0.595052,-0.950005238471599,-1.061512753027744,-0.9135571813679001,-0.3786476315308268,-0.5101829806063162,-0.3641162980958024,-0.11001290069120637,1.4728290102938495,-0.04389014208798146,-0.5550231802386093,-0.40387272380744554,2.9649425081253407,0,-0.31632603250270985
228,-0.4608171576773319,0,1,0,0,0,0,0,0,1.3711955737559376,-1.0499143138295495,1.12309,1.33857,2.38347,1.12184,0.595052,-1.198187594582331,-1.061512753027744,-0.7294744673776907,-0.5992441603551283,-0.5155470166323102,-0.3641162980958024,-0.11001290069120637,1.4728290102938495,-0.04389014208798146,-0.5550231802386093,-0.40387272380744554,2.9649425081253407,0,-0.31632603250270985
229,-0.5118181193358029,0,1,0,0,0,0,0,0,1.3689222381167014,-1.0509772261087384,1.25865,1.33857,1.12184,2.38347,2.36303,-1.198187594582331,-0.563357043895202,-0.6090678488612586,-0.5594847799326287,-0.22905336877049737,-0.3641162980958024,-0.11001290069120637,1.4728290102938495,-0.04389014208798146,-0.5550231802386093,-0.40387272380744554,2.9649425081253407,0,-0.31632603250270985
230,-0.5122883996697737,0,1,0,0,0,0,0,0,1.3684829711066115,-1.0585937216227597,1.12309,1.25865,1.33857,2.38347,2.00239,0.5162101065399972,0.13447997460942057,-0.05963015207799152,0.14073498777911167,-0.07655941871969181,-0.3641162980958024,-0.11001290069120637,-0.3870370918189913,0.7791325223287542,-0.5550231802386093,-0.40387272380744554,2.9649425081253407,0,-0.31632603250270985
234,-0.21645949614607737,1,0,0,0,0,0,0,0,1.58545611782206,-1.4117799261085304,1.28575,0.54893,0.991085,1.39947,0.481357,-0.4533878214806393,0.1609554903254168,-0.1451749746363294,-0.28258351236389134,0.24706230401050644,-0.3641162980958024,-0.11001290069120637,1.4728290102938495,-0.8669128065047171,-0.5550231802386093,-0.40387272380744554,0.5644988738891453,3,-0.31632603250270985
235,0.9510772721833178,1,0,0,0,0,0,0,0,1.5962663090235172,-1.3990517699107394,0.167502,0.240708,1.39947,1.53592,7.00066,0.2597650750709532,-0.3697438378958587,-0.39699184180227554,-0.5918503790271961,-0.7552534001232325,3.2976016351740816,-0.11001290069120637,1.4728290102938495,-0.8669128065047171,-0.5550231802386093,0.9628281895925127,-0.6357229432289523,0,-0.31632603250270985
236,-0.3565014551172535,1,0,0,0,0,0,0,0,1.6058483163252568,-1.400553655446333,0.167502,2.96694,0.240708,5.01145,0.481357,-0.9766893582605096,-0.8784945441244709,-0.9839941148919094,-0.5918503790271961,-0.6839988856466019,2.077028990750787,-0.11001290069120637,-0.3870370918189913,-0.8669128065047171,-0.5550231802386093,-0.40387272380744554,0.5644988738891453,2,-0.31632603250270985
237,-0.8713335143586335,1,0,0,0,0,0,0,0,1.6035507106547924,-1.3983802255767264,0.240708,1.53592,5.01145,2.96694,7.00066,-0.9941603070122856,-1.332304385213872,-0.7759059461295926,-0.8611385648791772,-0.6573393419588212,2.077028990750787,-0.11001290069120637,-0.3870370918189913,-0.8669128065047171,-0.5550231802386093,0.9628281895925127,-0.6357229432289523,2,-0.31632603250270985
238,0.1818829956979211,1,0,0,0,0,0,0,0,1.6069017975157545,-1.405361762242294,1.53592,0.481357,0.167502,1.39947,0.240708,-0.3718402739080009,-0.49117563715871176,-0.6038643510620858,-0.3437207101708768,-0.5653041678034835,3.2976016351740816,-0.11001290069120637,1.4728290102938495,-0.8669128065047171,-0.5550231802386093,-0.40387272380744554,0.5644988738891453,0,-0.31632603250270985
240,-0.40783725637351165,1,0,0,0,0,0,0,0,1.5960552535284465,-1.407675396811231,0.481357,5.01145,2.96694,1.90815,0.54893,-0.10747066583839548,0.03237533540199472,-0.02023371215444778,-0.28258351236389134,-0.453922538000371,-0.3641162980958024,-0.11001290069120637,-0.3870370918189913,-0.8669128065047171,-0.5550231802386093,-0.40387272380744554,0.5644988738891453,3,1.7381456473456194
241,-0.7532536469838961,1,0,0,0,0,0,0,0,1.6017648999707161,-1.4097262880463792,1.39947,2.96694,1.53592,0.167502,5.01145,-0.10747066583839548,-0.49117563715871176,-0.11886650466856612,-0.14243144942151872,-0.35711844874853654,2.077028990750787,-0.11001290069120637,1.4728290102938495,-0.8669128065047171,-0.5550231802386093,-0.40387272380744554,-0.6357229432289523,2,-0.31632603250270985
245,0.3665075303295338,1,0,0,0,0,0,0,0,1.6167084190288825,-1.4187575599219544,4.2807,1.01512,2.96694,0.563292,0.481357,1.8842528152777767,1.7019083929457126,1.2187852871470048,0.7959252707555059,0.4609580791174546,-0.3641162980958024,-0.11001290069120637,-0.3870370918189913,-0.04389014208798146,-0.5550231802386093,-0.40387272380744554,1.764720691007243,2,-0.31632603250270985
246,0.6761513889439581,1,0,0,0,0,0,0,0,1.6162691628771682,-1.4305676283546835,0.563292,1.2948,1.01512,3.45767,1.38806,0.07716153996053912,-0.4132353512076487,-0.5395381963127547,-0.07670281948002376,-0.25142699887210546,-0.3641162980958024,-0.11001290069120637,-0.3870370918189913,-0.04389014208798146,0.4150033169688831,2.329529102992471,0.5644988738891453,0,-0.31632603250270985
248,-0.8437916406556972,1,0,0,0,0,0,0,0,1.6026920973338805,-1.3954874447376346,0.167502,1.53592,5.01145,7.00066,2.96694,-0.9941603070122856,-0.6445889012899348,-0.7456732875640592,-0.9400876808521782,-0.5653041678034835,2.077028990750787,-0.11001290069120637,-0.3870370918189913,-0.8669128065047171,-0.5550231802386093,0.9628281895925127,-0.6357229432289523,2,-0.31632603250270985
251,-0.6764361761117612,1,0,0,0,0,0,0,0,1.585518050251562,-1.3854518844278685,0.602152,6.12337,0.900876,4.09763,7.00066,0.2897784443555094,-0.3236527045782188,0.004691602003772532,-0.283172115513101,-0.2496384103937695,-0.3641162980958024,-0.11001290069120637,1.4728290102938495,-0.8669128065047171,-0.5550231802386093,2.329529102992471,-0.6357229432289523,2,-0.31632603250270985
252,-0.4506214800368439,1,0,0,0,0,0,0,0,1.587671296466947,-1.4159525958554136,1.90815,0.54893,0.991085,1.39947,0.481357,-0.4533878214806393,-0.877822695746043,-1.0765884316165428,-0.1555439136444702,0.10842067781131974,-0.3641162980958024,-0.11001290069120637,1.4728290102938495,-0.8669128065047171,-0.5550231802386093,-0.40387272380744554,0.5644988738891453,2,1.7381456473456194
253,-0.5614816037244607,1,0,0,0,0,0,0,0,1.587626185879524,-1.4213792229964066,0.54893,1.28575,1.90815,0.632633,1.35903,-0.25888999112524635,-0.7513739067611671,-0.1451749746363294,-0.19848632866560584,-0.3013755276214079,2.077028990750787,-0.11001290069120637,-0.3870370918189913,-0.8669128065047171,-0.5550231802386093,-0.40387272380744554,-0.6357229432289523,2,1.7381456473456194
255,-0.42305176573813663,1,0,0,0,0,0,0,0,1.5938851582925588,-1.4320549048728581,0.632633,0.991085,0.54893,1.28575,1.13374,-0.7001473748256717,0.9015366084683332,0.6943704523677056,0.92158097529284,1.098824249741464,0.8564563463274925,-0.11001290069120637,-0.3870370918189913,-0.8669128065047171,-0.5550231802386093,0.9628281895925127,-0.6357229432289523,3,-0.31632603250270985
256,-0.6963399447424764,1,0,0,0,0,0,0,0,1.596413896634006,-1.4289496592644997,1.35903,0.991085,0.54893,1.28575,4.2807,-0.7001473748256717,0.655800270619481,0.16447862286656598,0.5891380481856411,0.8020847656968432,0.8564563463274925,-0.11001290069120637,-0.3870370918189913,-0.8669128065047171,-0.5550231802386093,-0.40387272380744554,-0.6357229432289523,4,-0.31632603250270985
257,-0.589843646329842,1,0,0,0,0,0,0,0,1.5725482630838987,-1.3495426682510816,1.53722,2.26452,1.76024,0.480286,3.98983,-0.18589891141599643,-0.7213360160474783,-0.9737168350338624,-0.7185182661725585,-0.7167311407281924,-0.3641162980958024,-0.11001290069120637,-0.3870370918189913,3.248200515578961,-0.5550231802386093,-0.40387272380744554,-0.6357229432289523,0,-0.31632603250270985
258,-0.08238445405232343,1,0,0,0,0,0,0,0,1.5699508261274993,-1.3445527152214167,0.480286,0.915699,3.98983,3.67544,1.76024,-0.7704554928338455,-0.7213360160474783,-0.7999685430607973,-0.4180660700476797,-0.5071899864114877,-0.3641162980958024,-0.11001290069120637,-0.3870370918189913,3.248200515578961,-0.5550231802386093,-0.40387272380744554,-0.6357229432289523,0,-0.31632603250270985
259,-0.7536565831740423,1,0,0,0,0,0,0,0,1.5715558334964084,-1.3411846652479575,2.26452,3.98983,0.915699,3.67544,2.88253,-0.7704554928338455,-1.1625098983143258,-0.44299325761621305,-0.5953790883698957,-0.686793768631286,-0.3641162980958024,-0.11001290069120637,-0.3870370918189913,3.248200515578961,-0.5550231802386093,-0.40387272380744554,-0.6357229432289523,0,-0.31632603250270985
260,0.5667190363502767,1,0,0,0,0,0,0,0,1.5754176515072154,-1.3401755709844543,0.480286,2.26452,2.88253,1.66101,0.915699,-0.7503830276556989,-0.432360198817054,-0.7825877815653701,-0.6877146154966264,-0.7167311407281924,-0.3641162980958024,-0.11001290069120637,-0.3870370918189913,3.248200515578961,-0.5550231802386093,-0.40387272380744554,-0.6357229432289523,0,-0.31632603250270985
262,-0.3094395615361224,1,0,0,0,0,0,0,0,1.5833393451801778,-1.3444942610995678,0.921307,2.77068,3.98983,2.88253,1.41727,-0.13711378854118628,-0.32685670262198313,-0.4082477339333915,-0.27786567118489186,-0.4689269481933608,-0.3641162980958024,-0.11001290069120637,-0.3870370918189913,3.248200515578961,-0.5550231802386093,-0.40387272380744554,-0.6357229432289523,0,-0.31632603250270985
263,0.15012590530553738,1,0,0,0,0,0,0,0,1.579318973517221,-1.3344236815740376,3.98983,0.480286,1.66101,3.31173,3.98037,0.2494944982263672,0.34911932549739577,0.05404864615409173,-0.23504850954804224,-0.49500129598377096,-0.3641162980958024,-0.11001290069120637,-0.3870370918189913,3.248200515578961,-0.5550231802386093,-0.40387272380744554,-0.6357229432289523,0,-0.31632603250270985
265,0.4484378889925998,1,0,0,0,0,0,0,0,1.5629762323103131,-1.3369646037091547,3.98037,0.535625,0.480286,2.65591,2.26452,0.4814272237625658,-0.011764356308901259,-0.3040962397387656,-0.5178730508886936,-0.6721117269809973,0.8564563463274925,-0.11001290069120637,-0.3870370918189913,2.4251778511622253,-0.5550231802386093,-0.40387272380744554,-0.6357229432289523,0,-0.31632603250270985
266,0.5631599547827852,1,0,0,0,0,0,0,0,1.568047960568022,-1.3311263476143642,3.31173,3.67544,0.332048,0.480286,2.65591,0.17995685098758316,-0.23829982854653223,-0.1435082170013848,-0.3098185966783633,-0.5071008720659347,0.8564563463274925,-0.11001290069120637,-0.3870370918189913,2.4251778511622253,-0.5550231802386093,-0.40387272380744554,-0.6357229432289523,0,-0.31632603250270985
267,0.31160136077776895,1,0,0,0,0,0,0,0,1.5721308452818024,-1.3257447709376409,3.98037,3.27382,2.88253,0.332048,3.67544,0.17995685098758316,0.4694133535192327,0.10234502242895799,0.11585594202570823,0.029845779903120415,2.077028990750787,-0.11001290069120637,-0.3870370918189913,1.6021551867454897,-0.5550231802386093,-0.40387272380744554,-0.6357229432289523,0,-0.31632603250270985
270,2.001092866174733,1,0,0,0,0,0,0,0,1.5715704976947757,-1.3113047544404708,3.27382,6.40242,3.31173,3.67036,0.332048,1.402306706220849,0.9811247707870843,0.8401473389475629,0.5758326689710421,1.03279323664895,2.077028990750787,-0.11001290069120637,-0.3870370918189913,1.6021551867454897,-0.5550231802386093,-0.40387272380744554,-0.6357229432289523,0,-0.31632603250270985
271,0.2973386988091011,1,0,0,0,0,0,0,0,1.5638887574256688,-1.3187455131832615,0.332048,7.80238,3.31173,3.67036,3.98037,1.2130949722090034,0.45262321723149057,-0.01803192611303125,-0.3173333583561273,-0.1640393694422084,0.8564563463274925,-0.11001290069120637,-0.3870370918189913,2.4251778511622253,-0.5550231802386093,-0.40387272380744554,-0.6357229432289523,0,-0.31632603250270985
273,-0.8094273160917792,1,0,0,0,0,0,0,0,1.5584726285776216,-1.3270913847075434,2.65591,0.75069,3.27382,3.98037,5.02087,-0.9012958130418425,-0.02504743241569482,-0.1556882519266605,-0.4530097460541082,-0.5789448241447359,2.077028990750787,-0.11001290069120637,-0.3870370918189913,1.6021551867454897,-0.5550231802386093,-0.40387272380744554,-0.6357229432289523,0,-0.31632603250270985
274,0.06486596187795785,1,0,0,0,0,0,0,0,1.5564064311988883,-1.3297502423445369,0.332048,0.75069,0.535625,0.587073,3.67544,-0.9012958130418425,-0.7839079787886108,-0.632309870443624,-0.7596674724214083,-0.7626951109743708,4.5181742795973765,-0.11001290069120637,-0.3870370918189913,-0.04389014208798146,-0.5550231802386093,-0.40387272380744554,-0.6357229432289523,0,-0.31632603250270985
275,-0.6519240364323989,1,0,0,0,0,0,0,0,1.5514637469866992,-1.332333780834364,0.587073,0.535625,2.65591,2.34474,0.332048,-0.8980344707755752,-0.8249367233490527,-1.1047990418642777,-0.9483617269282624,-0.947847682266387,3.2976016351740816,-0.11001290069120637,-0.3870370918189913,0.7791325223287542,-0.5550231802386093,-0.40387272380744554,-0.6357229432289523,0,-0.31632603250270985
276,-0.713480722355046,1,0,0,0,0,0,0,0,1.5499914620641702,-1.335329120236633,0.75069,0.535625,2.34474,2.65591,0.332048,-0.8980344707755752,-1.0969258679960585,-0.6453753977733352,-0.7596674724214083,-0.4278690620392436,3.2976016351740816,-0.11001290069120637,-0.3870370918189913,0.7791325223287542,-0.5550231802386093,-0.40387272380744554,-0.6357229432289523,0,-0.31632603250270985
278,-0.732836708452752,1,0,0,0,0,0,0,0,1.553942286863957,-1.3369067718213326,0.587073,0.75069,2.65591,3.67544,0.332048,-0.6629709949176594,-0.8249367233490527,-0.632309870443624,-0.7116674851408193,-0.5549394581229021,3.2976016351740816,-0.11001290069120637,-0.3870370918189913,0.7791325223287542,-0.5550231802386093,-0.40387272380744554,-0.6357229432289523,0,-0.31632603250270985
279,-0.05220374333941015,1,0,0,0,0,0,0,0,1.5440813309407841,-1.3303217512513144,5.02087,0.75069,0.587073,1.77842,1.54403,0.3468735199464783,-0.3196647950159925,-0.6453753977733352,-0.48443849133247846,-0.5395718627342883,2.077028990750787,-0.11001290069120637,-0.3870370918189913,0.7791325223287542,-0.5550231802386093,-0.40387272380744554,-0.6357229432289523,1,-0.31632603250270985
281,0.9546213047801223,1,0,0,0,0,0,0,0,1.5476664207664192,-1.3240524535993805,2.34474,0.75069,2.65591,0.332048,2.53202,0.3468735199464783,0.12652264638925656,-0.11329817179555422,-0.3154125051612587,-0.49171699238585687,2.077028990750787,-0.11001290069120637,-0.3870370918189913,0.7791325223287542,-0.5550231802386093,-0.40387272380744554,0.5644988738891453,0,-0.31632603250270985
284,0.4465266697153423,1,0,0,0,0,0,0,0,1.555240677940653,-1.311984398508766,3.27382,4.38177,2.64985,1.08393,5.02087,1.4670507240836042,0.6263527691199441,0.5467470335027335,0.2700814664884985,0.009467973702993158,0.8564563463274925,-0.11001290069120637,-0.3870370918189913,2.4251778511622253,-0.5550231802386093,-0.40387272380744554,-0.6357229432289523,0,-0.31632603250270985
287,-0.28753578470109603,0,1,0,0,0,0,0,0,1.6117852198469027,-1.3089389369973208,2.15388,1.36729,1.89593,7.80238,2.77068,1.8399984410869603,5.127725504873368,5.040929556190253,4.792530825322989,4.153504424054253,-0.3641162980958024,-0.11001290069120637,-0.3870370918189913,0.7791325223287542,-0.5550231802386093,-0.40387272380744554,-0.6357229432289523,3,-0.31632603250270985
288,-0.12400990697275148,0,1,0,0,0,0,0,0,1.6185971576070934,-1.3187319781480789,1.71923,1.36729,1.89593,1.52322,2.77068,1.8399984410869603,3.228414410117996,3.2266063668890674,2.790761967492604,3.582218469502092,-0.3641162980958024,-0.11001290069120637,-0.3870370918189913,0.7791325223287542,-0.5550231802386093,-0.40387272380744554,-0.6357229432289523,3,-0.31632603250270985
289,-0.22105695669097647,0,1,0,0,0,0,0,0,1.6459350761434839,-1.3212663972501082,1.36729,2.15388,1.52322,1.71923,4.42851,-0.2927995349300651,4.21131382999008,3.3508488039693987,4.143254554761694,5.101193113748757,-0.3641162980958024,-0.11001290069120637,-0.3870370918189913,-0.04389014208798146,-0.5550231802386093,-0.40387272380744554,-0.6357229432289523,4,-0.31632603250270985
290,-0.4199441532912573,0,1,0,0,0,0,0,0,1.6417608645712762,-1.3179058650478366,1.89593,2.15388,1.52322,1.71923,4.42851,-0.2927995349300651,3.228414410117996,3.60087988261562,3.2392448973648924,5.701410419408141,-0.3641162980958024,-0.11001290069120637,-0.3870370918189913,-0.04389014208798146,-0.5550231802386093,-0.40387272380744554,-0.6357229432289523,4,-0.31632603250270985
293,1.4743939410980664,1,0,0,0,0,0,0,0,1.5644277495544099,-1.3007398265036456,7.80238,3.67036,1.08393,3.27382,4.38177,2.1067067694270696,1.3856596647406385,0.9381148341612865,1.0901244650840136,0.9708446647028628,0.8564563463274925,-0.11001290069120637,-0.3870370918189913,2.4251778511622253,-0.5550231802386093,-0.40387272380744554,-0.6357229432289523,0,-0.31632603250270985
294,-0.3548573550696914,1,0,0,0,0,0,0,0,1.5316293456953518,-1.3334229305111784,1.54403,1.77842,0.332092,0.401645,2.34474,-0.7140015239443013,-0.18875656725840978,-0.2633697689909309,-0.21070653739658998,-0.3230120122482351,-0.3641162980958024,-0.11001290069120637,-0.3870370918189913,0.7791325223287542,-0.5550231802386093,-0.40387272380744554,-0.6357229432289523,3,-0.31632603250270985
295,-0.3534502763104506,1,0,0,0,0,0,0,0,1.5325717564958765,-1.3296647766201029,1.54029,1.77842,0.332092,2.53202,0.401645,-0.7140015239443013,-1.1127026795038453,-0.9693331937944041,-0.7098744282784722,-0.9201984026331111,0.8564563463274925,-0.11001290069120637,-0.3870370918189913,-0.8669128065047171,-0.5550231802386093,-0.40387272380744554,0.5644988738891453,3,-0.31632603250270985
296,-0.26526707032690827,1,0,0,0,0,0,0,0,1.534715911318438,-1.3262589595182104,1.54403,2.53202,0.332092,1.54029,0.401645,-0.6839987231211277,-0.9612260302963523,-1.1713683835391724,-0.8477278212315722,-0.9391896483361931,0.8564563463274925,-0.11001290069120637,-0.3870370918189913,-0.04389014208798146,-0.5550231802386093,-0.40387272380744554,0.5644988738891453,2,-0.31632603250270985
297,-0.8094107622240235,1,0,0,0,0,0,0,0,1.5298057614175378,-1.3243264204568825,0.401645,1.77842,1.54403,2.53202,1.78221,-0.8334026626428417,-0.8606795104163051,-0.9693331937944041,-1.106161603303029,-1.109084380792496,-0.3641162980958024,-0.11001290069120637,-0.3870370918189913,-0.04389014208798146,-0.5550231802386093,-0.40387272380744554,1.764720691007243,2,-0.31632603250270985
298,0.018255537417438857,1,0,0,0,0,0,0,0,1.5360692714163462,-1.3218673664892644,1.77842,0.332092,1.54403,0.401645,1.42651,-0.482106863848096,-0.5249365869987793,-0.433243287477313,-0.528079477415496,-0.7032305032539847,-0.3641162980958024,-0.11001290069120637,1.4728290102938495,-0.04389014208798146,-0.5550231802386093,-0.40387272380744554,-0.6357229432289523,3,-0.31632603250270985
300,-0.7832432357690837,1,0,0,0,0,0,0,0,1.5261577091586627,-1.3235654634460694,0.332092,1.78221,1.42651,1.77842,1.54403,-0.8334026626428417,-0.8867168085557734,-0.8636102959368396,-0.7123390349625901,-0.9201984026331111,-0.3641162980958024,-0.11001290069120637,1.4728290102938495,-0.04389014208798146,-0.5550231802386093,-0.40387272380744554,0.5644988738891453,2,-0.31632603250270985
301,0.19978374633018758,0,1,0,0,0,0,0,0,1.319523177168863,-0.979986392657386,3.67323,2.81299,4.22507,2.91267,4.01634,0.5190330042584217,-0.003180236227691778,-0.351792444201879,-0.34694226740284856,0.29365741864551137,-0.3641162980958024,-0.11001290069120637,-0.3870370918189913,-0.8669128065047171,2.355056311383868,-0.40387272380744554,-0.6357229432289523,2,-0.31632603250270985
302,0.4476064333621394,0,1,0,0,0,0,0,0,1.3270492203183588,-0.9770292090641314,3.01452,2.91267,4.22507,4.01634,2.81299,0.5190330042584217,-0.19619041491779557,-0.5893650980573174,-0.7164842476144371,-0.3742939268662076,-0.3641162980958024,-0.11001290069120637,-0.3870370918189913,-0.8669128065047171,1.3850298141763753,-0.40387272380744554,0.5644988738891453,2,-0.31632603250270985
303,0.1614653047182425,0,1,0,0,0,0,0,0,1.329597073531785,-0.9843436067200768,0.980033,2.81299,3.67323,3.01452,1.79677,0.3943216815371212,-0.23087825874143858,-0.5951834266986746,-0.34694226740284856,-0.2282373998660208,-0.3641162980958024,-0.11001290069120637,1.4728290102938495,-0.8669128065047171,2.355056311383868,-0.40387272380744554,0.5644988738891453,0,-0.31632603250270985
305,-0.6129622513235818,0,1,0,0,0,0,0,0,1.3422737756443623,-0.9776053053555187,1.79677,0.833334,0.980033,4.01634,2.91267,0.703294797010592,0.3941669972870291,-0.05930936118500011,-0.21860303510157825,-0.05084344641963077,-0.3641162980958024,-0.11001290069120637,1.4728290102938495,-0.8669128065047171,0.4150033169688831,-0.40387272380744554,-0.6357229432289523,3,-0.31632603250270985
307,0.5766927416731302,0,1,0,0,0,0,0,0,1.3330136175443985,-0.9707230709498956,0.833334,3.67323,4.22507,0.85425,3.89939,-0.7090945548844845,-0.018030175314783868,0.06777628058534833,-0.21860303510157825,-0.21281113637767068,-0.3641162980958024,-0.11001290069120637,-0.3870370918189913,-0.04389014208798146,2.355056311383868,-0.40387272380744554,-0.6357229432289523,1,-0.31632603250270985
308,0.655222032960919,0,1,0,0,0,0,0,0,1.3214728002422964,-0.9713379563217848,3.67323,3.01452,4.01634,5.18272,3.89939,0.5464949913035593,0.08450183831046847,0.06777628058534833,-0.19163874147339272,-0.22218455808773088,-0.3641162980958024,-0.11001290069120637,-0.3870370918189913,-0.8669128065047171,2.355056311383868,-0.40387272380744554,0.5644988738891453,1,-0.31632603250270985
309,-0.6208313580958493,0,1,0,0,0,0,0,0,1.3366985509178149,-0.9689530275472172,4.01634,0.85425,3.67323,3.89939,4.22507,-0.7090945548844845,0.3941669972870291,0.3436313181413521,0.21655036213097578,0.08630715310403486,-0.3641162980958024,-0.11001290069120637,-0.3870370918189913,-0.04389014208798146,2.355056311383868,-0.40387272380744554,-0.6357229432289523,1,-0.31632603250270985
310,0.5326933136268175,0,1,0,0,0,0,0,0,1.3264785962800285,-0.9596007467409157,5.18272,3.23386,4.22507,4.01634,0.833334,0.3661578240019674,0.9695076795941047,0.4550866563162634,0.08800251809389474,-0.09614295726022185,-0.3641162980958024,-0.11001290069120637,-0.3870370918189913,-0.8669128065047171,2.355056311383868,-0.40387272380744554,-0.6357229432289523,2,-0.31632603250270985
311,1.0155132024226678,0,1,0,0,0,0,0,0,1.3188641148174676,-0.9603999659186269,5.46517,3.89939,3.23386,4.22507,1.66496,0.05943414092664215,-0.32478485322640943,0.05988415909820679,-0.19163874147339272,-0.3975311449988417,-0.3641162980958024,-0.11001290069120637,1.4728290102938495,-0.8669128065047171,2.355056311383868,-0.40387272380744554,0.5644988738891453,0,-0.31632603250270985
312,1.1217777466867216,0,1,0,0,0,0,0,0,1.3122139747982853,-0.9607055342892137,5.18272,1.66496,3.23386,3.89939,4.22507,0.05943414092664215,0.3598562014870179,0.4356135693426935,0.21954323634247003,-0.038098731114064095,-0.3641162980958024,-0.11001290069120637,1.4728290102938495,-0.8669128065047171,3.32508280859136,-0.40387272380744554,-0.6357229432289523,0,-0.31632603250270985
313,-0.5200310950882698,1,0,0,0,0,0,0,0,1.29190434175842,-0.9858553118940185,0.834624,1.02789,0.182791,1.04786,2.23758,-0.7748517798290666,-0.6964973997469378,-0.7678477635329889,-0.8932247950020403,-0.023773805274552823,-0.3641162980958024,-0.11001290069120637,-0.3870370918189913,1.6021551867454897,-0.5550231802386093,-0.40387272380744554,1.764720691007243,0,-0.31632603250270985
314,-0.5476346695710229,1,0,0,0,0,0,0,0,1.290389702632207,-0.9803850450299584,0.834624,1.10126,0.182791,3.7464,2.23758,-0.5707749978378683,-0.6964973997469378,-0.5199359191976095,-0.6980149232882047,-0.7942732632865284,0.8564563463274925,-0.11001290069120637,-0.3870370918189913,0.7791325223287542,-0.5550231802386093,-0.40387272380744554,1.764720691007243,0,-0.31632603250270985
315,-0.2761286649202991,1,0,0,0,0,0,0,0,1.278245141280744,-0.9785713956778571,2.23758,3.7464,0.182791,0.834624,1.02789,-0.6062446269273446,0.17093398541767593,-0.16108424375326286,-0.22219936608719468,-0.4157142928613503,0.8564563463274925,-0.11001290069120637,-0.3870370918189913,0.7791325223287542,-0.5550231802386093,-0.40387272380744554,1.764720691007243,0,-0.31632603250270985
316,-0.09251993581006329,1,0,0,0,0,0,0,0,1.2816940716419352,-0.9758980017190891,1.74955,3.7464,1.02789,0.834624,0.182791,-0.6062446269273446,-0.8547288673809776,-0.2559179641948023,-0.33822390439645644,-0.5446957678146218,0.8564563463274925,-0.11001290069120637,-0.3870370918189913,-0.04389014208798146,0.4150033169688831,-0.40387272380744554,1.764720691007243,0,-0.31632603250270985
317,0.47513476299145707,1,0,0,0,0,0,0,0,1.2859969029692746,-0.9729235986384398,2.23758,1.02789,1.74955,0.834624,2.12029,-0.3401647866977361,0.005995390409697564,-0.2768462888955432,-0.12886852586377456,-0.3682084816218776,-0.3641162980958024,-0.11001290069120637,-0.3870370918189913,1.6021551867454897,0.4150033169688831,-0.40387272380744554,0.5644988738891453,0,-0.31632603250270985
318,-0.6203460287911914,1,0,0,0,0,0,0,0,1.288373160641807,-0.9842477000919402,1.10126,0.182791,1.02789,1.04786,2.23758,-0.7748517798290666,-1.072867876824326,-1.316238994016846,-0.3964942429069039,-0.5996481228412429,-0.3641162980958024,-0.11001290069120637,-0.3870370918189913,2.4251778511622253,-0.5550231802386093,-0.40387272380744554,0.5644988738891453,0,-0.31632603250270985
319,-0.8655814215377692,1,0,0,0,0,0,0,0,1.2845653614020511,-0.986307128141134,0.834624,1.10126,1.02789,1.74955,2.23758,-0.6309059037405899,-0.3953166983199575,-0.5199359191976095,-0.46859177593738105,-0.5446957678146218,-0.3641162980958024,-0.11001290069120637,-0.3870370918189913,1.6021551867454897,0.4150033169688831,-0.40387272380744554,0.5644988738891453,0,-0.31632603250270985
321,16.077004633101563,0,1,0,0,0,0,0,0,1.4077123454988603,-1.127366718931733,2.95346,3.16883,0.650413,0.965501,9.67065,4.606485601068026,4.22588393091912,3.285232058034429,2.858046238489948,2.76075314732878,-0.3641162980958024,-0.11001290069120637,1.4728290102938495,-0.8669128065047171,-0.5550231802386093,-0.40387272380744554,4.165164325243438,0,-0.31632603250270985
323,-0.3079534756807745,0,1,0,0,0,0,0,0,1.3119688587143643,-0.9507455863827813,3.23386,5.46517,4.30022,5.18272,3.85834,0.0565049840003659,0.3598562014870179,0.21704381869349315,-0.11552649074456764,-0.20229800574941534,-0.3641162980958024,-0.11001290069120637,-0.3870370918189913,-0.8669128065047171,1.3850298141763753,-0.40387272380744554,0.5644988738891453,2,-0.31632603250270985
324,0.2823047770927208,0,1,0,0,0,0,0,0,1.3185091967326714,-0.9496285293332233,1.66496,5.18272,3.89939,5.46517,4.30022,0.0565049840003659,0.5592705918454544,0.41560472742671695,0.06041078455037258,-0.23011162966780976,-0.3641162980958024,-0.11001290069120637,1.4728290102938495,-0.8669128065047171,1.3850298141763753,-0.40387272380744554,0.5644988738891453,1,-0.31632603250270985
326,-0.18755418569889298,0,1,0,0,0,0,0,0,1.3158264353831384,-0.9364994882315323,4.30022,3.85834,1.39981,3.23386,1.66496,-0.20371420486017586,0.8580500935998551,0.442227024892994,0.2151345696180697,0.12979062130686037,-0.3641162980958024,-0.11001290069120637,1.4728290102938495,-0.8669128065047171,0.4150033169688831,-0.40387272380744554,-0.6357229432289523,3,-0.31632603250270985
327,0.6834952866392469,0,1,0,0,0,0,0,0,1.3108480603159682,-0.939277061740412,1.98498,3.85834,1.39981,1.66496,3.23386,-0.20371420486017586,-0.426444365450232,-0.030981778421075214,-0.13336226975107343,-0.23011162966780976,-0.3641162980958024,-0.11001290069120637,1.4728290102938495,-0.8669128065047171,0.4150033169688831,-0.40387272380744554,-0.6357229432289523,3,-0.31632603250270985
328,0.5172493074592148,0,1,0,0,0,0,0,0,1.303761627171748,-0.9405626180321937,4.30022,2.41805,1.39981,1.98498,1.66496,0.23066348845231507,0.05692213659793658,-0.3199811550200763,-0.0430095495385559,-0.20229800574941534,-0.3641162980958024,-0.11001290069120637,1.4728290102938495,-0.8669128065047171,0.4150033169688831,-0.40387272380744554,-0.6357229432289523,3,-0.31632603250270985
330,-0.40770934012267157,0,1,0,0,0,0,0,0,1.3034552651077065,-0.9315787907018689,2.41805,3.85834,4.30022,2.26944,1.98498,-0.19997905127796334,0.12118841702812354,-0.030981778421075214,-0.10871444603996247,-0.23253167775199396,-0.3641162980958024,-0.11001290069120637,-0.3870370918189913,-0.8669128065047171,1.3850298141763753,-0.40387272380744554,-0.6357229432289523,3,-0.31632603250270985
331,-0.024622742312687563,0,1,0,0,0,0,0,0,1.2980812817398315,-0.9336413490437138,1.39981,2.26944,3.85834,4.30022,0.806713,-0.19997905127796334,-0.03245013885424318,-0.3757070717684718,0.18497897447110728,0.2691358649768405,-0.3641162980958024,-0.11001290069120637,-0.3870370918189913,-0.8669128065047171,0.4150033169688831,-0.40387272380744554,0.5644988738891453,3,-0.31632603250270985
332,-0.08053343065781422,0,1,0,0,0,0,0,0,1.2916749683986366,-0.9278112564837115,0.806713,2.41805,1.39981,3.85834,4.30022,0.3719692127660274,-0.03245013885424318,0.24484576825765797,0.9074615079561441,1.2566620614161115,-0.3641162980958024,-0.11001290069120637,-0.3870370918189913,-0.8669128065047171,0.4150033169688831,-0.40387272380744554,0.5644988738891453,3,-0.31632603250270985
336,0.2555928541231764,1,0,0,0,0,0,0,0,1.275160482206235,-0.9665505298665923,2.12029,2.12292,1.11066,2.23758,3.7464,-0.351528829186124,0.12111445682897606,-0.29860011523781776,-0.1989014477879598,-0.3354668945871188,0.8564563463274925,-0.11001290069120637,-0.3870370918189913,1.6021551867454897,-0.5550231802386093,-0.40387272380744554,0.5644988738891453,0,-0.31632603250270985
337,-0.1366472801072163,1,0,0,0,0,0,0,0,1.2790068803384012,-0.9631220427706669,3.16286,2.12292,3.7464,1.11066,2.23758,-0.351528829186124,0.4261678685544806,0.27360486268103557,-0.010150710122512271,-0.15654486551797459,0.8564563463274925,-0.11001290069120637,-0.3870370918189913,1.6021551867454897,-0.5550231802386093,-0.40387272380744554,0.5644988738891453,0,-0.31632603250270985
339,-0.1356578102845415,1,0,0,0,0,0,0,0,1.2685929128079259,-0.9599901836157771,1.11066,3.16286,2.12029,0.619798,6.2224,-0.5787768715969125,0.12111445682897606,-0.05553050668683085,-0.36164383309036036,-0.4161537722628212,-0.3641162980958024,-0.11001290069120637,-0.3870370918189913,1.6021551867454897,0.4150033169688831,-0.40387272380744554,0.5644988738891453,0,-0.31632603250270985
340,-0.516494586976809,1,0,0,0,0,0,0,0,1.2660037579541539,-0.9635117941132849,2.12292,0.619798,3.16286,2.12029,6.2224,-0.5787768715969125,-0.16106201199028636,-0.29860011523781776,-0.010150710122512271,-0.29771065638685884,-0.3641162980958024,-0.11001290069120637,-0.3870370918189913,2.4251778511622253,0.4150033169688831,-0.40387272380744554,-0.6357229432289523,0,-0.31632603250270985
344,-0.7011687832116892,1,0,0,0,0,0,0,0,1.2577870964992928,-0.9619875245059929,0.377171,1.40964,1.11066,6.2224,2.12292,0.14660311525254383,-0.38831277806144077,-0.5647232468977137,-0.7293214369352272,-0.6209037141445873,-0.3641162980958024,-0.11001290069120637,-0.3870370918189913,0.7791325223287542,1.3850298141763753,-0.40387272380744554,0.5644988738891453,0,-0.31632603250270985
345,1.4066660485209201,1,0,0,0,0,0,0,0,1.25833352279608,-0.9536512065912179,1.40964,0.619798,0.377171,1.22804,2.12292,0.12807209027527755,-0.034729255925231475,-0.43693505537295896,-0.20705837919441708,-0.4161537722628212,-0.3641162980958024,-0.11001290069120637,-0.3870370918189913,-0.04389014208798146,3.32508280859136,-0.40387272380744554,-0.6357229432289523,0,-0.31632603250270985
346,-0.4040110555763248,1,0,0,0,0,0,0,0,1.2525393446982311,-0.957126498193699,0.377171,6.2224,0.619798,1.22804,1.11066,-1.2344075363988454,-0.5034172621748756,-0.7617745961639438,-0.9005355482944948,0.031653455179113735,-0.3641162980958024,-0.11001290069120637,-0.3870370918189913,-0.04389014208798146,2.355056311383868,-0.40387272380744554,0.5644988738891453,0,-0.31632603250270985
348,-0.7924509484839658,1,0,0,0,0,0,0,0,1.251523607790871,-0.9591839708249382,1.40964,0.619798,1.22804,6.2224,1.11066,-1.2344075363988454,-0.489513692313049,-0.45249481613740494,-0.7131473658134538,0.04852833805911272,-0.3641162980958024,-0.11001290069120637,-0.3870370918189913,-0.04389014208798146,2.355056311383868,-0.40387272380744554,0.5644988738891453,0,-0.31632603250270985
350,-0.47233338249561013,1,0,0,0,0,0,0,0,1.2465375383019943,-0.952240687269859,1.40964,0.377171,1.54007,6.2224,2.12364,0.4559023703969364,-0.03163383522207752,-0.05532599813330564,-0.20705837919441708,-0.3128658109362586,-0.3641162980958024,-0.11001290069120637,-0.3870370918189913,0.7791325223287542,1.3850298141763753,-0.40387272380744554,0.5644988738891453,0,-0.31632603250270985
351,-0.3549401244084702,1,0,0,0,0,0,0,0,1.2373828038609695,-0.9466379913231345,2.12364,1.08102,0.384008,0.346771,1.22804,-0.5221279678327395,-0.38989674370581573,-0.4598777521444479,-0.5729934424226435,-0.6328729083142688,-0.3641162980958024,-0.11001290069120637,-0.3870370918189913,-0.8669128065047171,3.32508280859136,-0.40387272380744554,0.5644988738891453,0,-0.31632603250270985
352,-0.5276458742559258,1,0,0,0,0,0,0,0,1.2332659886668886,-0.9523658473125917,0.384008,0.346771,2.12364,0.610053,1.54007,-1.3905898644525205,-1.4476336873759106,-1.6411244468924169,-1.6278458748643774,-1.2024008690074721,-0.3641162980958024,-0.11001290069120637,-0.3870370918189913,-0.04389014208798146,2.355056311383868,-0.40387272380744554,0.5644988738891453,0,-0.31632603250270985
353,-0.8038881662061369,1,0,0,0,0,0,0,0,1.2332129796058122,-0.9549501824962658,0.384008,0.610053,1.08102,2.12364,1.54007,-1.694371864506046,-1.7863334008207659,-1.6803220584901537,-1.298681224494413,-0.8127215875806353,-0.3641162980958024,-0.11001290069120637,-0.3870370918189913,-0.04389014208798146,2.355056311383868,-0.40387272380744554,0.5644988738891453,0,-0.31632603250270985
354,-0.704835088695326,1,0,0,0,0,0,0,0,1.2323528143834992,-0.9558435160721692,0.346771,0.384008,1.08102,2.12364,1.54007,-1.5818305638810375,-1.5860958226579207,-1.468685448961939,-1.1063955922161721,-0.6150484690036242,-0.3641162980958024,-0.11001290069120637,-0.3870370918189913,-0.04389014208798146,2.355056311383868,-0.40387272380744554,0.5644988738891453,0,-0.31632603250270985
355,-0.7898787031692788,1,0,0,0,0,0,0,0,1.2335109690340396,-0.9541390905423438,0.346771,1.08102,0.610053,2.12364,1.54007,-1.694371864506046,-1.642848168450138,-1.8003839225327174,-1.455942294338206,-0.9583834358995601,-0.3641162980958024,-0.11001290069120637,-0.3870370918189913,-0.04389014208798146,2.355056311383868,-0.40387272380744554,0.5644988738891453,0,-0.31632603250270985
356,-0.13538692881217435,1,0,0,0,0,0,0,0,1.2338941808407657,-0.9496595940558139,1.08102,1.54007,0.384008,0.346771,0.610053,-1.0701529070243432,-0.9912533070325582,-1.2747837588288045,-1.298681224494413,-1.2968297266155648,-0.3641162980958024,-0.11001290069120637,-0.3870370918189913,-0.04389014208798146,3.32508280859136,-0.40387272380744554,-0.6357229432289523,0,-0.31632603250270985
357,0.5575241152604786,1,0,0,0,0,0,0,0,1.225360963806853,-0.9442040011446028,2.12364,1.08102,1.54007,0.384008,0.346771,1.1828373669210712,0.6174204745390325,0.21507285296349346,0.056320233692216726,-0.15723312677163273,-0.3641162980958024,-0.11001290069120637,-0.3870370918189913,-0.04389014208798146,2.355056311383868,-0.40387272380744554,0.5644988738891453,0,-0.31632603250270985
360,0.15641261281005964,1,0,0,0,0,0,0,0,0.37128940095141577,-0.9280891029199011,3.98861,2.48771,1.25042,2.58801,2.48277,1.4304731318297927,0.624684710352899,0.2244919510362044,0.275616824879827,0.09546677637423448,-0.3641162980958024,-0.11001290069120637,1.4728290102938495,-0.04389014208798146,-0.5550231802386093,-0.40387272380744554,0.5644988738891453,2,-0.31632603250270985
361,0.0015850401388399968,1,0,0,0,0,0,0,0,0.37090936941185454,-0.9170512689707134,1.25042,2.67864,2.21751,2.89924,0.828373,-0.8323859600477905,0.12252837321797751,-0.19915449153774642,-0.22240598911174245,-0.3450177579957901,-0.3641162980958024,-0.11001290069120637,1.4728290102938495,-0.8669128065047171,0.4150033169688831,0.9628281895925127,-0.6357229432289523,1,1.7381456473456194
362,-0.463913483396196,1,0,0,0,0,0,0,0,0.37464678148637043,-0.9169729379217179,2.48771,2.67864,3.98861,2.89924,1.77293,-0.8323859600477905,0.3133651917113244,0.21446915079789178,-0.12675912659607702,-0.2793836519715617,-0.3641162980958024,-0.11001290069120637,-0.3870370918189913,0.7791325223287542,-0.5550231802386093,0.9628281895925127,0.5644988738891453,0,1.7381456473456194
364,0.5662600427443211,1,0,0,0,0,0,0,0,0.382217507672612,-0.9260382598798889,0.7705,2.89924,1.25042,1.77293,2.48771,1.1262412819715804,0.4737560939445877,0.21446915079789178,-0.09468823079256179,-0.009475607057758772,-0.3641162980958024,-0.11001290069120637,1.4728290102938495,-0.04389014208798146,-0.5550231802386093,-0.40387272380744554,0.5644988738891453,1,1.7381456473456194
367,-0.1197999574230444,1,0,0,0,0,0,0,0,0.3784931504427358,-0.902933483157793,1.58005,2.32669,2.67864,1.86303,1.25042,-0.4923807635725222,-0.2446328554464218,-0.27370155292346404,-0.2951028778806541,0.09512967581350032,-0.3641162980958024,-0.11001290069120637,3.3326951124066904,-0.8669128065047171,-0.5550231802386093,2.329529102992471,0.5644988738891453,0,-0.31632603250270985
368,-0.3398986782067466,1,0,0,0,0,0,0,0,0.37780468533127043,-0.898440664563935,2.16507,2.32669,2.67864,1.86303,2.00878,-0.4923807635725222,-0.216559793228698,0.2993943550124901,0.4556927687305966,0.46532498600832833,-0.3641162980958024,-0.11001290069120637,1.4728290102938495,-0.8669128065047171,-0.5550231802386093,2.329529102992471,0.5644988738891453,1,-0.31632603250270985
370,-0.4085144600544297,1,0,0,0,0,0,0,0,0.40539752769136117,-0.9261269706967141,0.508884,0.281145,0.864053,1.4242,2.47399,-0.9287915161675164,-0.847255270834063,-0.5853588043589313,-0.6690740276554276,-0.7312644004649433,-0.3641162980958024,-0.11001290069120637,1.4728290102938495,-0.8669128065047171,-0.5550231802386093,0.9628281895925127,-0.6357229432289523,2,1.7381456473456194
371,-0.6025769566524367,1,0,0,0,0,0,0,0,0.4135771428642242,-0.9322719195246747,1.4242,0.281145,0.864053,1.39767,0.508884,-0.12734836646963882,-0.4199034712276926,-0.3457022697938049,-0.4539185529943115,-0.2754144374234054,-0.3641162980958024,-0.11001290069120637,1.4728290102938495,-0.8669128065047171,-0.5550231802386093,0.9628281895925127,-0.6357229432289523,2,1.7381456473456194
372,-0.5268971879642442,1,0,0,0,0,0,0,0,0.4051772231326718,-0.9135531717533771,0.942256,1.01172,2.47399,0.591801,2.14418,-0.3754987933996212,-0.6104292164118589,-0.38886995549543046,-0.5665109729175423,-0.7922481480470539,-0.3641162980958024,-0.11001290069120637,1.4728290102938495,-0.8669128065047171,-0.5550231802386093,-0.40387272380744554,-0.6357229432289523,2,3.7926173271939483
374,-0.5798522584664308,1,0,0,0,0,0,0,0,0.40893841851633866,-0.9169583546976755,1.08301,0.508884,0.864053,0.281145,1.01172,-0.3754987933996212,-0.3520897071002689,-0.6233314816402771,-0.5654933723725516,-0.7249687615952374,-0.3641162980958024,-0.11001290069120637,1.4728290102938495,-0.8669128065047171,-0.5550231802386093,-0.40387272380744554,-0.6357229432289523,4,-0.31632603250270985
375,-0.6092741248324488,1,0,0,0,0,0,0,0,0.4131447901537919,-0.9234138297599462,0.281145,0.942256,0.508884,1.39767,0.881854,-0.858332494215752,-0.2286523446265323,-0.5990717296397847,-0.844732468905066,-0.8665155324020033,-0.3641162980958024,-0.11001290069120637,1.4728290102938495,-0.8669128065047171,-0.5550231802386093,-0.40387272380744554,-0.6357229432289523,2,3.7926173271939483
377,-0.8285782599638738,1,0,0,0,0,0,0,0,0.41077854963836014,-0.9260180961129897,0.864053,1.39767,0.508884,0.881854,1.4242,-0.858332494215752,-0.847255270834063,-0.9015273549388939,-1.0254188352693,-0.873749518660491,-0.3641162980958024,-0.11001290069120637,1.4728290102938495,-0.8669128065047171,-0.5550231802386093,0.9628281895925127,-0.6357229432289523,1,3.7926173271939483
379,-0.0035767568068239704,1,0,0,0,0,0,0,0,0.39817613048014777,-0.919224505786529,0.591801,0.508884,1.08301,0.7705,1.39767,0.41581631389697593,-0.2784299781185324,-0.38886995549543046,-0.6313918153492986,-0.7312644004649433,-0.3641162980958024,-0.11001290069120637,1.4728290102938495,-0.8669128065047171,-0.5550231802386093,-0.40387272380744554,-0.6357229432289523,2,3.7926173271939483
380,-0.7117019340198347,1,0,0,0,0,0,0,0,0.39540650060905086,-0.9123783548479261,1.364,2.47399,1.77293,1.86303,0.7705,-0.4196187436611521,-0.28752678011199323,-0.560732649407985,-0.642229391481021,-0.8560671492308933,-0.3641162980958024,-0.11001290069120637,3.3326951124066904,-0.04389014208798146,-0.5550231802386093,-0.40387272380744554,-0.6357229432289523,1,1.7381456473456194
381,-0.6444710336996289,1,0,0,0,0,0,0,0,0.38870747417798834,-0.9187373225850353,1.77293,1.86303,2.47399,0.591801,3.98861,-0.8732799762442821,-0.05830477488846425,-0.34471743335343963,-0.6207526389822109,-0.7590917194752629,-0.3641162980958024,-0.11001290069120637,1.4728290102938495,0.7791325223287542,-0.5550231802386093,-0.40387272380744554,-0.6357229432289523,0,3.7926173271939483
382,-0.2673325415537083,1,0,0,0,0,0,0,0,0.38770152628867194,-0.9154990585279411,0.7705,1.86303,0.591801,1.364,2.47399,-0.8732799762442821,-0.8843471664066707,-0.560732649407985,-0.6414159032778761,-0.590182883421203,-0.3641162980958024,-0.11001290069120637,3.3326951124066904,-0.8669128065047171,-0.5550231802386093,-0.40387272380744554,-0.6357229432289523,1,3.7926173271939483
383,-0.23343473508108925,1,0,0,0,0,0,0,0,0.38612942989190085,-0.9108417647020415,1.77293,1.364,0.7705,0.591801,2.16507,-0.37964079498077374,-0.3818405198564433,-0.47562144729610545,-0.642229391481021,-0.5605120977841234,-0.3641162980958024,-0.11001290069120637,1.4728290102938495,-0.04389014208798146,-0.5550231802386093,-0.40387272380744554,0.5644988738891453,1,1.7381456473456194
385,-0.42118193113026847,1,0,0,0,0,0,0,0,0.3929800168507737,-0.9081927778390162,0.591801,1.86303,2.14418,1.77293,2.32669,-0.4196187436611521,-0.3818405198564433,-0.36019036067676136,-0.6414159032778761,-0.5515437874935278,-0.3641162980958024,-0.11001290069120637,3.3326951124066904,-0.04389014208798146,-0.5550231802386093,0.9628281895925127,-0.6357229432289523,0,1.7381456473456194
387,-0.5537182159712698,1,0,0,0,0,0,0,0,0.40615006018965083,-0.9076204870302007,2.14418,1.08301,8.78538,0.942256,0.591801,-0.3352724384646511,-0.6104292164118589,-0.6300172605400474,-0.47630523940176556,-0.4813492952751022,-0.3641162980958024,-0.11001290069120637,1.4728290102938495,-0.8669128065047171,-0.5550231802386093,-0.40387272380744554,0.5644988738891453,2,1.7381456473456194
388,-0.1276592823643653,1,0,0,0,0,0,0,0,0.40167824506711736,-0.9048464300272365,1.01172,5.64762,1.364,1.08301,0.591801,-0.3352724384646511,-0.0486653663635928,-0.36019036067676136,-0.5504353076169566,-0.7502026815403701,-0.3641162980958024,-0.11001290069120637,1.4728290102938495,-0.04389014208798146,-0.5550231802386093,-0.40387272380744554,-0.6357229432289523,2,1.7381456473456194
389,1.1904198642331072,1,0,0,0,0,0,0,0,0.39752962949826753,-0.8975154668540724,2.14418,2.00878,3.95455,2.32669,1.364,0.7341767686769857,0.0030051636024992,-0.3573659879206001,-0.18850677272172836,-0.4174543321380315,-0.3641162980958024,-0.11001290069120637,5.192561214519531,-0.8669128065047171,-0.5550231802386093,0.9628281895925127,-0.6357229432289523,1,-0.31632603250270985
390,-0.17860004814008804,1,0,0,0,0,0,0,0,0.3931834160455405,-0.8900444069032568,5.64762,2.32669,3.95455,1.58005,2.14418,0.8030445408323337,0.8588609691989387,0.5230846225795909,0.8351894302049518,0.48954780620468447,-0.3641162980958024,-0.11001290069120637,3.3326951124066904,-0.04389014208798146,-0.5550231802386093,0.9628281895925127,0.5644988738891453,0,-0.31632603250270985
391,0.5534458442042832,1,0,0,0,0,0,0,0,0.40628032306472556,-0.8942553605999103,5.64762,1.5867,2.45789,2.14418,8.78538,0.9030983095739175,0.2336681118907498,-0.16717526504471453,-0.1490910778718289,-0.22082501176666847,-0.3641162980958024,-0.11001290069120637,1.4728290102938495,1.6021551867454897,-0.5550231802386093,-0.40387272380744554,0.5644988738891453,0,-0.31632603250270985
393,-0.009633967508368625,1,0,0,0,0,0,0,0,0.41155473166585216,-0.8858955105790958,0.713396,0.501115,1.5867,3.95455,2.18779,-0.7760304371314695,-0.7872655553294681,-1.0790774706033404,-0.4739917720299513,-0.506225077374113,-0.3641162980958024,-0.11001290069120637,1.4728290102938495,-0.04389014208798146,-0.5550231802386093,-0.40387272380744554,0.5644988738891453,2,-0.31632603250270985
394,-0.3373967868300216,1,0,0,0,0,0,0,0,0.4153060008196627,-0.890019175117266,0.501115,2.45789,0.713396,3.95455,2.18779,-0.21401757526664875,-0.7542444073623403,-0.3909433026408069,-0.5229946394168123,-0.3629357943211889,-0.3641162980958024,-0.11001290069120637,1.4728290102938495,-0.04389014208798146,-0.5550231802386093,-0.40387272380744554,0.5644988738891453,2,-0.31632603250270985
395,-0.6659549442524861,1,0,0,0,0,0,0,0,0.4112622061758068,-0.8822356512562693,2.45789,0.501115,1.5867,2.18779,2.97059,-0.7760304371314695,-0.5934245702381099,-0.3909433026408069,-0.4938820855209055,-0.45258222831508266,-0.3641162980958024,-0.11001290069120637,-0.3870370918189913,0.7791325223287542,-0.5550231802386093,-0.40387272380744554,1.764720691007243,1,-0.31632603250270985
396,-0.7458202079130192,1,0,0,0,0,0,0,0,0.4170960268575831,-0.8848946636128004,2.45789,1.5867,0.713396,2.18779,2.97059,-0.2502480003543909,-0.7600823721569737,-0.9396290258655015,-1.068671171796824,-0.5753995692053648,-0.3641162980958024,-0.11001290069120637,-0.3870370918189913,0.7791325223287542,-0.5550231802386093,-0.40387272380744554,1.764720691007243,1,-0.31632603250270985
398,2.370921320809411,1,0,0,0,0,0,0,0,0.4136378831022572,-0.9048622747521692,1.01172,2.14418,1.08301,3.95455,0.942256,0.4840089928544085,0.6604016452129853,0.26782424299798574,0.07917263481783512,-0.1822788054988933,-0.3641162980958024,-0.11001290069120637,3.3326951124066904,-0.8669128065047171,-0.5550231802386093,-0.40387272380744554,-0.6357229432289523,3,-0.31632603250270985
399,-0.3544811308025147,1,0,0,0,0,0,0,0,0.4311377867914484,-0.8944440715156757,0.241159,1.59391,1.92733,1.28928,1.43768,-1.3340666982583878,-1.1328661498700985,-0.6587420864608334,-0.3140599822031932,0.24148331542576978,-0.3641162980958024,-0.11001290069120637,-0.3870370918189913,-0.8669128065047171,-0.5550231802386093,-0.40387272380744554,0.5644988738891453,2,3.7926173271939483
400,-0.8436219635112006,1,0,0,0,0,0,0,0,0.43050610338256834,-0.8925741525122876,1.59391,1.54129,1.92733,1.28928,1.43768,-1.3506238167434121,-1.6004396243487802,-1.0701165897048577,-0.5010461313727297,-0.00698037486139267,-0.3641162980958024,-0.11001290069120637,-0.3870370918189913,-0.8669128065047171,-0.5550231802386093,-0.40387272380744554,0.5644988738891453,1,5.847089007042277
401,-0.33468420986367775,1,0,0,0,0,0,0,0,0.4297714906982001,-0.8907916908378197,0.241159,1.92733,1.54129,1.28928,1.43768,-1.3506238167434121,-1.1903953596010939,-1.4073840656153214,-0.602284709897396,-0.21020345762938195,-0.3641162980958024,-0.11001290069120637,-0.3870370918189913,-0.8669128065047171,-0.5550231802386093,-0.40387272380744554,0.5644988738891453,2,3.7926173271939483
403,-0.20924351470162864,1,0,0,0,0,0,0,0,0.42980038295150547,-0.8871569881472435,1.59391,0.241159,1.54129,1.28928,1.43768,-0.7875494665446392,-0.7439102124611865,-0.6587420864608334,-0.8457888589744083,-0.6946759754393795,-0.3641162980958024,-0.11001290069120637,-0.3870370918189913,-0.8669128065047171,-0.5550231802386093,-0.40387272380744554,0.5644988738891453,2,3.7926173271939483
404,-0.4492934083737102,1,0,0,0,0,0,0,0,0.43798101455819866,-0.886050357716605,1.43768,1.92733,1.59391,0.241159,0.786467,-0.06059309162872168,-0.1862342949584633,-0.31188555792227024,-0.5010461313727297,-0.6338086538706758,-0.3641162980958024,-0.11001290069120637,-0.3870370918189913,-0.04389014208798146,-0.5550231802386093,-0.40387272380744554,0.5644988738891453,1,3.7926173271939483
406,0.18325621427311595,1,0,0,0,0,0,0,0,0.42030200728130224,-0.8747587425156175,2.18779,4.23473,2.80056,0.501115,0.713396,-0.3981299945459819,0.09020321169165245,-0.14139455485537022,-0.311506256838319,-0.45258222831508266,-0.3641162980958024,-0.11001290069120637,-0.3870370918189913,-0.04389014208798146,-0.5550231802386093,-0.40387272380744554,1.764720691007243,2,-0.31632603250270985
407,-0.11125214207279017,1,0,0,0,0,0,0,0,0.4211080621152308,-0.8795268671072138,2.97059,0.501115,0.713396,4.23473,2.45789,-0.3981299945459819,-0.4761676764375967,-0.18961089664336378,-0.35014771339059014,-0.506225077374113,-0.3641162980958024,-0.11001290069120637,-0.3870370918189913,0.7791325223287542,-0.5550231802386093,-0.40387272380744554,0.5644988738891453,2,-0.31632603250270985
410,-0.6384638608256188,1,0,0,0,0,0,0,0,0.43270035768617243,-0.8770940043840093,4.23473,1.43768,1.28928,1.92733,5.34228,-0.27314841519118577,-0.7752286656978168,-0.05648896361083041,-0.33939807080963214,-0.5121457517527164,-0.3641162980958024,-0.11001290069120637,-0.3870370918189913,0.7791325223287542,-0.5550231802386093,-0.40387272380744554,0.5644988738891453,1,1.7381456473456194
411,0.6588563593818458,1,0,0,0,0,0,0,0,0.4295402144595473,-0.8728040986069181,0.786467,2.80056,2.97059,5.34228,2.18779,-0.27314841519118577,-0.30651285987388,-0.34684872789739307,-0.5228773053045893,-0.6104700008269098,-0.3641162980958024,-0.11001290069120637,-0.3870370918189913,0.7791325223287542,-0.5550231802386093,-0.40387272380744554,2.9649425081253407,0,-0.31632603250270985
412,0.11928680212506478,1,0,0,0,0,0,0,0,0.4258731795386613,-0.866425754223987,4.23473,2.51838,2.97059,5.34228,0.786467,0.3905111928536476,0.26223155584553515,-0.14139455485537022,-0.22052293684339824,-0.2567873054814807,-0.3641162980958024,-0.11001290069120637,-0.3870370918189913,1.6021551867454897,0.4150033169688831,-0.40387272380744554,0.5644988738891453,0,-0.31632603250270985
414,-0.15956686246361967,0,1,0,0,0,0,0,0,1.1009062378501655,-1.0164315398975055,7.53938,7.40798,12.6714,1.99617,4.02389,1.0936522362557917,0.5892735679702307,1.5460624405927756,1.0712849349584181,1.3507209955696018,-0.3641162980958024,-0.11001290069120637,-0.3870370918189913,-0.8669128065047171,0.4150033169688831,0.9628281895925127,1.764720691007243,1,-0.31632603250270985
416,-0.03740684291135124,1,0,0,0,0,0,0,0,1.1515370982000512,-0.9722425022423657,0.820007,2.78324,2.2317,0.986776,0.501517,-0.4531003407722516,0.3110209276807627,0.4591301761440992,0.31832435192910263,0.09220227057411909,-0.3641162980958024,-0.11001290069120637,3.3326951124066904,-0.8669128065047171,0.4150033169688831,-0.40387272380744554,1.764720691007243,0,-0.31632603250270985
417,-0.625845298904513,1,0,0,0,0,0,0,0,1.1544456081706196,-0.9760245406953747,2.38407,2.78324,2.2317,0.986776,0.501517,-0.4531003407722516,-0.8301914988653242,0.2905266650073198,0.005875994866566773,-0.24959623132140754,-0.3641162980958024,-0.11001290069120637,3.3326951124066904,-0.8669128065047171,0.4150033169688831,-0.40387272380744554,0.5644988738891453,1,-0.31632603250270985
422,-0.4984057242109541,1,0,0,0,0,0,0,0,1.156261592625121,-0.9917224703216138,2.78324,0.820007,1.29047,0.577929,2.38407,1.8519563056902009,1.7874180739326644,1.650982419058164,1.4438585279674776,1.0321133337386441,-0.3641162980958024,-0.11001290069120637,-0.3870370918189913,-0.8669128065047171,1.3850298141763753,-0.40387272380744554,1.764720691007243,1,-0.31632603250270985
423,0.11277059781756474,1,0,0,0,0,0,0,0,1.1577502176372785,-0.9800872108862834,0.820007,2.38407,1.29047,0.577929,1.15874,-0.30746076943031575,0.3110209276807627,-0.10353584665031135,-0.2703946728801392,-0.37920159538049875,-0.3641162980958024,-0.11001290069120637,-0.3870370918189913,-0.8669128065047171,1.3850298141763753,-0.40387272380744554,1.764720691007243,1,-0.31632603250270985
424,-0.4488457014957699,1,0,0,0,0,0,0,0,1.1679588528857727,-0.9770962178141614,0.577929,0.383243,0.501517,0.561515,0.986776,-1.3339016380446895,-1.209432395189702,-1.0942001407984816,-1.2410714899154613,-1.290130192157942,-0.3641162980958024,-0.11001290069120637,1.4728290102938495,-0.8669128065047171,3.32508280859136,-0.40387272380744554,-0.6357229432289523,0,-0.31632603250270985
425,-0.7169209170541095,1,0,0,0,0,0,0,0,1.1679964061242298,-0.9751349347349825,0.383243,1.29047,0.501517,0.561515,0.986776,-1.4306959639377914,-1.6003157819701002,-1.4996897904523743,-1.5911336375391714,-1.609687083778198,-0.3641162980958024,-0.11001290069120637,1.4728290102938495,-0.8669128065047171,3.32508280859136,-0.40387272380744554,-0.6357229432289523,0,-0.31632603250270985
426,-0.7901665147336691,1,0,0,0,0,0,0,0,1.1687090154110862,-0.9736090300140691,0.577929,0.561515,0.501517,0.986776,1.29047,-1.4306959639377914,-1.5637435017943293,-1.7215986897652047,-1.641616990627628,-1.7741860013282174,-0.3641162980958024,-0.11001290069120637,1.4728290102938495,-0.8669128065047171,3.32508280859136,-0.40387272380744554,-0.6357229432289523,0,-0.31632603250270985
427,-0.7230962621755477,1,0,0,0,0,0,0,0,1.1696348618756505,-0.9716840179393473,0.383243,0.501517,0.986776,0.577929,2.2317,-1.2851571900972931,-1.4772298142710465,-1.5534016267714277,-1.5911336375391714,-1.4453406030099025,-0.3641162980958024,-0.11001290069120637,3.3326951124066904,-0.8669128065047171,2.355056311383868,-0.40387272380744554,-0.6357229432289523,0,-0.31632603250270985
428,-0.7456689657576142,1,0,0,0,0,0,0,0,1.1670053651537318,-0.9718272969218349,0.986776,0.383243,0.561515,0.577929,2.2317,-1.6069349942904267,-1.4952362341893233,-1.7059851479422485,-1.6553327797510882,-1.7501156503477397,-0.3641162980958024,-0.11001290069120637,3.3326951124066904,-0.8669128065047171,2.355056311383868,-0.40387272380744554,-0.6357229432289523,0,-0.31632603250270985
429,-0.563102754091725,1,0,0,0,0,0,0,0,1.1663409612669993,-0.9708890624537557,0.501517,2.2317,0.561515,0.383243,0.577929,-1.6069349942904267,-1.449584366322558,-1.5534016267714277,-1.641616990627628,-1.609687083778198,-0.3641162980958024,-0.11001290069120637,1.4728290102938495,-0.8669128065047171,3.32508280859136,-0.40387272380744554,-0.6357229432289523,0,-0.31632603250270985
430,-0.09473213450106213,1,0,0,0,0,0,0,0,1.1645863193189694,-0.9689026498708713,0.986776,0.501517,0.561515,0.383243,0.577929,-1.133003044663122,-1.1749325286189047,-1.0650789956930689,-1.1563169282629095,-1.185476318736821,-0.3641162980958024,-0.11001290069120637,1.4728290102938495,-0.8669128065047171,3.32508280859136,-0.40387272380744554,-0.6357229432289523,0,-0.31632603250270985
432,-0.004148617692932597,1,0,0,0,0,0,0,0,1.1791422028132763,-0.9679561871325326,1.19493,1.42291,0.561515,2.61259,0.383243,-0.16820758227979693,0.03263201284222019,-0.1807932786164306,-0.3910991887563808,-0.4543103092136131,-0.3641162980958024,-0.11001290069120637,-0.3870370918189913,-0.04389014208798146,1.3850298141763753,-0.40387272380744554,1.764720691007243,0,-0.31632603250270985
433,-0.48479016798183006,1,0,0,0,0,0,0,0,1.1758675222024884,-0.9633503943039254,2.61259,2.47247,2.72767,2.91831,0.561515,-0.4665184244376185,-0.7257117726545798,-0.13134097540929962,-0.40569705460768235,-0.6437162177263254,-0.3641162980958024,-0.11001290069120637,-0.3870370918189913,1.6021551867454897,0.4150033169688831,-0.40387272380744554,0.5644988738891453,0,-0.31632603250270985
434,0.048567926623864,1,0,0,0,0,0,0,0,1.1729865195002407,-0.9596005108414442,1.19493,2.91831,2.72767,2.47247,2.2317,-0.4665184244376185,-0.6539010026991223,-0.2145831993824747,-0.3910991887563808,-0.30077012737275527,-0.3641162980958024,-0.11001290069120637,1.4728290102938495,0.7791325223287542,-0.5550231802386093,-0.40387272380744554,1.764720691007243,0,-0.31632603250270985
435,0.16358720958511902,1,0,0,0,0,0,0,0,1.172465112735247,-0.9537963169789729,2.61259,2.72767,2.98586,1.19493,2.47247,-0.07249639551941475,0.14719245438871292,-0.1260100889264645,-0.40569705460768235,0.26316983325563587,-0.3641162980958024,-0.11001290069120637,-0.3870370918189913,1.6021551867454897,-0.5550231802386093,-0.40387272380744554,1.764720691007243,0,-0.31632603250270985
436,0.09186381529055643,1,0,0,0,0,0,0,0,1.1820452764533342,-0.9553414664690826,2.98586,2.91831,2.61259,1.19493,1.42291,0.3267662571884244,0.14719245438871292,-0.2145831993824747,-0.4422228756902125,-0.6472277845589969,-0.3641162980958024,-0.11001290069120637,-0.3870370918189913,1.6021551867454897,-0.5550231802386093,-0.40387272380744554,1.764720691007243,0,-0.31632603250270985
437,0.18900115883290391,1,0,0,0,0,0,0,0,1.1812897510356357,-0.9483296033504123,2.72767,2.91831,2.61259,0.920661,1.19493,0.3267662571884244,0.34488682624762373,0.6784521680266102,0.6635099619109542,0.3277389152706351,-0.3641162980958024,-0.11001290069120637,-0.3870370918189913,1.6021551867454897,-0.5550231802386093,-0.40387272380744554,1.764720691007243,0,-0.31632603250270985
439,-0.3990185595508903,1,0,0,0,0,0,0,0,1.187422040688839,-0.9641577491688426,0.920661,0.908234,2.47247,2.72767,1.19493,0.48673725859404,-0.11125474456780453,-0.3967692742976767,-0.3906483356346755,-0.5294513160652111,-0.3641162980958024,-0.11001290069120637,-0.3870370918189913,-0.04389014208798146,-0.5550231802386093,-0.40387272380744554,4.165164325243438,0,-0.31632603250270985
440,-0.5879768215161113,1,0,0,0,0,0,0,0,1.193480376343017,-0.9591888552937322,0.908234,1.42291,2.72767,2.98586,2.47247,-1.1811410231069908,-0.23431578339313647,0.18561294069981818,0.6635099619109542,0.3568375422198146,-0.3641162980958024,-0.11001290069120637,-0.3870370918189913,0.7791325223287542,-0.5550231802386093,-0.40387272380744554,2.9649425081253407,0,-0.31632603250270985
441,-0.5926521604843159,1,0,0,0,0,0,0,0,1.195292527099052,-0.9609290261077563,0.920661,1.42291,2.72767,2.47247,2.98586,-1.1811410231069908,-0.11125474456780453,0.6584550215489189,0.8358779131573458,0.7245167076811236,-0.3641162980958024,-0.11001290069120637,-0.3870370918189913,0.7791325223287542,-0.5550231802386093,-0.40387272380744554,2.9649425081253407,0,-0.31632603250270985
443,-0.5172808956952082,1,0,0,0,0,0,0,0,0.18238258231004661,-0.48338693220090917,0.520073,2.84766,3.94605,2.95646,1.47891,-0.1706284940128148,-0.04092067743093122,-0.20869374809346286,-0.0021516430894257046,-0.0943966007233007,-0.3641162980958024,-0.11001290069120637,-0.3870370918189913,-0.8669128065047171,-0.5550231802386093,-0.40387272380744554,0.5644988738891453,4,-0.31632603250270985
444,0.13700696510908644,1,0,0,0,0,0,0,0,0.17544424539171974,-0.4781781924832008,2.35218,3.94605,1.10857,6.17467,0.520073,0.28963198682696134,-0.17094463510599556,-0.460547527330925,0.2021595526427392,-0.04486019070882609,-0.3641162980958024,-0.11001290069120637,-0.3870370918189913,-0.8669128065047171,-0.5550231802386093,-0.40387272380744554,-0.6357229432289523,5,-0.31632603250270985
445,-0.04940463479161551,1,0,0,0,0,0,0,0,0.16995468478857478,-0.473524499025806,2.84766,3.55895,0.5943,6.17467,3.94605,0.28963198682696134,0.1440724537859705,0.11525612163627465,-0.20598729569853697,-0.39159599785875066,-0.3641162980958024,-0.11001290069120637,-0.3870370918189913,-0.04389014208798146,-0.5550231802386093,-0.40387272380744554,-0.6357229432289523,4,-0.31632603250270985
447,0.5502479379332815,1,0,0,0,0,0,0,0,0.18238694933304941,-0.4738746672437083,2.84766,1.10857,6.17467,2.95646,2.35218,0.5711999069223145,0.24953135186373554,-0.12991758866798303,-0.17761930705131954,-0.39159599785875066,-0.3641162980958024,-0.11001290069120637,-0.3870370918189913,-0.8669128065047171,-0.5550231802386093,-0.40387272380744554,-0.6357229432289523,5,-0.31632603250270985
448,0.17794016537790938,1,0,0,0,0,0,0,0,0.1938021234252685,-0.4774847046639817,0.877322,3.94605,1.10857,0.551358,0.520073,0.9527336076726477,0.6829448477795746,0.36504517035380835,0.12204860239601303,-0.14684811383923863,-0.3641162980958024,-0.11001290069120637,1.4728290102938495,-0.04389014208798146,-0.5550231802386093,-0.40387272380744554,-0.6357229432289523,3,-0.31632603250270985
450,0.6991537406391404,1,0,0,0,0,0,0,0,0.2030892192213342,-0.46029850571258896,5.09528,2.95646,0.877322,3.94605,6.17467,3.1237017404323364,2.6378530169911794,2.309780719653608,2.154724794380636,1.7689399625935622,-0.3641162980958024,-0.11001290069120637,1.4728290102938495,-0.8669128065047171,-0.5550231802386093,-0.40387272380744554,-0.6357229432289523,3,1.7381456473456194
451,-0.7386877482558837,1,0,0,0,0,0,0,0,0.18555908874022894,-0.48804208091006496,1.10857,1.47891,0.712156,0.551358,2.95646,-0.1706284940128148,0.007514243397411184,0.2391416598143757,0.035820928151197924,-0.14684811383923863,-0.3641162980958024,-0.11001290069120637,1.4728290102938495,-0.04389014208798146,-0.5550231802386093,-0.40387272380744554,0.5644988738891453,2,-0.31632603250270985
457,-0.6042820050312815,1,0,0,0,0,0,0,0,0.20227862628183535,-0.4816526006703384,1.14455,0.551358,2.95646,1.47891,0.729984,0.2262440746762469,0.007924822085652266,-0.3250742385164463,-0.00278147161191095,-0.0911117625224087,-0.3641162980958024,-0.11001290069120637,1.4728290102938495,0.7791325223287542,-0.5550231802386093,-0.40387272380744554,0.5644988738891453,1,-0.31632603250270985
458,-0.5037443465621912,1,0,0,0,0,0,0,0,0.2023556101957844,-0.4883917622637405,0.551358,0.877322,0.729984,1.47891,0.712156,-0.8070207314257467,-0.4297601900340995,-0.7971322381983335,-0.749677433584422,-0.9478938131827316,-0.3641162980958024,-0.11001290069120637,3.3326951124066904,0.7791325223287542,-0.5550231802386093,-0.40387272380744554,0.5644988738891453,0,-0.31632603250270985
459,-0.7269175720572612,1,0,0,0,0,0,0,0,0.19872636929168083,-0.48950320798421965,1.14455,1.47891,0.712156,0.729984,0.877322,-0.8070207314257467,-0.9367342512296047,-1.0730367769057916,-1.2000533049233866,-0.924843137108614,-0.3641162980958024,-0.11001290069120637,5.192561214519531,-0.04389014208798146,-0.5550231802386093,-0.40387272380744554,0.5644988738891453,0,-0.31632603250270985
460,-0.3779500005889961,1,0,0,0,0,0,0,0,0.19404805552870524,-0.4911231274771368,0.712156,0.551358,0.729984,1.14455,0.520073,-0.7725201522409926,-0.9367342512296047,-0.6391790993917944,-0.749677433584422,-0.9251295954087001,-0.3641162980958024,-0.11001290069120637,3.3326951124066904,0.7791325223287542,-0.5550231802386093,-0.40387272380744554,-0.6357229432289523,1,-0.31632603250270985
461,-0.6664214623437852,1,0,0,0,0,0,0,0,0.1960068822261386,-0.4943145064425034,1.47891,0.729984,0.551358,1.14455,0.520073,-0.7725201522409926,-0.9480932779737861,-1.0730367769057916,-0.7219294959917237,-0.3959382720286111,-0.3641162980958024,-0.11001290069120637,1.4728290102938495,0.7791325223287542,-0.5550231802386093,-0.40387272380744554,0.5644988738891453,1,-0.31632603250270985
463,-0.6597141361085593,1,0,0,0,0,0,0,0,0.2008918848968379,-0.4949932972871812,0.712156,0.551358,1.14455,1.47891,0.877322,-0.46460320372855335,-0.6470743116073254,-0.7971322381983335,-0.8924468617748325,-0.0911117625224087,-0.3641162980958024,-0.11001290069120637,5.192561214519531,-0.04389014208798146,-0.5550231802386093,-0.40387272380744554,0.5644988738891453,0,-0.31632603250270985
465,-0.830686620757132,1,0,0,0,0,0,0,0,0.18851723095428266,-0.5163590087972145,1.14017,3.22267,5.02264,0.0795524,0.649015,0.1719267675593892,-0.1621341348284006,-0.3843817821305282,0.05067030983169991,-0.21435651674393658,-0.3641162980958024,-0.11001290069120637,-0.3870370918189913,-0.8669128065047171,-0.5550231802386093,-0.40387272380744554,0.5644988738891453,4,-0.31632603250270985
466,0.27809482754301373,1,0,0,0,0,0,0,0,0.1936070194394706,-0.5101436166508533,1.79903,0.275541,5.02264,1.14017,1.18915,0.27090616523688543,-0.1621341348284006,-0.36394584321372486,0.13606801164557114,-0.112412907561168,-0.3641162980958024,-0.11001290069120637,-0.3870370918189913,-0.8669128065047171,-0.5550231802386093,-0.40387272380744554,0.5644988738891453,4,-0.31632603250270985
468,-0.25751308818039687,1,0,0,0,0,0,0,0,0.20090436614956675,-0.5109216740273391,3.22267,5.02264,1.18915,0.649015,0.275541,0.27090616523688543,-0.16990460905728788,-0.42271758114107233,0.08035912459466553,-0.19280485509673595,-0.3641162980958024,-0.11001290069120637,-0.3870370918189913,-0.8669128065047171,-0.5550231802386093,-0.40387272380744554,0.5644988738891453,4,-0.31632603250270985
469,0.9552872217330248,1,0,0,0,0,0,0,0,0.19760876158370327,-0.5180856911534432,0.649015,1.18915,0.0795524,1.79903,1.14017,-0.08803419727532397,-0.5179850434204452,-0.6610130233415599,-0.833235636772985,-0.970495491145373,-0.3641162980958024,-0.11001290069120637,-0.3870370918189913,-0.8669128065047171,-0.5550231802386093,-0.40387272380744554,-0.6357229432289523,5,-0.31632603250270985
470,-0.4869647442461113,1,0,0,0,0,0,0,0,0.20438235785277797,-0.5187783998267386,2.62281,5.02264,0.649015,0.729989,1.79903,-0.49763982846890464,-0.5179850434204452,-0.8567587873711089,-0.7979819625752321,-0.9284836103555203,-0.3641162980958024,-0.11001290069120637,-0.3870370918189913,-0.04389014208798146,-0.5550231802386093,-0.40387272380744554,1.764720691007243,2,-0.31632603250270985
471,-0.6901766387975881,1,0,0,0,0,0,0,0,0.1996961714592678,-0.5235221617040461,0.0795524,0.729989,5.02264,1.18915,2.62281,-1.0825569901770922,-1.2546146588364497,-1.0021773170240154,-1.085342175826661,-1.1028991163043596,-0.3641162980958024,-0.11001290069120637,-0.3870370918189913,-0.04389014208798146,-0.5550231802386093,-0.40387272380744554,1.764720691007243,2,-0.31632603250270985
472,-0.9044222881671157,1,0,0,0,0,0,0,0,0.19764955566824505,-0.5254686377079344,0.649015,0.729989,0.894581,5.02264,1.14017,-1.0825569901770922,-1.1357613103796278,-0.6696705030388317,-0.9118037312344217,-1.116002580822489,-0.3641162980958024,-0.11001290069120637,-0.3870370918189913,-0.8669128065047171,-0.5550231802386093,-0.40387272380744554,1.764720691007243,3,-0.31632603250270985
473,-0.5053922088524252,1,0,0,0,0,0,0,0,0.19030389656849506,-0.5227158080705888,0.275541,0.0795524,5.02264,0.649015,0.540793,0.1719267675593892,-0.26606267843835163,-0.47493088492857755,-0.6392475822629283,-0.5679486301483629,-0.3641162980958024,-0.11001290069120637,-0.3870370918189913,-0.04389014208798146,-0.5550231802386093,-0.40387272380744554,0.5644988738891453,3,-0.31632603250270985
476,-0.6597122549872234,1,0,0,0,0,0,0,0,0.20166148844662377,-0.526348710463464,0.649015,0.0795524,0.894581,2.62281,2.06488,-0.873142551628514,-1.1357613103796278,-1.3013383147214357,-0.9993797531899675,-1.0684761873492785,-0.3641162980958024,-0.11001290069120637,-0.3870370918189913,0.7791325223287542,-0.5550231802386093,-0.40387272380744554,-0.6357229432289523,3,-0.31632603250270985
477,0.05241293863440964,1,0,0,0,0,0,0,0,0.20756143733477306,-0.5221836297148058,1.18915,2.06488,0.729989,0.649015,0.894581,-0.49763982846890464,-0.808804256269036,-0.7597959493303035,-0.89271811788785,-0.8390498191353308,-0.3641162980958024,-0.11001290069120637,-0.3870370918189913,-0.04389014208798146,-0.5550231802386093,-0.40387272380744554,0.5644988738891453,3,-0.31632603250270985
478,-0.7428973215813235,1,0,0,0,0,0,0,0,0.40495645896210136,-0.9229514206056102,1.39767,0.281145,0.942256,2.47399,0.864053,-0.9287915161675164,-0.5494835673527951,-0.7303652190653848,-0.9166630266543301,-1.0703817268523521,-0.3641162980958024,-0.11001290069120637,-0.3870370918189913,-0.8669128065047171,-0.5550231802386093,-0.40387272380744554,-0.6357229432289523,3,3.7926173271939483
479,-0.7308923814399829,1,0,0,0,0,0,0,0,0.1925717712952701,-0.5331153253390053,0.0795524,0.894581,1.14017,0.729989,0.649015,0.9656509799947308,0.5124403494324711,0.02536334486510905,-0.25465967506517445,-0.3850470809587375,-0.3641162980958024,-0.11001290069120637,-0.3870370918189913,-0.8669128065047171,-0.5550231802386093,-0.40387272380744554,0.5644988738891453,4,-0.31632603250270985
482,-0.5977887504040791,1,0,0,0,0,0,0,0,0.20349083495889966,-0.5303678280873576,1.21227,0.729989,2.06488,0.0795524,0.649015,-0.7093285005319341,-1.0105681893691179,-0.7674997880215855,-0.9194790215182342,-1.063886745068322,-0.3641162980958024,-0.11001290069120637,-0.3870370918189913,0.7791325223287542,-0.5550231802386093,-0.40387272380744554,0.5644988738891453,2,-0.31632603250270985
483,-0.1574938667514761,1,0,0,0,0,0,0,0,0.2098485701336974,-0.5269139209506398,1.60131,2.62281,0.894581,1.21227,0.729989,-0.4572290364062058,-0.808804256269036,-0.7674997880215855,-0.9763606841820857,-1.0684761873492785,-0.3641162980958024,-0.11001290069120637,-0.3870370918189913,1.6021551867454897,-0.5550231802386093,-0.40387272380744554,0.5644988738891453,1,-0.31632603250270985
484,-0.3319001502865703,1,0,0,0,0,0,0,0,0.2132617467201416,-0.5302870398893347,2.06488,3.36049,1.21227,1.6218,0.894581,-0.4572290364062058,-0.5051391876423518,-0.728910953864014,-0.8020363793906972,-0.8185253284409203,-0.3641162980958024,-0.11001290069120637,-0.3870370918189913,2.4251778511622253,-0.5550231802386093,-0.40387272380744554,-0.6357229432289523,1,-0.31632603250270985
485,-0.4782664391889864,1,0,0,0,0,0,0,0,0.20636649944560512,-0.533153940180957,0.894581,1.6218,2.06488,1.60131,0.729989,-0.7093285005319341,-1.0638246304161607,-0.7338311824984688,-0.9719986545438218,-0.9965697811239641,-0.3641162980958024,-0.11001290069120637,-0.3870370918189913,1.6021551867454897,-0.5550231802386093,-0.40387272380744554,0.5644988738891453,1,-0.31632603250270985
486,-0.3241913150521201,1,0,0,0,0,0,0,0,0.20841642676113864,-0.5368351377598911,1.21227,3.36049,0.894581,1.60131,2.06488,-0.6188528391873351,-0.15309289582102575,-0.542060105559529,-0.8020363793906972,-0.6709579506037159,-0.3641162980958024,-0.11001290069120637,-0.3870370918189913,2.4251778511622253,-0.5550231802386093,-0.40387272380744554,-0.6357229432289523,1,-0.31632603250270985
487,0.32994605604530397,1,0,0,0,0,0,0,0,0.2167521501052268,-0.5358269482524247,1.60131,1.28817,1.6218,1.6645,1.21227,0.12577706502896288,-0.3190947638983408,-0.5578131487679655,-0.8195631964857215,-0.658565022394766,-0.3641162980958024,-0.11001290069120637,-0.3870370918189913,1.6021551867454897,0.4150033169688831,-0.40387272380744554,-0.6357229432289523,1,-0.31632603250270985
488,-0.30812653884367575,1,0,0,0,0,0,0,0,0.22179809995494407,-0.5421249349236309,1.28817,1.37086,0.859368,3.36049,2.47006,-0.5515280925787214,-0.6367687757989154,-0.6909963176579251,-0.8195631964857215,-0.9101572967208503,-0.3641162980958024,-0.11001290069120637,-0.3870370918189913,-0.04389014208798146,1.3850298141763753,-0.40387272380744554,0.5644988738891453,1,-0.31632603250270985
489,-0.44971101731027624,1,0,0,0,0,0,0,0,0.21723915262904264,-0.5430037404531555,1.6645,3.36049,2.47006,1.37086,1.6218,-0.5515280925787214,-0.3190947638983408,-0.5983831863967222,-0.7627731087717795,-0.6200770844159076,-0.3641162980958024,-0.11001290069120637,-0.3870370918189913,0.7791325223287542,1.3850298141763753,-0.40387272380744554,0.5644988738891453,0,-0.31632603250270985
492,0.5065720627567405,1,0,0,0,0,0,0,0,0.2068675536308495,-0.554372402454734,1.79546,1.82927,4.64962,3.40487,2.47006,0.30524275000179657,-0.2884571717258598,0.06347787962456235,-0.24840584520839115,-0.2748690181448945,-0.3641162980958024,-0.11001290069120637,-0.3870370918189913,-0.8669128065047171,0.4150033169688831,0.9628281895925127,1.764720691007243,1,-0.31632603250270985
493,-0.25885620881421756,1,0,0,0,0,0,0,0,0.19944008865450788,-0.5549975154294927,3.82996,4.64962,3.40487,1.82927,2.47006,0.30524275000179657,0.4041132145633602,0.16649887595692314,0.3878892272894407,0.8972312331201563,-0.3641162980958024,-0.11001290069120637,-0.3870370918189913,-0.8669128065047171,1.3850298141763753,0.9628281895925127,0.5644988738891453,1,-0.31632603250270985
494,0.814948045590779,1,0,0,0,0,0,0,0,0.20117676770392412,-0.5449854329676314,1.79546,1.6218,3.82996,1.21227,0.540793,1.3376513637423324,0.5160824167935332,0.06347787962456235,0.1065565408450824,0.06989909428929121,-0.3641162980958024,-0.11001290069120637,-0.3870370918189913,1.6021551867454897,0.4150033169688831,-0.40387272380744554,0.5644988738891453,0,-0.31632603250270985
495,-0.24613606634097404,1,0,0,0,0,0,0,0,0.21456000188439175,-0.5530814563567383,2.47006,3.82996,1.28817,1.89692,1.37086,-0.274230585696875,-0.2884571717258598,-0.02326264780047573,-0.33677676951489793,-0.505779452096334,-0.3641162980958024,-0.11001290069120637,-0.3870370918189913,-0.8669128065047171,1.3850298141763753,0.9628281895925127,0.5644988738891453,1,-0.31632603250270985
496,-0.005055318176828324,1,0,0,0,0,0,0,0,0.21934323941087042,-0.5504246148911456,1.82927,1.37086,1.43553,1.28817,1.89692,-0.274230585696875,-0.6669886130475265,-0.7609860248139415,-0.8562792372952731,-1.0590025560057628,-0.3641162980958024,-0.11001290069120637,-0.3870370918189913,-0.8669128065047171,1.3850298141763753,2.329529102992471,-0.6357229432289523,1,-0.31632603250270985
497,-0.41860103265743653,1,0,0,0,0,0,0,0,0.2245968211968038,-0.5474051750562853,0.859368,1.43553,2.47006,1.6645,1.28817,-0.6040667015262705,-0.9303760129680476,-1.0034171227933484,-1.1921310655312385,-0.9849628902047679,-0.3641162980958024,-0.11001290069120637,-0.3870370918189913,-0.8669128065047171,1.3850298141763753,0.9628281895925127,0.5644988738891453,1,-0.31632603250270985
498,-0.6110367355241716,1,0,0,0,0,0,0,0,0.22861584031652654,-0.5455462892491055,1.37086,1.43553,1.6645,2.47006,1.89692,-0.6040667015262705,-0.501132475761601,-0.6909963176579251,-0.42690334495782145,-0.5590720158570797,-0.3641162980958024,-0.11001290069120637,-0.3870370918189913,-0.8669128065047171,1.3850298141763753,2.329529102992471,0.5644988738891453,0,-0.31632603250270985
499,1.633976988506399,1,0,0,0,0,0,0,0,0.23841364706750004,-0.570844922522132,5.25713,3.91817,1.89692,7.21866,1.43553,2.8371411772796002,2.1783718612479746,1.8978983541506254,1.665502446943704,1.395474527178181,-0.3641162980958024,-0.11001290069120637,-0.3870370918189913,-0.8669128065047171,-0.5550231802386093,2.329529102992471,-0.6357229432289523,1,3.7926173271939483
501,0.5397588053643956,1,0,0,0,0,0,0,0,0.21984335935170668,-0.5706836087975874,3.40487,1.89692,5.25713,7.21866,6.82659,2.9748977181451037,1.7860167958204638,1.2269953654920265,0.7673470932922186,0.5894648069515832,-0.3641162980958024,-0.11001290069120637,-0.3870370918189913,-0.8669128065047171,0.4150033169688831,2.329529102992471,-0.6357229432289523,1,1.7381456473456194
504,1.7814832369383606,1,0,0,0,0,0,0,0,0.2234964023855935,-0.586619689211416,7.9661,4.53911,3.91817,1.9032,0.650266,0.3895374880812843,1.7677999753989757,1.233014907127244,1.0916150203938997,0.7090584011633386,-0.3641162980958024,-0.11001290069120637,1.4728290102938495,-0.8669128065047171,-0.5550231802386093,-0.40387272380744554,0.5644988738891453,1,3.7926173271939483
505,2.062688303196899,1,0,0,0,0,0,0,0,0.22847588729304397,-0.5921589707575511,7.21866,4.53911,0.650266,0.782283,0.364205,0.3895374880812843,0.06734396239064254,0.4433590717264946,0.3904995136115788,0.3079437082626476,-0.3641162980958024,-0.11001290069120637,1.4728290102938495,-0.8669128065047171,-0.5550231802386093,-0.40387272380744554,1.764720691007243,2,-0.31632603250270985
508,1.043508050143285,1,0,0,0,0,0,0,0,0.23071740088353396,-0.5579910671277313,1.89692,1.43553,1.37086,0.859368,2.47006,-0.17483072454240112,-0.2754718501397038,0.3276853199279162,0.07059975914856345,-0.14938698872365733,-0.3641162980958024,-0.11001290069120637,-0.3870370918189913,-0.8669128065047171,1.3850298141763753,2.329529102992471,0.5644988738891453,0,-0.31632603250270985
510,-0.21832180626860195,1,0,0,0,0,0,0,0,0.2042491579688529,-0.5863017855956544,7.21866,3.40487,3.91817,7.9661,0.650266,3.909867054648389,3.1140997769324406,2.3120953689610584,2.1091151446923755,2.301082532218666,-0.3641162980958024,-0.11001290069120637,-0.3870370918189913,-0.8669128065047171,-0.5550231802386093,0.9628281895925127,0.5644988738891453,1,3.7926173271939483
511,-0.5116300072022144,1,0,0,0,0,0,0,0,0.11159137127840264,-0.370004980792291,1.22561,4.51463,1.26882,3.95511,1.76284,0.02254766416310552,1.5027357401709478,0.946333761342933,0.8074470395244546,0.44137665754538913,-0.3641162980958024,-0.11001290069120637,-0.3870370918189913,0.7791325223287542,-0.5550231802386093,-0.40387272380744554,1.764720691007243,1,-0.31632603250270985
513,0.24250401186809975,1,0,0,0,0,0,0,0,0.13049759725569457,-0.3590747710955059,3.05091,1.3028,3.29491,4.51463,4.86359,0.5135181861713158,0.10435932111586972,-0.13021506694319246,-0.18760875035138047,0.07644455272491696,-0.3641162980958024,-0.11001290069120637,-0.3870370918189913,0.7791325223287542,-0.5550231802386093,-0.40387272380744554,-0.6357229432289523,3,-0.31632603250270985
515,-0.44420685628148143,1,0,0,0,0,0,0,0,0.13783975120434117,-0.35339308432563715,4.86359,3.12807,3.0073,3.29491,3.05091,-0.18772089999079247,0.10435932111586972,0.3724618911773069,0.021785971123241404,-0.14235626061634854,-0.3641162980958024,-0.11001290069120637,-0.3870370918189913,1.6021551867454897,0.4150033169688831,-0.40387272380744554,-0.6357229432289523,1,-0.31632603250270985
516,0.8954487520385738,1,0,0,0,0,0,0,0,0.14208667943603287,-0.3496352653538247,1.3028,3.0073,2.15033,3.12807,3.29491,-0.18772089999079247,0.4533660787264408,0.35391945261694474,0.4067114881907525,0.3593385950577062,-0.3641162980958024,-0.11001290069120637,-0.3870370918189913,1.6021551867454897,0.4150033169688831,-0.40387272380744554,-0.6357229432289523,1,-0.31632603250270985
517,0.19706740712117185,1,0,0,0,0,0,0,0,0.1505485055082393,-0.35628387307294995,4.86359,3.26664,3.86331,1.3028,0.475861,1.4032968105648682,0.6600552103306787,0.22835645071240723,0.004423652177196315,-0.18776144014300855,-0.3641162980958024,-0.11001290069120637,-0.3870370918189913,1.6021551867454897,0.4150033169688831,-0.40387272380744554,-0.6357229432289523,1,-0.31632603250270985
519,-0.7553213755562991,1,0,0,0,0,0,0,0,0.14422973270123834,-0.3676770480511852,0.49594,0.403104,2.01374,3.05091,3.86331,-0.779181377904732,-1.163477580690291,-0.8497378399391942,-0.45962025238756427,-0.49993809141808904,-0.3641162980958024,-0.11001290069120637,-0.3870370918189913,0.7791325223287542,1.3850298141763753,-0.40387272380744554,-0.6357229432289523,1,-0.31632603250270985
521,0.213474547412747,1,0,0,0,0,0,0,0,0.13394096372673694,-0.36597805424304175,3.12807,2.01374,0.403104,0.475861,0.49594,0.5135181861713158,-0.0871667681654677,-0.18219222350809275,-0.45962025238756427,-0.4641422969669726,-0.3641162980958024,-0.11001290069120637,-0.3870370918189913,-0.04389014208798146,3.32508280859136,-0.40387272380744554,-0.6357229432289523,0,-0.31632603250270985
522,-0.7826943245632729,1,0,0,0,0,0,0,0,0.14264706596819426,-0.3711159157022086,0.49594,2.01374,0.475861,1.92894,3.05091,-1.4118685678171496,-1.2758123488186717,-1.4339275349746285,-0.8185821122131817,-0.7349520404526108,-0.3641162980958024,-0.11001290069120637,-0.3870370918189913,-0.04389014208798146,1.3850298141763753,-0.40387272380744554,-0.6357229432289523,2,-0.31632603250270985
523,-0.17673397577489167,1,0,0,0,0,0,0,0,0.13938312019116064,-0.3723224579618563,0.403104,0.49594,0.475861,1.92894,3.05091,-0.9013953619804371,-0.8882226780939707,-0.8497378399391942,-0.9184305773911325,-0.991187972035415,-0.3641162980958024,-0.11001290069120637,-0.3870370918189913,-0.8669128065047171,2.355056311383868,-0.40387272380744554,-0.6357229432289523,2,-0.31632603250270985
525,-0.4749218054537857,1,0,0,0,0,0,0,0,0.12934279650491923,-0.3768747447190017,1.76284,2.78375,1.7388,1.26882,2.01374,-0.5478315443960946,-0.13577945001666075,-0.4375725986794255,-0.3403919854556872,-0.5965688628032678,-0.3641162980958024,-0.11001290069120637,-0.3870370918189913,0.7791325223287542,-0.5550231802386093,-0.40387272380744554,0.5644988738891453,2,-0.31632603250270985
526,-0.27112864440952095,1,0,0,0,0,0,0,0,0.12583250928801012,-0.3797524727872952,1.22116,1.26882,2.78375,2.78867,1.7388,-0.5478315443960946,-0.5835802552750835,-0.8193270183519241,-0.6191831048375878,-0.6143768714353909,-0.3641162980958024,-0.11001290069120637,-0.3870370918189913,-0.04389014208798146,-0.5550231802386093,-0.40387272380744554,0.5644988738891453,3,-0.31632603250270985
527,-0.456990956880145,1,0,0,0,0,0,0,0,0.12009138370996189,-0.38265886953468337,1.76284,2.78867,2.78375,1.22116,0.674466,0.021228852016666678,-0.5424948018078007,-0.10989721966505842,-0.3403919854556872,-0.34242597739869096,-0.3641162980958024,-0.11001290069120637,-0.3870370918189913,0.7791325223287542,-0.5550231802386093,-0.40387272380744554,-0.6357229432289523,3,-0.31632603250270985
528,-0.6806013549736744,1,0,0,0,0,0,0,0,0.12319106631617498,-0.3942339007178266,0.604751,2.78867,1.17565,1.16642,2.78375,-1.0423192909849368,-0.6263019782973017,-0.7755696477466603,-0.4158096988160161,-0.38035689777759324,-0.3641162980958024,-0.11001290069120637,-0.3870370918189913,-0.8669128065047171,1.3850298141763753,-0.40387272380744554,0.5644988738891453,2,-0.31632603250270985
529,0.11296247219382477,1,0,0,0,0,0,0,0,0.13051163107974678,-0.38473844268032403,1.7388,1.76284,1.17565,2.78867,1.22116,0.13696059152158802,-0.4546854879168735,-0.6938684551500902,-0.8238868505716227,-1.0251047499991583,-0.3641162980958024,-0.11001290069120637,-0.3870370918189913,0.7791325223287542,0.4150033169688831,-0.40387272380744554,-0.6357229432289523,2,-0.31632603250270985
530,0.11481349558833413,1,0,0,0,0,0,0,0,0.12304064963690531,-0.38829826388156774,0.674466,1.26882,1.17565,2.78375,0.604751,-0.03571172686086283,-0.5424948018078007,-0.6275271100993001,-0.8238868505716227,-0.9118128498127126,-0.3641162980958024,-0.11001290069120637,-0.3870370918189913,-0.8669128065047171,0.4150033169688831,-0.40387272380744554,1.764720691007243,2,-0.31632603250270985
531,-0.7068298297598966,1,0,0,0,0,0,0,0,0.12456741955155401,-0.39678093037632334,0.674466,1.17565,1.16642,2.78867,1.36421,-1.0423192909849368,-0.34930381544382727,-0.461902760847764,-0.6821746109229538,-0.14683938384247497,-0.3641162980958024,-0.11001290069120637,-0.3870370918189913,-0.8669128065047171,2.355056311383868,-0.40387272380744554,-0.6357229432289523,2,-0.31632603250270985
533,-0.4920437718529964,1,0,0,0,0,0,0,0,0.13008246172346774,-0.3919556459400144,1.16642,0.674466,0.604751,2.78375,2.78867,-0.010295114733924261,-0.4042220121358946,-0.7279495453173831,-0.9409317205971853,-1.0932775017789933,-0.3641162980958024,-0.11001290069120637,-0.3870370918189913,-0.8669128065047171,0.4150033169688831,-0.40387272380744554,0.5644988738891453,3,-0.31632603250270985
537,-0.6485782740243967,1,0,0,0,0,0,0,0,0.14761869889232826,-0.38371156814963214,1.92894,3.1157,0.807966,1.7388,0.49594,0.18465450352698454,-0.42825475660332274,-0.15602690721161083,-0.33593226787658576,-0.20679967453820713,-0.3641162980958024,-0.11001290069120637,-0.3870370918189913,-0.04389014208798146,0.4150033169688831,-0.40387272380744554,0.5644988738891453,2,-0.31632603250270985
538,-0.20863779363147414,1,0,0,0,0,0,0,0,0.14267140579866952,-0.3789939090283318,1.7388,0.759583,2.01374,0.49594,0.403104,0.07888668119069225,-0.4609642658316639,-0.6684878919051199,-0.8244450729784268,-1.0356143410994993,-0.3641162980958024,-0.11001290069120637,-0.3870370918189913,-0.04389014208798146,2.355056311383868,-0.40387272380744554,-0.6357229432289523,1,-0.31632603250270985
541,-0.7477671684956585,1,0,0,0,0,0,0,0,0.14447241700308572,-0.37133041626865476,0.403104,0.475861,2.01374,1.92894,3.05091,-1.4118685678171496,-1.1841168992807585,-1.1952513320888403,-0.8244450729784268,-0.4641422969669726,-0.3641162980958024,-0.11001290069120637,-0.3870370918189913,-0.04389014208798146,1.3850298141763753,-0.40387272380744554,-0.6357229432289523,2,-0.31632603250270985
543,-0.6303754153055874,1,0,0,0,0,0,0,0,0.15523756044201192,-0.37705159754719225,0.759583,3.86331,0.49594,0.898325,1.92894,1.2125744288401434,0.4620193889205902,0.23303323989125774,-0.10184644101236633,-0.3435092869930265,-0.3641162980958024,-0.11001290069120637,-0.3870370918189913,-0.04389014208798146,2.355056311383868,-0.40387272380744554,-0.6357229432289523,1,-0.31632603250270985
545,-0.22658745341847367,1,0,0,0,0,0,0,0,0.16849918427252192,-0.3705257893190755,0.898325,3.26664,3.86331,0.807966,1.92214,0.8666997398181497,0.5869085416424686,0.39819632607770916,0.33993216837045415,0.5010127396809179,-0.3641162980958024,-0.11001290069120637,-0.3870370918189913,1.6021551867454897,1.3850298141763753,-0.40387272380744554,-0.6357229432289523,0,-0.31632603250270985
546,0.29463740857077253,1,0,0,0,0,0,0,0,0.16013015530386868,-0.36296595366722034,3.86331,1.88123,3.0073,0.807966,0.475861,-0.20757313193026217,0.5869085416424686,0.1472754819137145,0.48734023533062776,0.2873992094574297,-0.3641162980958024,-0.11001290069120637,-0.3870370918189913,2.4251778511622253,0.4150033169688831,-0.40387272380744554,-0.6357229432289523,0,-0.31632603250270985
547,0.5191191420670828,1,0,0,0,0,0,0,0,0.1559413771632644,-0.3666929511362872,3.26664,0.807966,0.475861,3.0073,0.49594,-0.20757313193026217,0.4620193889205902,0.10988836142502903,-0.12333305366795881,-0.38250420841230803,-0.3641162980958024,-0.11001290069120637,-0.3870370918189913,1.6021551867454897,1.3850298141763753,-0.40387272380744554,-0.6357229432289523,0,-0.31632603250270985
550,-0.47324760746484945,1,0,0,0,0,0,0,0,0.11130652239424331,-0.36389507442012914,1.12359,4.51463,3.95511,2.45122,3.29491,0.02254766416310552,0.31784917526489914,-0.013252990592026377,1.0208214534921214,0.7692301901675984,-0.3641162980958024,-0.11001290069120637,-0.3870370918189913,1.6021551867454897,-0.5550231802386093,-0.40387272380744554,-0.6357229432289523,2,-0.31632603250270985
551,0.7641615317645991,1,0,0,0,0,0,0,0,0.11871688022756612,-0.3569882083524317,3.29491,3.95511,1.22561,3.12807,7.35119,0.8499654555822005,0.22983411423549216,-0.14945469903381658,-0.18760875035138047,-0.08762312008708874,-0.3641162980958024,-0.11001290069120637,-0.3870370918189913,1.6021551867454897,0.4150033169688831,-0.40387272380744554,0.5644988738891453,0,-0.31632603250270985
552,0.3052732686038571,1,0,0,0,0,0,0,0,0.12499437869364949,-0.35064353559201195,4.51463,3.12807,7.35119,1.3028,2.15033,0.8499654555822005,0.3400374076611885,0.13731392623273384,0.021785971123241404,-0.0547123953274839,-0.3641162980958024,-0.11001290069120637,-0.3870370918189913,0.7791325223287542,0.4150033169688831,-0.40387272380744554,-0.6357229432289523,2,-0.31632603250270985
553,-0.12534550312122875,1,0,0,0,0,0,0,0,0.1341128995587073,-0.34003757658997724,4.86359,3.29491,1.3028,7.35119,3.12807,1.9964074528012676,1.2550771596209656,0.7030281210633691,1.0562533263009484,0.9228738207546083,-0.3641162980958024,-0.11001290069120637,-0.3870370918189913,1.6021551867454897,0.4150033169688831,-0.40387272380744554,-0.6357229432289523,1,-0.31632603250270985
555,1.831344239067286,1,0,0,0,0,0,0,0,0.11552387836871082,-0.343901360575912,3.999,3.29491,3.95511,2.45122,0.883172,1.4525652482676648,0.648566980647436,0.1798430750863429,-0.1456765585308241,-0.4062474633901322,-0.3641162980958024,-0.11001290069120637,-0.3870370918189913,2.4251778511622253,-0.5550231802386093,-0.40387272380744554,0.5644988738891453,0,-0.31632603250270985
556,0.5536565297939022,1,0,0,0,0,0,0,0,0.10930453969900422,-0.35363266051224845,2.45122,4.51463,1.22561,7.35119,0.465182,0.5725847689497023,0.22983411423549216,-0.013252990592026377,-0.16634259612117572,-0.0006367724480383432,-0.3641162980958024,-0.11001290069120637,-0.3870370918189913,0.7791325223287542,-0.5550231802386093,-0.40387272380744554,0.5644988738891453,2,-0.31632603250270985
559,-0.48739740215336447,0,0,1,0,0,0,0,0,-0.02069254667379021,-0.13408656364281624,0.458029,0.54967,0.418289,2.84951,2.48323,0.8646035988908977,0.16457179291175436,0.21424154354454433,-0.09096447232820463,0.048530219694502205,-0.3641162980958024,-0.11001290069120637,-0.3870370918189913,0.7791325223287542,-0.5550231802386093,-0.40387272380744554,0.5644988738891453,2,-0.31632603250270985
561,-0.7620302066885936,0,0,1,0,0,0,0,0,-0.01253967271956564,-0.12993315684385964,0.418289,0.54967,1.188,2.48323,2.84951,-1.0570490027044719,-0.5688001465230896,-0.38240989011070864,-0.1701679650293793,-0.44679240258334274,-0.3641162980958024,-0.11001290069120637,-0.3870370918189913,-0.04389014208798146,-0.5550231802386093,-0.40387272380744554,0.5644988738891453,3,-0.31632603250270985
562,-0.7769813590661949,0,0,1,0,0,0,0,0,-0.009946104440421811,-0.1285229455779486,0.458029,0.54967,1.188,1.98714,2.48323,-1.0570490027044719,-0.2698111425038297,0.21424154354454433,-0.10253544023765261,-0.37191632790297996,-0.3641162980958024,-0.11001290069120637,-0.3870370918189913,0.7791325223287542,-0.5550231802386093,-0.40387272380744554,0.5644988738891453,2,-0.31632603250270985
564,-0.18674154128179135,0,0,1,0,0,0,0,0,-0.013954298451748764,-0.11746305720283841,2.03572,0.985842,0.54967,0.418289,0.458029,-0.7348634642128481,0.009260069348604974,-0.3989323570315899,-0.10253544023765261,-0.23869140422032825,-0.3641162980958024,-0.11001290069120637,-0.3870370918189913,2.4251778511622253,-0.5550231802386093,-0.40387272380744554,0.5644988738891453,0,-0.31632603250270985
565,-0.16846456638234816,0,0,1,0,0,0,0,0,-0.017978000632562337,-0.117016975098212,1.98714,0.985842,0.54967,0.418289,0.458029,-0.7348634642128481,-0.6065922420271087,-0.4120747941432267,0.2869794470695315,-0.008877601557386651,-0.3641162980958024,-0.11001290069120637,-0.3870370918189913,2.4251778511622253,-0.5550231802386093,-0.40387272380744554,0.5644988738891453,0,-0.31632603250270985
567,-0.7275526386202555,0,0,1,0,0,0,0,0,-0.0171645412800829,-0.12553784164022536,0.458029,0.418289,2.03572,1.98714,1.188,0.04092814990719616,-0.2698111425038297,-0.4120747941432267,-0.6794560663201288,-0.8155514805720493,-0.3641162980958024,-0.11001290069120637,-0.3870370918189913,2.4251778511622253,-0.5550231802386093,-0.40387272380744554,-0.6357229432289523,1,-0.31632603250270985
568,-0.0001004445781115504,0,0,1,0,0,0,0,0,-0.006849846825965902,-0.13992050327111089,2.84951,0.922294,1.1742,0.458029,0.418289,-0.7463741974703404,0.15591706561904461,0.09964700190988705,-0.1701679650293793,-0.37191632790297996,-0.3641162980958024,-0.11001290069120637,-0.3870370918189913,0.7791325223287542,-0.5550231802386093,-0.40387272380744554,-0.6357229432289523,3,-0.31632603250270985
569,0.13770298000336334,0,0,1,0,0,0,0,0,-0.010655392288843886,-0.14111755533683995,2.48323,0.922294,0.458029,1.1742,1.188,-0.7463741974703404,-0.5540457781272861,0.17593901052605837,-0.12819365638818972,-0.37523900944766353,-0.3641162980958024,-0.11001290069120637,-0.3870370918189913,-0.04389014208798146,-0.5550231802386093,-0.40387272380744554,-0.6357229432289523,4,-0.31632603250270985
570,-0.5873624472878117,0,0,1,0,0,0,0,0,-0.013128849038312476,-0.1469029639095846,2.84951,1.13995,2.48323,1.1742,1.188,0.060593140408456266,-0.2719820859452848,-0.28986760609196816,-0.4452509167865029,0.12104908890161215,-0.3641162980958024,-0.11001290069120637,-0.3870370918189913,-0.8669128065047171,-0.5550231802386093,-0.40387272380744554,-0.6357229432289523,5,-0.31632603250270985
572,-0.505474978191204,0,0,1,0,0,0,0,0,-0.01164920947530698,-0.15415523430544584,0.922294,1.1742,3.988,1.18794,2.84951,0.4365346703140664,0.05501291771111579,-0.349376452846746,-0.18684287003622593,-0.14800527658724555,-0.3641162980958024,-0.11001290069120637,-0.3870370918189913,-0.04389014208798146,-0.5550231802386093,-0.40387272380744554,-0.6357229432289523,4,-0.31632603250270985
574,-0.49258929704040266,0,0,1,0,0,0,0,0,-0.0032717293953583517,-0.1503591832996602,1.13995,0.922294,2.48323,2.84951,3.988,0.872361773742737,0.33479996082728186,0.09964700190988705,-0.12819365638818972,-0.4025657284319267,-0.3641162980958024,-0.11001290069120637,-0.3870370918189913,-0.8669128065047171,-0.5550231802386093,-0.40387272380744554,-0.6357229432289523,5,-0.31632603250270985
576,0.5660305459413433,0,0,1,0,0,0,0,0,-0.006458340980266982,-0.16154940989350275,1.13995,1.18794,2.30628,1.1742,0.922294,0.9153789373620792,0.6144013720465459,0.22226630341239828,-0.12107371751062838,0.33966375663403653,-0.3641162980958024,-0.11001290069120637,-0.3870370918189913,0.7791325223287542,-0.5550231802386093,-0.40387272380744554,-0.6357229432289523,3,-0.31632603250270985
577,-0.6306605933001073,0,0,1,0,0,0,0,0,0.0069563593719845105,-0.17332669465925518,1.80554,3.00586,0.8511,0.66831,3.12867,-1.4839262703344884,-0.9144537588074433,-0.28001180166414713,-0.040473320296284,-0.1598991167691188,-0.3641162980958024,-0.11001290069120637,-0.3870370918189913,-0.8669128065047171,-0.5550231802386093,-0.40387272380744554,-0.6357229432289523,3,3.7926173271939483
578,-0.2550638682010767,0,0,1,0,0,0,0,0,0.005381915070129463,-0.17361114225527788,0.807208,3.00586,0.8511,0.66831,3.12867,-1.4839262703344884,-1.240028714975636,-0.519988817288775,-0.2586566934280454,-0.14125222253288716,-0.3641162980958024,-0.11001290069120637,-0.3870370918189913,-0.8669128065047171,-0.5550231802386093,-0.40387272380744554,-0.6357229432289523,3,3.7926173271939483
579,0.19652564417643756,0,0,1,0,0,0,0,0,0.002749918681016528,-0.17599869808808366,1.80554,0.8511,0.807208,0.66831,0.439152,-0.8537020415517562,-0.9213582330029978,-1.2179965572718556,-0.8938851407751898,-0.557824764068633,-0.3641162980958024,-0.11001290069120637,-0.3870370918189913,-0.8669128065047171,-0.5550231802386093,-0.40387272380744554,-0.6357229432289523,3,3.7926173271939483
580,-0.6141473577651884,0,0,1,0,0,0,0,0,0.0005241008488883856,-0.1802475712906556,0.66831,3.00586,0.439152,1.80554,0.807208,-1.0479795782605608,-0.9213582330029978,-0.9156024949147811,-0.786778694347486,-0.8136596524652654,-0.3641162980958024,-0.11001290069120637,-0.3870370918189913,-0.8669128065047171,-0.5550231802386093,-0.40387272380744554,-0.6357229432289523,3,3.7926173271939483
581,-0.6829173915624139,0,0,1,0,0,0,0,0,-0.0016030944364750286,-0.18226716898590617,0.8511,0.439152,3.00586,1.80554,3.12867,-1.0479795782605608,-1.2537372470950687,-0.6408014316794561,-0.2586566934280454,-0.4463349418732097,-0.3641162980958024,-0.11001290069120637,-0.3870370918189913,-0.8669128065047171,-0.5550231802386093,-0.40387272380744554,-0.6357229432289523,3,3.7926173271939483
582,-0.7691321921800879,0,0,1,0,0,0,0,0,-0.004580817014415661,-0.18416916891450463,0.66831,0.8511,3.00586,3.12867,1.80554,-0.8719731153573645,-0.5657158152109795,0.03794551174711722,0.2580228220911615,0.026506517392743636,-0.3641162980958024,-0.11001290069120637,-0.3870370918189913,-0.8669128065047171,-0.5550231802386093,-0.40387272380744554,-0.6357229432289523,3,3.7926173271939483
583,0.24272974642840575,0,0,1,0,0,0,0,0,0.009790699437614158,-0.18605396912344294,0.8511,0.66831,3.70284,3.00586,0.807208,1.4358018139202111,0.6937672886971225,0.32164786587049493,-0.037466217633413686,-0.1598991167691188,-0.3641162980958024,-0.11001290069120637,-0.3870370918189913,-0.8669128065047171,-0.5550231802386093,-0.40387272380744554,-0.6357229432289523,4,1.7381456473456194
584,-0.48741997560939504,0,0,1,0,0,0,0,0,-0.01797586391471026,-0.16369653096280312,2.30628,3.988,1.13995,0.922294,1.1742,-0.6346829924796918,0.6144013720465459,0.15671942781760395,0.9740968456296851,0.8952247960224341,-0.3641162980958024,-0.11001290069120637,-0.3870370918189913,-0.04389014208798146,-0.5550231802386093,-0.40387272380744554,-0.6357229432289523,4,-0.31632603250270985
585,-0.0666733286550252,0,0,1,0,0,0,0,0,-0.016899829598936555,-0.16767372311598294,1.18794,3.988,1.13995,0.439152,3.00586,-0.6346829924796918,0.7465388690183263,0.8265728188662569,1.4891978767850975,1.0711178986119918,-0.3641162980958024,-0.11001290069120637,-0.3870370918189913,-0.04389014208798146,-0.5550231802386093,-0.40387272380744554,-0.6357229432289523,4,-0.31632603250270985
586,3.780377817418756,0,0,0,1,0,0,0,0,0.047251295762083506,-0.15195950813381376,4.22906,5.59573,2.05487,6.2998,4.53672,2.325329518843793,1.153348771508904,1.703386968206523,1.7783363183810517,1.353083256330255,-0.3641162980958024,-0.11001290069120637,-0.3870370918189913,0.7791325223287542,2.355056311383868,-0.40387272380744554,-0.6357229432289523,0,-0.31632603250270985
588,1.170897587009309,0,0,0,1,0,0,0,0,0.04403108824049838,-0.16481162837867763,2.05487,3.24434,3.49814,1.73261,12.5317,0.6000123385709736,0.670829954615524,0.2097602434096509,0.1782565654776161,-0.12568768450753598,-0.3641162980958024,-0.11001290069120637,-0.3870370918189913,-0.8669128065047171,4.295109305798853,-0.40387272380744554,-0.6357229432289523,0,-0.31632603250270985
589,1.4357858068003952,0,0,0,1,0,0,0,0,0.06053253730283406,-0.16969771353846674,3.49814,3.24434,5.59573,1.73261,12.5317,0.8896781861307602,1.5453043977464787,1.2147313682815128,1.5169284065876054,1.3213115714547,-0.3641162980958024,-0.11001290069120637,-0.3870370918189913,-0.8669128065047171,4.295109305798853,-0.40387272380744554,-0.6357229432289523,0,-0.31632603250270985
590,0.3817333264221741,0,0,0,1,0,0,0,0,0.05208011989114737,-0.17347062918339465,3.24434,6.2998,5.59573,1.73261,2.05948,-0.004653165104269209,0.06800518066950265,0.2097602434096509,-0.13201608626555378,0.05477699732729289,-0.3641162980958024,-0.11001290069120637,-0.3870370918189913,-0.04389014208798146,3.32508280859136,-0.40387272380744554,-0.6357229432289523,0,-0.31632603250270985
591,0.28624760741273236,0,0,0,1,0,0,0,0,0.04616910513970193,-0.1758635102444879,1.73261,3.49814,2.05948,5.59573,7.04743,-0.17758565118490624,-0.6029991721265469,-0.03515532564131999,-0.18693246510930064,-0.4112015877551288,-0.3641162980958024,-0.11001290069120637,-0.3870370918189913,-0.8669128065047171,4.295109305798853,-0.40387272380744554,-0.6357229432289523,0,-0.31632603250270985
592,-0.282501904006272,0,0,0,1,0,0,0,0,0.04058880412180587,-0.17758171130868244,3.24434,7.04743,2.05948,1.11559,2.05487,-0.17758565118490624,-0.3646947741829574,-0.19989695291198542,-0.27411641975665046,-0.45894381966318554,-0.3641162980958024,-0.11001290069120637,-0.3870370918189913,-0.8669128065047171,3.32508280859136,-0.40387272380744554,-0.6357229432289523,1,-0.31632603250270985
593,1.7170623556696978,0,0,0,1,0,0,0,0,0.037326562353141766,-0.18388505914836242,1.11559,1.73261,2.05948,3.24434,1.96695,0.14503495079187137,-0.3646947741829574,-0.6076663035194098,-0.1305889178489109,0.07245599603961614,-0.3641162980958024,-0.11001290069120637,-0.3870370918189913,-0.04389014208798146,2.355056311383868,-0.40387272380744554,-0.6357229432289523,1,-0.31632603250270985
594,-0.514639801339628,0,0,0,1,0,0,0,0,0.030504385880011285,-0.1827510962289332,7.04743,1.73261,6.35763,2.05948,3.24434,0.14503495079187137,0.557417910108566,0.38366276481677913,0.35278002229485533,0.3886951067966493,-0.3641162980958024,-0.11001290069120637,-0.3870370918189913,-0.8669128065047171,4.295109305798853,-0.40387272380744554,-0.6357229432289523,0,-0.31632603250270985
595,1.4575428561712227,0,0,0,1,0,0,0,0,0.029298875829444113,-0.17050236029935403,2.05487,3.75506,1.11559,1.73261,5.59573,0.3457846278613622,0.20749270364410188,0.38366276481677913,0.09467983711184119,0.16955458754623776,-0.3641162980958024,-0.11001290069120637,-0.3870370918189913,-0.8669128065047171,3.32508280859136,-0.40387272380744554,-0.6357229432289523,1,-0.31632603250270985
596,-0.16125987166591463,0,0,0,1,0,0,0,0,0.03600453205990546,-0.1671817844294218,6.35763,5.59573,3.75506,1.73261,3.24434,0.3457846278613622,-0.14932706906160878,0.15875945789666182,-0.1831924728861487,-0.17961230693893443,-0.3641162980958024,-0.11001290069120637,-0.3870370918189913,-0.8669128065047171,4.295109305798853,-0.40387272380744554,-0.6357229432289523,0,-0.31632603250270985
598,0.47839286514520707,0,0,0,1,0,0,0,0,0.025410756692133413,-0.16190117850596064,6.35763,2.05487,5.59573,4.22906,0.807208,1.0755906386841305,0.6732991812518906,1.5275389294857544,1.5948534302406263,1.1599420424177418,-0.3641162980958024,-0.11001290069120637,-0.3870370918189913,-0.8669128065047171,3.32508280859136,-0.40387272380744554,-0.6357229432289523,0,1.7381456473456194
601,0.6567231677869539,0,0,0,1,0,0,0,0,0.03618714245146484,-0.14383847121136858,2.82097,12.5317,4.53672,2.5357,1.77505,1.5445188737863538,1.1451543737706764,0.8335462786202277,1.0736968734978565,1.0827692900376442,-0.3641162980958024,-0.11001290069120637,-0.3870370918189913,1.6021551867454897,0.4150033169688831,-0.40387272380744554,-0.6357229432289523,1,-0.31632603250270985
604,0.7724723258265318,0,0,0,1,0,0,0,0,0.04229751182913978,-0.13060519431161582,1.77505,2.82097,2.5357,2.84209,4.22906,0.27226959580858673,0.1741207116471417,0.2517131752029001,0.3591818040447124,0.08233171233857528,-0.3641162980958024,-0.11001290069120637,-0.3870370918189913,0.7791325223287542,0.4150033169688831,-0.40387272380744554,-0.6357229432289523,2,-0.31632603250270985
605,-0.26653494610729367,0,0,0,1,0,0,0,0,0.04040753096043357,-0.12395644497370632,4.53672,2.84209,2.5357,4.60838,2.82097,0.27226959580858673,-0.30370994471354495,-0.18116804602201636,-0.35844494784528047,-0.36334717048078513,-0.3641162980958024,-0.11001290069120637,-0.3870370918189913,0.7791325223287542,-0.5550231802386093,-0.40387272380744554,-0.6357229432289523,3,-0.31632603250270985
606,0.12696553941814087,0,0,0,1,0,0,0,0,0.032968740527213984,-0.13349211888553827,2.5357,4.53672,4.22906,1.77505,5.84474,0.3609557579396409,0.1741207116471417,0.059929624589256235,-0.07786175424010054,0.531442123004654,-0.3641162980958024,-0.11001290069120637,-0.3870370918189913,1.6021551867454897,1.3850298141763753,-0.40387272380744554,-0.6357229432289523,0,-0.31632603250270985
607,0.019640042720648926,0,0,0,1,0,0,0,0,0.030544921327313505,-0.12671009915508571,2.82097,1.77505,6.85011,4.53672,4.60838,0.3609557579396409,0.2812755490269395,0.15715520155788215,-0.10262614509732057,-0.3851933495314096,-0.3641162980958024,-0.11001290069120637,-0.3870370918189913,1.6021551867454897,-0.5550231802386093,-0.40387272380744554,-0.6357229432289523,2,-0.31632603250270985
608,0.1349113959409123,0,0,0,1,0,0,0,0,0.03811212483235731,-0.11702850599964712,4.60838,1.77505,6.85011,2.5357,1.24214,-0.6449742368228977,-0.30370994471354495,0.08060534920561994,-0.04229398184757881,-0.030627759166419216,-0.3641162980958024,-0.11001290069120637,-0.3870370918189913,1.6021551867454897,-0.5550231802386093,-0.40387272380744554,-0.6357229432289523,2,-0.31632603250270985
609,0.799432556812413,0,0,0,1,0,0,0,0,0.03408156089624533,-0.11550657965466885,2.84209,6.85011,1.77505,2.5357,1.24214,-0.6449742368228977,-0.34484197656210247,-0.036842176982521395,-0.10193240691205786,-0.23086410320627923,-0.3641162980958024,-0.11001290069120637,-0.3870370918189913,1.6021551867454897,-0.5550231802386093,-0.40387272380744554,-0.6357229432289523,2,-0.31632603250270985
610,1.6428257832703945,0,0,0,1,0,0,0,0,0.0265465236927416,-0.11611862830970796,4.60838,4.12021,2.84209,2.5357,8.79656,0.33942518934773275,-0.3296659037674253,0.08060534920561994,-0.1864565347433171,0.14705141186668286,-0.3641162980958024,-0.11001290069120637,-0.3870370918189913,1.6021551867454897,-0.5550231802386093,-0.40387272380744554,-0.6357229432289523,2,-0.31632603250270985
611,0.6157711563047724,0,0,0,1,0,0,0,0,0.01920810660072275,-0.11807404091992166,6.85011,8.79656,2.5357,4.60838,7.28653,0.3596522379985335,-0.18434611322191208,0.6786575329290033,0.3663462402819488,0.3628836933351471,-0.3641162980958024,-0.11001290069120637,-0.3870370918189913,2.4251778511622253,-0.5550231802386093,-0.40387272380744554,-0.6357229432289523,1,-0.31632603250270985
612,2.3751275081164462,0,0,0,1,0,0,0,0,0.010957630225841996,-0.11849251015909207,4.12021,6.85011,6.99809,5.84474,7.28653,0.5533380823573743,1.5442638205325776,1.0336433711625919,0.931860188789711,0.8662393881970831,-0.3641162980958024,-0.11001290069120637,-0.3870370918189913,1.6021551867454897,0.4150033169688831,-0.40387272380744554,-0.6357229432289523,1,-0.31632603250270985
613,1.2645811917789744,0,0,0,1,0,0,0,0,0.014873519647609704,-0.13526842280274057,2.5357,2.82097,8.79656,4.12021,2.48323,3.5748321981492386,2.095208352088006,1.4185803686979588,1.0250963414511212,1.1862952547571761,-0.3641162980958024,-0.11001290069120637,-0.3870370918189913,1.6021551867454897,-0.5550231802386093,-0.40387272380744554,-0.6357229432289523,2,-0.31632603250270985
616,-0.3324268642606177,0,0,1,0,0,0,0,0,-0.26325459585406275,0.13416143920122006,1.40559,3.95278,4.3476,5.28463,4.67526,4.253809032478468,4.795762427156848,4.08537238702256,3.407089815515527,3.5189978915685534,-0.3641162980958024,-0.11001290069120637,-0.3870370918189913,0.7791325223287542,1.3850298141763753,-0.40387272380744554,-0.6357229432289523,1,-0.31632603250270985
619,0.06237159498657648,0,0,0,1,0,0,0,0,-0.24210861581978488,0.18644679055238633,3.82995,2.39416,2.45943,4.59205,2.25528,0.9018938633489831,0.5231109707015525,0.7441248241959062,0.7812121089588102,0.46513201917026403,-0.3641162980958024,-0.11001290069120637,-0.3870370918189913,-0.8669128065047171,1.3850298141763753,-0.40387272380744554,-0.6357229432289523,3,-0.31632603250270985
621,-0.03361074005553855,0,0,0,1,0,0,0,0,-0.2348271279857268,0.1782991672388743,2.25528,0.20545,3.82995,2.64928,4.59205,0.30071730452207907,-0.08072977070218983,-0.46463796666792706,-0.3004894091719584,-0.3951582733712223,-0.3641162980958024,-0.11001290069120637,-0.3870370918189913,-0.04389014208798146,1.3850298141763753,-0.40387272380744554,-0.6357229432289523,2,-0.31632603250270985
622,-0.8570565558678127,0,0,0,1,0,0,0,0,-0.23075601924923247,0.17108178818141997,2.25528,2.39416,4.59205,5.0578,3.82995,-0.7844203169176434,-0.08072977070218983,0.3479100117005421,0.25047435427252523,-0.018884414144123715,-0.3641162980958024,-0.11001290069120637,-0.3870370918189913,-0.8669128065047171,2.355056311383868,-0.40387272380744554,-0.6357229432289523,2,-0.31632603250270985
625,-0.08586076628103602,0,0,0,1,0,0,0,0,-0.2346344923534139,0.17133388520261456,0.20545,2.39416,4.59205,3.82995,5.0578,-0.7844203169176434,-0.37388396325939766,-0.41438274000286307,-0.29980236028827983,-0.47511601554755706,-0.3641162980958024,-0.11001290069120637,-0.3870370918189913,-0.8669128065047171,2.355056311383868,-0.40387272380744554,-0.6357229432289523,2,-0.31632603250270985
626,0.5065683005140689,0,0,0,1,0,0,0,0,-0.24367066189388442,0.17776062046186936,4.59205,2.39416,2.64928,2.25528,0.20545,0.5142784055203173,-0.04563800353076627,-0.3581495769621929,-0.29980236028827983,-0.018884414144123715,-0.3641162980958024,-0.11001290069120637,-0.3870370918189913,-0.04389014208798146,0.4150033169688831,-0.40387272380744554,-0.6357229432289523,3,-0.31632603250270985
627,0.7932888145294178,0,0,0,1,0,0,0,0,-0.24365957444116107,0.1701389743541499,3.82995,5.0578,2.25528,2.39416,0.20545,0.5142784055203173,-0.19313850226444385,-0.41438274000286307,-0.11291200293636963,-0.30842105511877294,-0.3641162980958024,-0.11001290069120637,-0.3870370918189913,-0.8669128065047171,1.3850298141763753,-0.40387272380744554,-0.6357229432289523,3,-0.31632603250270985
628,0.9685152669669571,0,0,0,1,0,0,0,0,-0.24202429376303408,0.16258760311166082,5.28463,4.59205,2.25528,0.20545,3.95278,0.5199441149512294,-0.19313850226444385,0.1407377917218423,0.25047435427252523,0.14719643656101913,-0.3641162980958024,-0.11001290069120637,-0.3870370918189913,-0.04389014208798146,1.3850298141763753,-0.40387272380744554,-0.6357229432289523,2,-0.31632603250270985
629,1.0538542174906436,0,0,0,1,0,0,0,0,-0.23996566353535265,0.15519634947368602,3.95278,5.0578,1.77888,4.59205,4.3476,0.3668679861633728,-0.20940114171410226,0.0989563319588075,0.5864882565101579,0.3369593655695727,-0.3641162980958024,-0.11001290069120637,-0.3870370918189913,-0.04389014208798146,2.355056311383868,-0.40387272380744554,0.5644988738891453,0,-0.31632603250270985
630,0.5527799272513806,0,0,0,1,0,0,0,0,-0.23746153409291945,0.14842123320151834,5.28463,4.3476,1.77888,2.37066,0.342235,0.3668679861633728,0.08649548459359592,-0.34555751155933223,-0.11884164097537739,-0.08474316827807235,-0.3641162980958024,-0.11001290069120637,-0.3870370918189913,0.7791325223287542,-0.5550231802386093,-0.40387272380744554,0.5644988738891453,2,-0.31632603250270985
631,-0.265094007164007,0,0,0,1,0,0,0,0,-0.22879110555851526,0.15196924932535782,0.342235,2.37066,0.565235,3.95278,5.28463,0.5718284103641446,-0.12158784195937368,-0.36678297452230874,-0.6321365868436356,-0.5087342235417177,-0.3641162980958024,-0.11001290069120637,-0.3870370918189913,-0.04389014208798146,0.4150033169688831,-0.40387272380744554,-0.6357229432289523,3,-0.31632603250270985
632,-0.7216967079016504,0,0,0,1,0,0,0,0,-0.22193067009718506,0.1460089003378779,0.342235,2.37066,1.77888,4.3476,1.88653,-1.5418755566624422,-1.1080323968128678,-0.36678297452230874,-0.22684185548938887,-0.4960813838779434,-0.3641162980958024,-0.11001290069120637,-0.3870370918189913,-0.04389014208798146,-0.5550231802386093,-0.40387272380744554,0.5644988738891453,3,-0.31632603250270985
633,-0.8055947194820503,0,0,0,1,0,0,0,0,-0.22334200937429766,0.14607703717529685,0.565235,2.37066,1.77888,4.3476,1.88653,-1.5418755566624422,-1.3857401784284564,-0.5728836735229543,-0.43825244962563237,-0.4669116722304394,-0.3641162980958024,-0.11001290069120637,-0.3870370918189913,-0.04389014208798146,-0.5550231802386093,-0.40387272380744554,0.5644988738891453,3,-0.31632603250270985
634,-0.04245201033419051,0,0,0,1,0,0,0,0,-0.2258347833506012,0.1444672564334078,0.342235,0.565235,4.3476,1.77888,1.88653,-1.0479099173385222,-1.1080323968128678,-0.7280922743074942,-0.7960927843565233,-0.6307158186498035,-0.3641162980958024,-0.11001290069120637,-0.3870370918189913,-0.04389014208798146,-0.5550231802386093,-0.40387272380744554,0.5644988738891453,3,-0.31632603250270985
635,0.7013207924180779,0,0,0,1,0,0,0,0,-0.2323831236114249,0.14096430719959369,2.37066,3.95278,0.342235,4.67526,0.565235,0.3332589519241978,0.08649548459359592,-0.12686246296578754,-0.31832853361316854,-0.49855937312553605,-0.3641162980958024,-0.11001290069120637,-0.3870370918189913,-0.8669128065047171,1.3850298141763753,-0.40387272380744554,-0.6357229432289523,3,-0.31632603250270985
636,0.8245944358011892,0,0,0,1,0,0,0,0,-0.2264948491871046,0.13199170548914568,1.88653,4.3476,2.37066,3.88223,0.342235,-0.21635978875554776,0.499905191802497,0.4240666976958532,0.17310557851537794,0.07781543860045384,-0.3641162980958024,-0.11001290069120637,-0.3870370918189913,0.7791325223287542,-0.5550231802386093,-0.40387272380744554,-0.6357229432289523,3,-0.31632603250270985
637,-0.22459346480243722,0,0,0,1,0,0,0,0,-0.2217141007088552,0.13497626493505713,4.67526,2.37066,0.565235,0.342235,4.3476,-0.21635978875554776,0.42949546099679664,0.11468156369608337,-0.19197164709520792,-0.38982038588595413,-0.3641162980958024,-0.11001290069120637,-0.3870370918189913,-0.04389014208798146,0.4150033169688831,-0.40387272380744554,-0.6357229432289523,3,-0.31632603250270985
639,0.5262373052020657,0,0,0,1,0,0,0,0,-0.21865009473311905,0.12109732655933098,4.67526,1.88653,3.30821,4.3476,2.37066,2.3173673589609,1.3913628543585856,0.8319676353187112,2.1560748031031642,1.7749473536540241,-0.3641162980958024,-0.11001290069120637,-0.3870370918189913,-0.04389014208798146,0.4150033169688831,-0.40387272380744554,-0.6357229432289523,3,-0.31632603250270985
640,0.31027705135730704,0,0,0,1,0,0,0,0,-0.2038801842326622,0.11709449623823649,3.88223,6.75901,1.88653,4.67526,1.25529,2.7312101343464863,3.6113511466330066,2.9705917450952297,2.577136308528509,2.562700116922944,-0.3641162980958024,-0.11001290069120637,-0.3870370918189913,-0.04389014208798146,2.355056311383868,-0.40387272380744554,-0.6357229432289523,1,-0.31632603250270985
642,-0.32452239240723557,0,0,1,0,0,0,0,0,-0.24068138842785688,0.09605616194604716,1.40559,2.71669,3.88223,1.18247,1.59864,7.370708126677324,5.049212408555534,4.665596048967879,3.965418943000781,3.34726217003659,-0.3641162980958024,-0.11001290069120637,-0.3870370918189913,-0.04389014208798146,-0.5550231802386093,-0.40387272380744554,-0.6357229432289523,4,-0.31632603250270985
645,-0.4055347638583904,0,0,1,0,0,0,0,0,-0.26348531692417587,0.11508869104918522,1.59991,1.62092,4.67526,4.3476,3.95278,4.253809032478468,4.930631649821881,5.964696131929759,5.038942448994346,4.6779487021635475,-0.3641162980958024,-0.11001290069120637,-0.3870370918189913,-0.04389014208798146,1.3850298141763753,-0.40387272380744554,-0.6357229432289523,2,-0.31632603250270985
646,-0.26250182196315963,0,0,1,0,0,0,0,0,-0.0452210506992076,-0.08518284831465893,0.728368,1.50575,0.260674,0.500034,4.7236,-0.8118059817326341,-1.0563438583196996,-0.8295440807467807,-0.21739835705697064,0.7810052270662052,-0.3641162980958024,-0.11001290069120637,1.4728290102938495,-0.8669128065047171,-0.5550231802386093,0.9628281895925127,1.764720691007243,1,-0.31632603250270985
649,-0.6603221145243168,0,0,1,0,0,0,0,0,-0.04387593832670752,-0.0885128461239709,1.78577,0.260674,1.50575,0.500034,4.7236,-0.8118059817326341,-0.9569766674249938,-0.610403117025708,0.36517524522833444,0.43541745315972796,-0.3641162980958024,-0.11001290069120637,1.4728290102938495,-0.8669128065047171,-0.5550231802386093,0.9628281895925127,0.5644988738891453,2,-0.31632603250270985
650,-0.8362799469372477,0,0,1,0,0,0,0,0,-0.04773393269270191,-0.09133758544578145,0.728368,1.78577,1.50575,0.500034,4.7236,-0.47644320693917397,-0.46646838240033617,0.021436571098412505,1.0166518141327014,1.0195394810234575,-0.3641162980958024,-0.11001290069120637,1.4728290102938495,-0.8669128065047171,-0.5550231802386093,0.9628281895925127,0.5644988738891453,2,-0.31632603250270985
652,-0.6870332850453269,0,0,1,0,0,0,0,0,-0.02658754267947534,-0.10421402036800835,0.985842,4.7236,2.03572,1.98714,0.728368,1.0503340822383318,1.1398719532599149,0.9851743165265762,1.0436870363255193,1.473801470836532,-0.3641162980958024,-0.11001290069120637,-0.3870370918189913,1.6021551867454897,-0.5550231802386093,0.9628281895925127,0.5644988738891453,0,-0.31632603250270985
654,-0.5634541475572681,0,0,1,0,0,0,0,0,-0.020412036736874844,-0.11144806313655499,2.03572,1.98714,0.65737,0.54967,0.418289,-0.009442098359115171,0.009260069348604974,-0.2615772880169754,0.4124655593807805,0.9834168896630215,-0.3641162980958024,-0.11001290069120637,-0.3870370918189913,1.6021551867454897,-0.5550231802386093,-0.40387272380744554,1.764720691007243,0,-0.31632603250270985
656,1.6984994503272,0,0,0,1,0,0,0,0,0.007954678979119247,-0.1033920161640185,7.08262,0.632959,7.28653,8.79656,1.94032,1.5776134042358623,0.6650525672460139,0.43595303400586904,0.5905942198964572,0.44391197441572083,-0.3641162980958024,-0.11001290069120637,-0.3870370918189913,1.6021551867454897,-0.5550231802386093,-0.40387272380744554,1.764720691007243,0,-0.31632603250270985
657,1.7303016876316453,0,0,0,1,0,0,0,0,0.0052463567912234945,-0.09281400383021943,1.94032,6.99809,0.632959,3.85574,2.30472,1.211486983468997,0.5841533903378374,0.11178090962154115,0.4637506667526973,0.507831211476136,-0.3641162980958024,-0.11001290069120637,-0.3870370918189913,0.7791325223287542,-0.5550231802386093,-0.40387272380744554,1.764720691007243,1,-0.31632603250270985
658,1.8070175779516418,0,0,0,1,0,0,0,0,0.02127830982507403,-0.10213182014797009,0.632959,2.35885,6.99809,6.85011,1.09558,0.5771138509981342,0.24473062657807135,0.43595303400586904,0.4911224454007603,0.1791095087571748,-0.3641162980958024,-0.11001290069120637,-0.3870370918189913,-0.04389014208798146,-0.5550231802386093,-0.40387272380744554,0.5644988738891453,3,-0.31632603250270985
659,-0.5221680489258334,0,0,0,1,0,0,0,0,0.03598473760332309,-0.09624315637090326,2.35885,1.24214,7.28653,2.30472,0.632959,-0.12085706233182875,-0.3273185176661902,0.9538238855563629,0.8664255289239405,0.7221547747322347,-0.3641162980958024,-0.11001290069120637,-0.3870370918189913,0.7791325223287542,-0.5550231802386093,-0.40387272380744554,0.5644988738891453,2,-0.31632603250270985
660,-0.04689521892954715,0,0,0,1,0,0,0,0,0.030048806153182093,-0.09737950563299985,1.09558,1.24214,7.28653,0.632959,2.30472,-0.12085706233182875,0.12848404546143663,-0.2128565036755516,0.09104833875016315,-0.024248211006078407,-0.3641162980958024,-0.11001290069120637,-0.3870370918189913,0.7791325223287542,-0.5550231802386093,-0.40387272380744554,0.5644988738891453,2,-0.31632603250270985
662,-0.4670286203284189,0,0,0,1,0,0,0,0,0.037317517571944625,-0.10329107842483128,1.09558,2.35885,4.60838,2.84209,7.28653,0.36278089279047343,0.12848404546143663,0.4442995237839445,0.28873660460367623,0.19410506644594172,-0.3641162980958024,-0.11001290069120637,-0.3870370918189913,-0.04389014208798146,-0.5550231802386093,-0.40387272380744554,-0.6357229432289523,4,-0.31632603250270985
664,-0.06726023851182084,0,0,0,1,0,0,0,0,0.021753273999864233,-0.08598269988214186,1.12925,1.94032,0.632959,2.51001,3.85574,0.16637230495038347,-0.297950445833691,0.06629534326813814,-0.24177482975448372,-0.22243739764790357,-0.3641162980958024,-0.11001290069120637,-0.3870370918189913,1.6021551867454897,-0.5550231802386093,-0.40387272380744554,1.764720691007243,0,-0.31632603250270985
666,-0.20435636147100353,0,0,0,1,0,0,0,0,0.014276994393225422,-0.0879557782966615,2.30472,0.632959,3.85574,7.08262,1.12925,0.40192339202417,-0.11981268743890336,-0.1825904869680329,-0.46473540144096004,-0.42634143416117276,-0.3641162980958024,-0.11001290069120637,-0.3870370918189913,2.4251778511622253,-0.5550231802386093,-0.40387272380744554,0.5644988738891453,0,-0.31632603250270985
668,-0.6962172956313768,0,0,0,1,0,0,0,0,0.01661101573657254,-0.09565594540450001,7.28653,1.94032,2.30472,7.08262,6.99809,0.5771138509981342,-0.11981268743890336,0.06629534326813814,-0.22668312195017054,-0.4663690316345851,-0.3641162980958024,-0.11001290069120637,-0.3870370918189913,1.6021551867454897,-0.5550231802386093,-0.40387272380744554,0.5644988738891453,1,-0.31632603250270985
670,1.571068528791786,0,0,0,1,0,0,0,0,0.0011255273485564603,-0.07544600744399438,4.63648,3.85574,1.94032,7.08262,1.07582,0.9902177774952149,0.24441735549608715,1.5008354731584905,1.0485523322692447,0.6672518583732003,-0.3641162980958024,-0.11001290069120637,-0.3870370918189913,1.6021551867454897,0.4150033169688831,-0.40387272380744554,0.5644988738891453,0,-0.31632603250270985
671,0.5162711243645554,0,0,0,1,0,0,0,0,0.010524846298566582,-0.07898492395494029,6.65938,1.94032,1.07582,1.12925,2.30472,1.1248047363976015,0.2796351096395568,0.04690810618021016,-0.1947102012467719,-0.22243739764790357,-0.3641162980958024,-0.11001290069120637,-0.3870370918189913,1.6021551867454897,0.4150033169688831,-0.40387272380744554,0.5644988738891453,0,-0.31632603250270985
673,-0.5296022404452445,0,0,0,1,0,0,0,0,0.019979536922262345,-0.07295650504867073,2.51001,1.12925,3.85574,4.12101,2.30472,-0.3308360090391251,-0.38915159897782153,0.04690810618021016,-0.2123508264305729,-0.13759503557986558,-0.3641162980958024,-0.11001290069120637,-0.3870370918189913,2.4251778511622253,0.4150033169688831,-0.40387272380744554,-0.6357229432289523,0,-0.31632603250270985
674,-0.5095005778499945,0,0,0,1,0,0,0,0,0.022457428846267467,-0.07945979198187848,2.51001,2.30472,1.07582,3.85574,1.94032,-0.48191897161823344,-0.4746811447117795,-0.7625019459380423,-0.1947102012467719,-0.42634143416117276,-0.3641162980958024,-0.11001290069120637,-0.3870370918189913,2.4251778511622253,-0.5550231802386093,-0.40387272380744554,0.5644988738891453,0,-0.31632603250270985
675,0.009974841296879986,0,0,0,1,0,0,0,0,0.024681126786415236,-0.07539150232812802,1.12925,1.07582,2.30472,3.85574,4.12101,-0.48191897161823344,-0.8477296154744552,0.09475795034812316,0.28585178010269385,0.18252863945094644,-0.3641162980958024,-0.11001290069120637,-0.3870370918189913,2.4251778511622253,0.4150033169688831,-0.40387272380744554,-0.6357229432289523,0,-0.31632603250270985
676,0.6160721357185137,0,0,0,1,0,0,0,0,0.017034088430216636,-0.062208231176810264,0.180789,1.07582,1.88429,4.63648,2.51001,1.5643954373415763,0.6377648299934247,0.19409672316141968,-0.035871389029100684,0.18252863945094644,-0.3641162980958024,-0.11001290069120637,-0.3870370918189913,1.6021551867454897,0.4150033169688831,-0.40387272380744554,-0.6357229432289523,1,-0.31632603250270985
678,0.8100044587200775,0,0,0,1,0,0,0,0,0.005395078940729615,-0.06729566688000652,6.65938,4.12101,3.85574,4.04981,1.88429,0.9902177774952149,0.8673356712118218,0.45550663113088635,0.39609363362071087,0.12632318990029784,-0.3641162980958024,-0.11001290069120637,-0.3870370918189913,0.7791325223287542,2.355056311383868,-0.40387272380744554,-0.6357229432289523,0,-0.31632603250270985
680,-0.8663346225206568,0,0,0,1,0,0,0,0,0.016623521589888807,-0.05137742240718153,1.88429,4.12101,0.655544,7.95072,4.63648,0.24774206678269642,0.5742361339328911,1.0933655795366657,0.8163817560873707,0.8792996710188733,-0.3641162980958024,-0.11001290069120637,-0.3870370918189913,-0.04389014208798146,2.355056311383868,-0.40387272380744554,-0.6357229432289523,1,-0.31632603250270985
681,-0.225436207160913,0,0,0,1,0,0,0,0,0.009615056443705592,-0.05316258190029754,0.180789,7.95072,4.12101,4.63648,0.655544,0.24774206678269642,0.44689475628516134,0.19409672316141968,0.4616689866355368,0.3162083137124204,-0.3641162980958024,-0.11001290069120637,-0.3870370918189913,-0.8669128065047171,2.355056311383868,-0.40387272380744554,-0.6357229432289523,2,-0.31632603250270985
682,-0.6640215277434651,0,0,0,0,1,0,0,0,-0.36849442571043395,0.7784075683205565,0.678798,1.52165,0.636621,5.94748,1.28411,-0.7283677032527832,-0.8602278440488461,0.124826714308755,0.26620882703393467,-0.04513990183419631,-0.3641162980958024,-0.11001290069120637,-0.3870370918189913,-0.8669128065047171,-0.5550231802386093,-0.40387272380744554,-0.6357229432289523,5,-0.31632603250270985
684,-0.36187017540986477,0,0,0,0,1,0,0,0,-0.3681574918052754,0.7833800004464516,0.718535,0.678798,5.94748,2.35456,0.636621,-0.3474939600679116,-0.2838222303007436,-0.20785975605509469,-0.3172514907998008,-0.5562164664733272,-0.3641162980958024,-0.11001290069120637,-0.3870370918189913,-0.8669128065047171,-0.5550231802386093,-0.40387272380744554,-0.6357229432289523,5,-0.31632603250270985
685,-0.6789715514482649,0,0,0,0,1,0,0,0,-0.36483697452379393,0.776739503995924,0.718535,1.52165,0.636621,3.58319,5.94748,-0.7283677032527832,-0.2838222303007436,-0.4201006679566663,0.13355162474317409,-0.022252833428518286,-0.3641162980958024,-0.11001290069120637,-0.3870370918189913,-0.8669128065047171,-0.5550231802386093,-0.40387272380744554,-0.6357229432289523,5,-0.31632603250270985
687,-0.6948395623649759,0,0,0,0,1,0,0,0,-0.35703721854214654,0.7810947597839013,3.58319,0.678798,5.94748,1.52165,0.718535,-0.532286518165677,0.005724929474069395,-0.1756073746861606,-0.29036984657804726,-0.4879183904027698,-0.3641162980958024,-0.11001290069120637,-0.3870370918189913,-0.8669128065047171,-0.5550231802386093,-0.40387272380744554,-0.6357229432289523,5,-0.31632603250270985
688,1.3032344729887066,0,0,0,0,1,0,0,0,-0.360923250053915,0.7900486382544541,1.52165,0.636621,3.58319,2.35456,0.718535,1.132902718538756,0.28768842986053295,-0.10815316172714183,0.043919332819183324,-0.05107364690815765,-0.3641162980958024,-0.11001290069120637,-0.3870370918189913,-0.8669128065047171,-0.5550231802386093,-0.40387272380744554,-0.6357229432289523,5,-0.31632603250270985
689,0.41373120034555094,0,0,0,0,1,0,0,0,-0.35300713243039206,0.7833758254846737,0.636621,5.94748,6.11528,0.678798,1.52165,-0.532286518165677,0.3654804451232817,0.04367111466180608,0.13355162474317409,0.0479521127802974,-0.3641162980958024,-0.11001290069120637,-0.3870370918189913,-0.8669128065047171,-0.5550231802386093,-0.40387272380744554,-0.6357229432289523,5,-0.31632603250270985
691,1.366364905020954,0,0,0,0,1,0,0,0,-0.3467355164718413,0.7744394996847617,0.27441,0.668785,3.58319,1.30779,0.636621,0.7039712399957464,0.2808857030526655,0.04367111466180608,-0.12534373665513057,-0.376081635194732,-0.3641162980958024,-0.11001290069120637,-0.3870370918189913,-0.8669128065047171,-0.5550231802386093,-0.40387272380744554,-0.6357229432289523,5,-0.31632603250270985
692,0.15723278171250485,0,0,0,0,1,0,0,0,-0.3335067831118732,0.7700458554733961,1.30779,0.440434,0.27441,0.668785,0.310373,-0.7059361254722234,-0.475668110649292,-0.7310081705642973,-0.7922977390035945,-0.9813541259584379,-0.3641162980958024,-0.11001290069120637,-0.3870370918189913,-0.8669128065047171,-0.5550231802386093,-0.40387272380744554,-0.6357229432289523,5,-0.31632603250270985
693,-0.4423294971882698,0,0,0,0,1,0,0,0,-0.3367660771727998,0.7676506771629749,0.27441,2.90142,0.440434,0.668785,0.310373,-0.7091270936064549,-1.1291620068508021,-1.3433543151400613,-1.4990327980932543,-1.4743568598630725,-0.3641162980958024,-0.11001290069120637,-0.3870370918189913,-0.8669128065047171,-0.5550231802386093,-0.40387272380744554,-0.6357229432289523,5,-0.31632603250270985
694,-0.8311121304033088,0,0,0,0,1,0,0,0,-0.34081681007933906,0.7684033863525774,0.668785,1.30779,0.440434,2.90142,0.310373,-1.3069138968661729,-1.1315561457845944,-0.7453612944431536,-0.973857942411145,-1.136234292587928,-0.3641162980958024,-0.11001290069120637,-0.3870370918189913,-0.8669128065047171,-0.5550231802386093,-0.40387272380744554,-0.6357229432289523,5,-0.31632603250270985
695,-0.682738685035505,0,0,0,0,1,0,0,0,-0.3411037133810698,0.7663769430884667,0.27441,1.30779,0.310373,0.440434,2.90142,-1.3069138968661729,-1.0359976602120393,-0.9736395734611688,-1.160376452525729,-1.0117590210466683,-0.3641162980958024,-0.11001290069120637,-0.3870370918189913,-0.8669128065047171,-0.5550231802386093,-0.40387272380744554,-0.6357229432289523,5,-0.31632603250270985
696,-0.7686498726695673,0,0,0,0,1,0,0,0,-0.33529930125138696,0.7637132855377287,0.310373,1.30779,0.668785,0.894173,2.90142,-1.396486100955354,-1.0590234185159044,-0.9413950295327518,-1.0962909604094306,-1.2622430397639337,-0.3641162980958024,-0.11001290069120637,-0.3870370918189913,-0.8669128065047171,-0.5550231802386093,-0.40387272380744554,-0.6357229432289523,5,-0.31632603250270985
697,-0.8175819770828339,0,0,0,0,1,0,0,0,-0.3364963745295456,0.7623454970304645,0.440434,1.30779,0.668785,0.894173,0.27441,-1.396486100955354,-0.7796893730387627,-0.9736395734611688,-0.9902487598905948,-1.136234292587928,-0.3641162980958024,-0.11001290069120637,-0.3870370918189913,-0.8669128065047171,-0.5550231802386093,-0.40387272380744554,-0.6357229432289523,5,-0.31632603250270985
698,-0.5979422499050873,0,0,0,0,1,0,0,0,-0.3292860802149684,0.7606859787769681,0.343397,2.023,1.89559,0.440434,0.310373,-0.780092224232163,-0.9658589229976858,-1.0197432635803465,-1.0962909604094306,-1.1914165278241802,-0.3641162980958024,-0.11001290069120637,-0.3870370918189913,-0.8669128065047171,-0.5550231802386093,0.9628281895925127,-0.6357229432289523,4,-0.31632603250270985
700,-0.22118487294181646,0,0,0,0,1,0,0,0,-0.3273468067905567,0.75529019741178,0.343397,0.894173,2.023,0.310373,0.440434,-0.26991842965828333,-0.6858168424133565,-0.5873917061593839,-0.20938842811176417,-0.45868795019757846,-0.3641162980958024,-0.11001290069120637,-0.3870370918189913,-0.8669128065047171,-0.5550231802386093,0.9628281895925127,-0.6357229432289523,4,-0.31632603250270985
701,-0.8051575468835911,0,0,0,0,1,0,0,0,-0.3254244354375601,0.7601886535411164,2.023,0.894173,1.89559,0.440434,0.310373,-1.1472286933101843,-1.184800294590104,-1.1205076238349994,-0.43512988727818347,-0.5684414707721037,-0.3641162980958024,-0.11001290069120637,-0.3870370918189913,-0.8669128065047171,-0.5550231802386093,0.9628281895925127,-0.6357229432289523,4,-0.31632603250270985
702,-0.26133176449224016,0,0,0,0,1,0,0,0,-0.31231550007784453,0.7516061768578033,2.02833,1.89559,0.343397,2.023,0.66634,1.2790209176526408,1.4905951047580956,0.9569028063005891,0.749665580516086,0.44953222592529135,-0.3641162980958024,-0.11001290069120637,-0.3870370918189913,-0.04389014208798146,-0.5550231802386093,0.9628281895925127,-0.6357229432289523,2,1.7381456473456194
703,0.4922529671479961,0,0,0,1,0,0,0,0,-0.3013948883801375,0.770019559091364,1.9889,2.05911,0.552382,6.61931,9.0426,-0.655868892757714,0.7921496265819576,1.6789888432461904,1.2762111388195787,0.9810773940074301,-0.3641162980958024,-0.11001290069120637,-0.3870370918189913,-0.8669128065047171,-0.5550231802386093,-0.40387272380744554,0.5644988738891453,3,1.7381456473456194
704,-0.18607938657156042,0,0,0,1,0,0,0,0,-0.2990520218656488,0.7734066662621533,3.7919,2.05911,6.61931,0.552382,9.0426,-0.655868892757714,1.235473540867659,0.9666330068221956,0.7728370908922211,0.7941526543994456,-0.3641162980958024,-0.11001290069120637,1.4728290102938495,-0.8669128065047171,-0.5550231802386093,-0.40387272380744554,0.5644988738891453,2,1.7381456473456194
706,1.5559932224060162,0,0,0,1,0,0,0,0,-0.287515308389974,0.7838539111687146,1.40553,0.351502,2.29586,1.9889,4.58525,1.4037708376461238,0.5631883644723736,0.7865769719434978,0.5311861685557591,0.693575441042114,-0.3641162980958024,6.9251710563310676,1.4728290102938495,-0.8669128065047171,-0.5550231802386093,-0.40387272380744554,-0.6357229432289523,3,-0.31632603250270985
707,-0.07059358551900635,0,0,0,1,0,0,0,0,-0.27494137278788083,0.7917490247156579,0.351502,2.20704,6.61931,1.40553,2.24109,1.7373641946955014,1.1638844919086302,0.7865769719434978,0.44872186777731965,1.462263264478748,-0.3641162980958024,6.9251710563310676,1.4728290102938495,-0.04389014208798146,-0.5550231802386093,-0.40387272380744554,-0.6357229432289523,2,-0.31632603250270985
709,-0.405557337314421,0,0,0,1,0,0,0,0,-0.29034446518472845,0.7938531764455037,3.67554,6.61931,2.20704,4.58525,8.23637,1.2564957425892698,0.45372173464124954,0.04177946031916149,0.053525249557397264,-0.05944484475529418,-0.3641162980958024,-0.11001290069120637,-0.3870370918189913,-0.8669128065047171,-0.5550231802386093,2.329529102992471,-0.6357229432289523,3,-0.31632603250270985
710,-0.10400982492963906,0,0,0,1,0,0,0,0,-0.28341581000290594,0.8023400470294462,1.40553,8.23637,2.29586,3.67554,6.61931,1.5166204529602838,0.7064223498953874,0.5841507516924975,0.6107613696489325,0.8453162224602104,-0.3641162980958024,-0.11001290069120637,1.4728290102938495,-0.8669128065047171,-0.5550231802386093,2.329529102992471,-0.6357229432289523,2,-0.31632603250270985
712,0.7907304895126163,0,0,0,1,0,0,0,0,-0.30366985709264044,0.7935482891501208,3.67554,0.552382,4.30898,9.0426,1.17169,0.17527999066940625,-0.20535657865763204,0.12558459384595605,-0.04910433594282012,-0.27178655808280705,-0.3641162980958024,-0.11001290069120637,1.4728290102938495,-0.8669128065047171,-0.5550231802386093,0.9628281895925127,-0.6357229432289523,2,1.7381456473456194
713,-0.7265323184076722,0,0,0,1,0,0,0,0,-0.30829361655269993,0.7872411901149767,9.0426,4.58525,4.30898,3.67554,1.9889,-0.30519871049235203,-0.20535657865763204,0.466450356404451,0.37886251296811907,0.408734897346622,-0.3641162980958024,-0.11001290069120637,-0.3870370918189913,-0.8669128065047171,-0.5550231802386093,0.9628281895925127,-0.6357229432289523,4,-0.31632603250270985
714,0.6867910112197144,0,0,0,1,0,0,0,0,-0.31413820971914275,0.7986851323901994,1.17169,0.715667,4.29304,4.58525,0.328052,0.040139546023188505,-0.038692928215800663,-0.3721730130182335,-0.21444546305714957,-0.48484352193473235,-0.3641162980958024,-0.11001290069120637,1.4728290102938495,-0.04389014208798146,0.4150033169688831,-0.40387272380744554,-0.6357229432289523,2,-0.31632603250270985
715,2.467693726812597,0,0,0,1,0,0,0,0,-0.3135856316228759,0.7860286962962192,0.552382,4.58525,4.30898,2.99042,1.17169,-0.30519871049235203,0.8501217747969659,0.4614914137598853,0.7444736731518278,0.7173388424784208,-0.3641162980958024,-0.11001290069120637,1.4728290102938495,-0.8669128065047171,0.4150033169688831,-0.40387272380744554,-0.6357229432289523,2,1.7381456473456194
716,0.19071674149122947,0,0,0,1,0,0,0,0,-0.32629862426809564,0.7969547626392788,4.29304,2.2925,4.30898,0.328052,9.0426,0.6084339560822746,0.16397780494347625,0.2225415705660546,0.42158653362931336,0.3829926663033329,-0.3641162980958024,-0.11001290069120637,-0.3870370918189913,-0.04389014208798146,1.3850298141763753,-0.40387272380744554,-0.6357229432289523,2,-0.31632603250270985
717,-0.07185769905671992,0,0,0,1,0,0,0,0,-0.3339241588198668,0.8026776611928953,2.99042,1.80113,4.29304,4.0798,0.374819,1.017592895462911,0.42973948219112906,0.1949046342223062,-0.024935855304175317,-0.017109241118643904,-0.3641162980958024,-0.11001290069120637,-0.3870370918189913,0.7791325223287542,2.355056311383868,-0.40387272380744554,-0.6357229432289523,0,-0.31632603250270985
719,0.6807939964009183,0,0,0,1,0,0,0,0,-0.32180756979692815,0.8036484440989247,0.328052,2.99042,4.30898,1.17169,0.374819,0.16536369009768184,-0.1430084467748437,-0.3721730130182335,-0.3443923524979098,-0.5183371484474264,-0.3641162980958024,-0.11001290069120637,1.4728290102938495,-0.8669128065047171,2.355056311383868,-0.40387272380744554,-0.6357229432289523,1,-0.31632603250270985
720,-0.2567230172193259,0,0,0,1,0,0,0,0,-0.3425483446938294,0.8089637867689526,4.0798,4.90096,2.2925,5.93967,0.374819,0.03585813728537478,0.35477556303974467,-0.052433525768672405,0.7181606691527649,0.49219169474947533,-0.3641162980958024,-0.11001290069120637,-0.3870370918189913,0.7791325223287542,1.3850298141763753,-0.40387272380744554,-0.6357229432289523,1,-0.31632603250270985
721,0.6005679336681625,0,0,0,1,0,0,0,0,-0.33866100836048085,0.8139229845758236,1.80113,5.93967,4.90096,2.2925,0.374819,0.03585813728537478,0.3416858149747885,-0.10232988783243283,-0.024935855304175317,-0.263378569297547,-0.3641162980958024,-0.11001290069120637,-0.3870370918189913,-0.04389014208798146,2.355056311383868,-0.40387272380744554,-0.6357229432289523,1,-0.31632603250270985
722,0.9095082529029664,0,0,0,1,0,0,0,0,-0.34882309135400363,0.8169740636804458,1.80113,4.0798,3.47382,6.41261,5.93967,1.2718929102091858,0.37219617408703953,-0.08025225367517581,0.21986233317852136,0.3178422308592397,-0.3641162980958024,-0.11001290069120637,-0.3870370918189913,1.6021551867454897,0.4150033169688831,-0.40387272380744554,-0.6357229432289523,1,-0.31632603250270985
723,1.3002961614620567,0,0,0,1,0,0,0,0,-0.33295180257378804,0.8222340295196221,0.482854,0.715439,6.41261,1.8446,4.0798,0.4421561034547861,0.09834461729377311,-0.19907005375470332,-0.4495370088246501,-0.6919800845530897,-0.3641162980958024,-0.11001290069120637,-0.3870370918189913,0.7791325223287542,-0.5550231802386093,-0.40387272380744554,-0.6357229432289523,3,-0.31632603250270985
724,-0.7526904392559326,0,0,0,1,0,0,0,0,-0.33102818892588165,0.8294112489992703,0.715439,5.93967,0.917435,6.41261,1.8446,0.2759771915109226,-0.26776440297893683,-0.40793949629781723,-0.5317788069255915,-0.27439100600479505,-0.3641162980958024,-0.11001290069120637,-0.3870370918189913,0.7791325223287542,0.4150033169688831,-0.40387272380744554,-0.6357229432289523,2,-0.31632603250270985
725,1.4782276663805967,0,0,0,1,0,0,0,0,-0.34095403018742765,0.8281456816130724,0.482854,5.93967,2.8124,4.90096,4.0798,1.0952480010870944,0.26062994072933604,0.2667710797573228,0.21986233317852136,0.0765426490802105,-0.3641162980958024,-0.11001290069120637,-0.3870370918189913,0.7791325223287542,-0.5550231802386093,-0.40387272380744554,-0.6357229432289523,2,1.7381456473456194
726,-0.6651863180746442,0,0,0,1,0,0,0,0,-0.3244985997970528,0.8262575190202947,0.917435,1.8446,0.482854,5.93967,0.374819,-0.11664215086796001,-0.451233611661618,-0.7653586618088837,-0.6270227209751152,-0.2818463895509722,-0.3641162980958024,-0.11001290069120637,-0.3870370918189913,-0.04389014208798146,1.3850298141763753,-0.40387272380744554,-0.6357229432289523,2,-0.31632603250270985
727,-0.24036854832515547,0,0,0,1,0,0,0,0,-0.32279509064987805,0.8198005938980213,0.374819,0.715439,5.93967,0.328052,0.917435,0.08659955383659468,-0.451233611661618,-0.13959108149949997,-0.12988301235967686,-0.37812379230958376,-0.3641162980958024,-0.11001290069120637,-0.3870370918189913,0.7791325223287542,2.355056311383868,-0.40387272380744554,-0.6357229432289523,0,-0.31632603250270985
728,-0.7933358279603654,0,0,0,1,0,0,0,0,-0.32545257474777395,0.8140023165045167,1.8446,0.328052,5.93967,4.29304,0.715439,0.08659955383659468,-0.004676139029079934,0.07126760321441014,-0.24863349050684636,-0.2818463895509722,-0.3641162980958024,-0.11001290069120637,-0.3870370918189913,1.6021551867454897,0.4150033169688831,-0.40387272380744554,-0.6357229432289523,1,-0.31632603250270985
729,-0.8109307082634172,0,0,0,1,0,0,0,0,-0.31803804803428287,0.8091647037093831,4.29304,0.374819,1.17169,0.715667,2.51019,0.16536369009768184,-0.004676139029079934,-0.40173025664846923,-0.662056245600394,-0.6233108690067014,-0.3641162980958024,-0.11001290069120637,1.4728290102938495,-0.04389014208798146,0.4150033169688831,-0.40387272380744554,-0.6357229432289523,2,-0.31632603250270985
731,0.010042561664971897,0,0,0,1,0,0,0,0,-0.3070771350266027,0.808884332866208,0.715667,1.17169,0.328052,8.23637,4.30898,-0.7221428574542269,-0.6110359476522418,-0.0434420821122293,-0.05418348740208339,-0.3032240258784496,-0.3641162980958024,-0.11001290069120637,1.4728290102938495,-0.8669128065047171,0.4150033169688831,0.9628281895925127,-0.6357229432289523,2,-0.31632603250270985
732,-0.6651005389417278,0,0,0,1,0,0,0,0,-0.30948480096365943,0.805785491439983,1.17169,2.51019,4.30898,0.328052,3.67554,-1.2668886388440488,-1.141321692060882,-0.45861582432170034,-0.662056245600394,-0.3817841681861319,-0.3641162980958024,-0.11001290069120637,1.4728290102938495,-0.8669128065047171,0.4150033169688831,0.9628281895925127,-0.6357229432289523,2,-0.31632603250270985
733,-0.4935336199510162,0,0,0,1,0,0,0,0,-0.3107349666481614,0.8039637625384756,0.715667,2.51019,4.30898,0.328052,4.29304,-1.2668886388440488,-0.6110359476522418,-0.9187899987781362,-0.6819365447613642,-0.60524651784637,-0.3641162980958024,-0.11001290069120637,-0.3870370918189913,-0.04389014208798146,0.4150033169688831,-0.40387272380744554,-0.6357229432289523,3,-0.31632603250270985
737,-0.5891905210020232,0,0,0,1,0,0,0,0,-0.32216994066030885,0.8315105056851354,0.715439,0.482854,1.8446,5.93967,0.374819,-0.11664215086796001,0.01974988076766543,0.2612818930983516,0.28303890856232117,0.6564329886060589,-0.3641162980958024,-0.11001290069120637,-0.3870370918189913,0.7791325223287542,0.4150033169688831,-0.40387272380744554,-0.6357229432289523,2,-0.31632603250270985
741,0.37258355224443723,0,0,0,1,0,0,0,0,-0.3578150076604303,0.8225543807359755,1.49046,4.90096,5.1429,6.41261,1.80113,0.6007707897273833,0.3976573510541498,0.466463284341674,0.8584379475842002,0.9932700688998986,-0.3641162980958024,-0.11001290069120637,-0.3870370918189913,-0.8669128065047171,0.4150033169688831,-0.40387272380744554,0.5644988738891453,3,-0.31632603250270985
743,0.12374129744843664,0,0,0,1,0,0,0,0,-0.34475172008587196,0.8393425495685561,1.23033,0.239367,0.60012,6.41261,5.1429,0.5849500275303897,-0.058932947181830564,-0.1609810950772115,-0.08927655693050618,0.1849568548148025,-0.3641162980958024,-0.11001290069120637,-0.3870370918189913,-0.8669128065047171,-0.5550231802386093,-0.40387272380744554,-0.6357229432289523,5,-0.31632603250270985
744,1.0005319521036926,0,0,0,1,0,0,0,0,-0.36009148878279235,0.835063709557288,1.49046,0.60012,0.239367,3.47382,1.20527,1.2009253243584124,0.5628329817288097,0.29105347722527264,0.0877606052914681,-0.10242823799139382,-0.3641162980958024,-0.11001290069120637,-0.3870370918189913,-0.04389014208798146,-0.5550231802386093,0.9628281895925127,0.5644988738891453,2,-0.31632603250270985
747,-0.43099386001823636,0,0,0,1,0,0,0,0,-0.39054285103391434,0.8385788051664855,1.58145,1.1986,6.70516,0.117526,1.61178,0.24985022180335012,0.49146700102587926,0.1989849591584644,-0.06934653011159522,0.3859081981937195,-0.3641162980958024,-0.11001290069120637,-0.3870370918189913,-0.8669128065047171,-0.5550231802386093,0.9628281895925127,-0.6357229432289523,1,5.847089007042277
748,-0.33937196423269916,0,0,0,1,0,0,0,0,-0.3854587639981977,0.8434403171913714,1.1986,0.117526,1.33792,6.70516,0.174482,-0.6027486263944578,-0.8414468997529353,-0.7823563547976246,-0.28525716194079803,0.07828144263694178,-0.3641162980958024,-0.11001290069120637,-0.3870370918189913,-0.8669128065047171,-0.5550231802386093,0.9628281895925127,-0.6357229432289523,3,1.7381456473456194
749,-0.8901356983350553,0,0,0,1,0,0,0,0,-0.3820887096403178,0.8473888841123438,1.1986,1.58145,1.33792,6.70516,1.20527,-0.8610856278000122,-0.8414468997529353,0.2892515067080412,0.020611474668310988,-0.13461102885578524,-0.3641162980958024,-0.11001290069120637,-0.3870370918189913,-0.8669128065047171,-0.5550231802386093,2.329529102992471,-0.6357229432289523,1,3.7926173271939483
753,1.5882920757431347,0,0,0,1,0,0,0,0,-0.39509071682937663,0.8491834194010575,0.174482,1.61178,1.58145,1.33792,3.42474,0.1454050539997231,-0.4143257453330944,0.04571128316382265,-0.1493723551307271,-0.30986911265438744,-0.3641162980958024,-0.11001290069120637,-0.3870370918189913,-0.8669128065047171,-0.5550231802386093,0.9628281895925127,-0.6357229432289523,2,3.7926173271939483
754,-0.3279610822092304,0,0,0,1,0,0,0,0,-0.40219727158575763,0.8505213580150343,3.42474,6.70516,0.174482,6.2731,0.431903,-0.1824132381880385,-0.4143257453330944,-0.2344298124664814,-0.17891769507714528,-0.0017197857502903725,-0.3641162980958024,-0.11001290069120637,-0.3870370918189913,-0.04389014208798146,-0.5550231802386093,0.9628281895925127,-0.6357229432289523,2,1.7381456473456194
755,-0.8687074689737403,0,0,0,1,0,0,0,0,-0.39374774075439867,0.8555518665738028,6.70516,1.61178,3.42474,0.117526,1.58145,0.1454050539997231,0.21985106616052416,0.503741546764351,0.26879248258780986,0.07828144263694178,-0.3641162980958024,-0.11001290069120637,-0.3870370918189913,-0.8669128065047171,-0.5550231802386093,0.9628281895925127,-0.6357229432289523,1,5.847089007042277
756,1.4257406188667778,0,0,0,1,0,0,0,0,-0.41288387166859913,0.8556710098701555,3.42474,0.431903,3.08129,1.61178,6.39225,-0.0796446730902117,0.2323343145823294,-0.09266528163504616,-0.17891769507714528,-0.4367952770870154,-0.3641162980958024,-0.11001290069120637,-0.3870370918189913,-0.04389014208798146,-0.5550231802386093,0.9628281895925127,-0.6357229432289523,2,1.7381456473456194
757,-0.7718594418928516,0,0,0,1,0,0,0,0,-0.407376093894062,0.8635723589442406,6.2731,3.42474,1.12667,3.08129,0.469752,1.1087001578469557,0.4373894211679443,-0.027919117368297924,-0.29519361694982693,-0.04126984071985572,-0.3641162980958024,-0.11001290069120637,-0.3870370918189913,1.6021551867454897,-0.5550231802386093,0.9628281895925127,-0.6357229432289523,1,-0.31632603250270985
759,0.6017379911390821,0,0,0,0,1,0,0,0,-0.4041246291140064,0.8161083064965889,1.64603,1.9086,0.616065,1.11985,1.30896,-0.6542554712507891,-0.4823098232368516,-0.40924546795124983,-0.22189525290864262,-0.3096342953559642,-0.3641162980958024,-0.11001290069120637,1.4728290102938495,-0.04389014208798146,-0.5550231802386093,2.329529102992471,-0.6357229432289523,0,1.7381456473456194
761,-0.2812302659832149,0,0,0,0,1,0,0,0,-0.41798788085327143,0.8120983343065817,0.670725,3.0667,2.00688,1.67422,0.616065,0.05854324794484791,-0.17863716233292287,-0.4367577083337645,-0.6781294969428341,-0.6388689948148658,-0.3641162980958024,-0.11001290069120637,-0.3870370918189913,0.7791325223287542,-0.5550231802386093,0.9628281895925127,-0.6357229432289523,2,-0.31632603250270985
762,-0.6820088099571823,0,0,0,0,1,0,0,0,-0.4144733568334797,0.8068177758304174,1.93904,1.73599,0.616065,1.67422,1.20621,-0.3012802202181788,-0.5555837838831454,-0.8811297391427646,-0.9871536931487375,-0.5868993920917961,-0.3641162980958024,-0.11001290069120637,-0.3870370918189913,-0.8669128065047171,0.4150033169688831,2.329529102992471,-0.6357229432289523,1,1.7381456473456194
764,-0.3044696389667184,0,0,0,0,1,0,0,0,-0.42130812119352706,0.8040571295905804,0.670725,2.4988,1.73599,1.84026,1.93904,0.3057249600926015,-0.20507104424343417,-0.39743602959298174,-0.586985438810186,-0.5780997297911432,-0.3641162980958024,-0.11001290069120637,-0.3870370918189913,-0.04389014208798146,0.4150033169688831,0.9628281895925127,0.5644988738891453,1,-0.31632603250270985
766,0.005757367261829493,0,0,0,0,1,0,0,0,-0.4291877655887254,0.8060430455858053,1.67422,3.0667,3.00265,0.865836,0.425336,0.5257153769494344,0.07367083802357724,-0.35871570650812806,-0.45709317237185165,-0.5811480900114817,-0.3641162980958024,-0.11001290069120637,-0.3870370918189913,0.7791325223287542,-0.5550231802386093,0.9628281895925127,-0.6357229432289523,2,-0.31632603250270985
768,0.21941512859146678,0,0,0,0,1,0,0,0,-0.4259259221526984,0.8142875500733846,2.00688,1.73599,2.4988,1.5434,0.865836,0.052447560926532126,-0.17863716233292287,-0.3611841098817499,-0.5401159881452771,-0.6709502886930097,-0.3641162980958024,-0.11001290069120637,-0.3870370918189913,0.7791325223287542,0.4150033169688831,0.9628281895925127,-0.6357229432289523,1,-0.31632603250270985
770,-0.17931487424772355,0,0,0,0,1,0,0,0,-0.4223216360141715,0.8194922705718967,3.0667,1.73599,1.9086,1.5434,1.64603,0.052447560926532126,-0.013484912022927847,0.22728272566249524,0.18524878464382608,-0.053574749303391914,-0.3641162980958024,-0.11001290069120637,1.4728290102938495,-0.04389014208798146,0.4150033169688831,0.9628281895925127,-0.6357229432289523,1,-0.31632603250270985
773,-0.8207494091881943,0,0,0,0,1,0,0,0,-0.4246792951626944,0.7913101776984247,0.341104,1.84026,0.221752,1.67422,2.4988,-0.7025772958051257,-1.035220416640155,-0.9681870104401927,0.17123290755842652,0.23786019195220826,-0.3641162980958024,-0.11001290069120637,-0.3870370918189913,-0.04389014208798146,-0.5550231802386093,-0.40387272380744554,0.5644988738891453,3,-0.31632603250270985
775,-0.8060202291282271,0,0,0,0,1,0,0,0,-0.42278760180114455,0.7878432077157463,0.301954,0.221752,1.84026,1.67422,2.4988,-0.7025772958051257,-1.0954252579900041,-0.7054840664169911,0.7625220224577127,0.8937031289893361,-0.3641162980958024,-0.11001290069120637,-0.3870370918189913,-0.04389014208798146,-0.5550231802386093,-0.40387272380744554,0.5644988738891453,3,-0.31632603250270985
776,-0.8509233478642985,0,0,0,0,1,0,0,0,-0.41875892445236934,0.7892169420274623,0.341104,0.301954,1.84026,1.67422,1.93904,-0.6609709444428763,-0.6263592539954823,-0.8002061170110638,0.5287079578071414,0.4733196880225209,-0.3641162980958024,-0.11001290069120637,-0.3870370918189913,0.7791325223287542,-0.5550231802386093,0.9628281895925127,0.5644988738891453,1,-0.31632603250270985
778,-0.2420013616447023,0,0,0,0,1,0,0,0,-0.4224079917990005,0.7950080627103601,0.301954,0.221752,0.341104,1.67422,2.4988,-0.5807284290390059,-0.43263418253955915,-0.7054840664169911,-0.586985438810186,-0.20494019037720257,-0.3641162980958024,-0.11001290069120637,-0.3870370918189913,0.7791325223287542,-0.5550231802386093,-0.40387272380744554,-0.6357229432289523,3,-0.31632603250270985
780,-0.6086033169640728,0,0,0,0,1,0,0,0,-0.43650900922701763,0.8130275673795379,1.5434,3.00265,3.16994,2.4988,3.0667,-1.0883474706532543,-0.9886000701447594,-0.19806565264542603,-0.45709317237185165,-0.6709502886930097,-0.3641162980958024,-0.11001290069120637,-0.3870370918189913,-0.04389014208798146,-0.5550231802386093,0.9628281895925127,-0.6357229432289523,3,-0.31632603250270985
781,0.19531796427880035,0,0,0,0,1,0,0,0,-0.4380912873224612,0.808823620336025,0.865836,0.425336,1.5434,2.4988,3.16994,-0.5185916674777208,-0.48224556173012767,-0.7072076918345619,-0.6438019870957237,-0.3426965639704987,-0.3641162980958024,-0.11001290069120637,-0.3870370918189913,-0.04389014208798146,-0.5550231802386093,2.329529102992471,-0.6357229432289523,2,-0.31632603250270985
783,-0.48054635824807707,0,0,0,0,1,0,0,0,-0.40529053234445217,0.8008132962597209,1.11985,1.93904,0.616065,1.03828,0.670725,-0.40144073718691314,-0.762422040395225,-0.5548278624406093,-0.4917485608530031,-0.5868993920917961,-0.3641162980958024,-0.11001290069120637,-0.3870370918189913,-0.04389014208798146,-0.5550231802386093,3.696230016392429,-0.6357229432289523,0,1.7381456473456194
784,-0.4418893147956731,0,0,0,0,1,0,0,0,-0.39414088798651326,0.8084117009809941,1.03828,1.40568,1.11985,4.94434,0.728255,-0.7236979437983689,-0.02030124688201383,-0.3333493421781763,-0.4991184424408351,-0.7110782054575769,-0.3641162980958024,-0.11001290069120637,-0.3870370918189913,-0.8669128065047171,-0.5550231802386093,0.9628281895925127,-0.6357229432289523,3,1.7381456473456194
785,-0.5437256994350571,0,0,0,0,1,0,0,0,-0.39609421966429265,0.8050484757141404,1.30896,1.11985,1.40568,0.728255,0.317647,-0.7236979437983689,-0.4979223785475362,-0.6042937893691204,-0.8273731205730719,-0.9477341682641324,-0.3641162980958024,-0.11001290069120637,-0.3870370918189913,-0.8669128065047171,-0.5550231802386093,0.9628281895925127,-0.6357229432289523,3,1.7381456473456194
787,-0.35555336996396825,0,0,0,0,1,0,0,0,-0.3941016400866434,0.7955851587850752,0.317647,0.728255,1.40568,1.03828,0.728195,-0.7869777019648101,-0.8530278587527196,-0.5568568832008955,-0.48555820919334736,-0.5301118742175197,-0.3641162980958024,-0.11001290069120637,-0.3870370918189913,-0.8669128065047171,-0.5550231802386093,-0.40387272380744554,-0.6357229432289523,4,1.7381456473456194
789,-0.8148453217633905,0,0,0,0,1,0,0,0,-0.39121754517833157,0.7980139804594818,0.728255,1.53844,1.40568,0.728195,1.03828,-1.5073604938576968,-1.1899663726028071,-1.312927693986604,-0.7324811685281016,-0.9477341682641324,-0.3641162980958024,-0.11001290069120637,-0.3870370918189913,-0.8669128065047171,-0.5550231802386093,-0.40387272380744554,-0.6357229432289523,4,1.7381456473456194
790,-0.6603646278665078,0,0,0,0,1,0,0,0,-0.39047174770845866,0.7992614364155918,0.317647,1.40568,1.53844,1.03828,0.728195,-1.5073604938576968,-1.373768557531246,-1.1647335619696264,-0.8273731205730719,-1.0051886867811368,-0.3641162980958024,-0.11001290069120637,-0.3870370918189913,-0.8669128065047171,-0.5550231802386093,-0.40387272380744554,-0.6357229432289523,4,1.7381456473456194
791,-0.40550090367434444,0,0,0,0,1,0,0,0,-0.38877957630376164,0.8016716332352284,0.728255,0.317647,1.03828,4.94434,1.53844,-1.0319538421672334,-1.0239337173196033,-0.6042937893691204,-0.8391547853181871,-1.036414807169002,-0.3641162980958024,-0.11001290069120637,-0.3870370918189913,-0.8669128065047171,-0.5550231802386093,-0.40387272380744554,-0.6357229432289523,4,1.7381456473456194
792,0.9258288616130909,0,0,0,0,1,0,0,0,-0.3839490479191036,0.8079806869060396,1.40568,1.30896,1.14255,0.728255,1.03828,0.5623235370219865,0.26472713330184994,-0.09982956377951396,-0.2958892349829886,-0.3705688140815553,-0.3641162980958024,-0.11001290069120637,-0.3870370918189913,-0.8669128065047171,-0.5550231802386093,-0.40387272380744554,-0.6357229432289523,3,3.7926173271939483
793,-0.5044967950965447,0,0,0,0,1,0,0,0,-0.3811188852470771,0.7983141969310616,0.728195,1.40568,10.5334,0.728255,2.35456,-1.1298614467487378,-0.13701646586655572,-0.3624392119723916,-0.6396585330016368,-0.8527244113621207,-0.3641162980958024,-0.11001290069120637,-0.3870370918189913,-0.8669128065047171,-0.5550231802386093,0.9628281895925127,-0.6357229432289523,4,-0.31632603250270985
794,-0.6603872013225385,0,0,0,0,1,0,0,0,-0.38256918003981083,0.7961147665093313,1.14255,1.40568,0.728255,0.317647,2.35456,-1.1298614467487378,-0.10805957170549334,-0.5180483633426125,-0.7324811685281016,-0.8624291570980124,-0.3641162980958024,-0.11001290069120637,-0.3870370918189913,-0.8669128065047171,-0.5550231802386093,-0.40387272380744554,-0.6357229432289523,5,-0.31632603250270985
797,-0.048509221035734996,0,0,0,0,1,0,0,0,-0.37395862811770303,0.792405215202321,1.28411,0.728195,1.14255,10.5334,1.52165,0.22067092381578,0.09738234533758182,-0.32856235653861043,-0.6028858051106593,-0.5806138611284285,-0.3641162980958024,-0.11001290069120637,-0.3870370918189913,-0.8669128065047171,-0.5550231802386093,0.9628281895925127,-0.6357229432289523,4,-0.31632603250270985
798,-0.4512384878350136,0,0,0,0,1,0,0,0,-0.379129691520873,0.7877529619621254,1.87947,2.35456,0.728195,1.14255,1.52165,0.019360064724003544,-0.43394164747825387,-0.3253465524137519,-0.2824127010884174,-0.47007762007126336,-0.3641162980958024,-0.11001290069120637,-0.3870370918189913,-0.8669128065047171,-0.5550231802386093,-0.40387272380744554,-0.6357229432289523,5,-0.31632603250270985
800,-0.22724960812870462,0,0,0,0,1,0,0,0,-0.3852243837840997,0.7856148506877143,1.28411,0.728195,2.35456,1.53844,1.14255,0.019360064724003544,0.5629369953563123,0.4397947538603018,0.14465734888288484,-0.11381635733340237,-0.3641162980958024,-0.11001290069120637,-0.3870370918189913,-0.8669128065047171,-0.5550231802386093,-0.40387272380744554,-0.6357229432289523,5,-0.31632603250270985
801,-0.47147182892377554,0,0,0,1,0,0,0,0,-0.3464365136648925,0.8470194886453555,0.239367,0.60012,2.8124,5.1429,6.41261,-0.04468746333930225,-0.24186600818336096,-0.5643470072886385,0.9985234469228959,0.9616156659799449,-0.3641162980958024,-0.11001290069120637,-0.3870370918189913,-0.8669128065047171,-0.5550231802386093,-0.40387272380744554,-0.6357229432289523,4,1.7381456473456194
803,-0.8442961573979811,0,0,0,1,0,0,0,0,-0.35192307179880455,0.8441192479914769,0.60012,1.23033,2.8124,5.1429,1.20527,-1.397810352878602,-0.6330363483249944,-0.47616614160063747,-0.06774899280440622,0.24189620164387496,-0.3641162980958024,-0.11001290069120637,-0.3870370918189913,-0.8669128065047171,-0.5550231802386093,0.9628281895925127,-0.6357229432289523,3,1.7381456473456194
804,-0.7085721243411919,0,0,0,1,0,0,0,0,-0.3538045088268071,0.8440988214525078,0.239367,1.23033,2.8124,5.1429,1.20527,-1.397810352878602,-0.24186600818336096,-0.1609810950772115,-0.26995365767433466,-0.056721857254360256,-0.3641162980958024,-0.11001290069120637,-0.3870370918189913,-0.8669128065047171,-0.5550231802386093,0.9628281895925127,-0.6357229432289523,3,1.7381456473456194
805,-0.21629019522584786,0,0,0,0,1,0,0,0,-0.40999943164260766,0.819598213378914,1.64603,4.08291,1.73599,0.616065,2.00688,-1.1590064189278382,-0.4823098232368516,0.02329743105202637,-0.14350769485077372,-0.40548021041870275,-0.3641162980958024,-0.11001290069120637,-0.3870370918189913,1.6021551867454897,0.4150033169688831,0.9628281895925127,-0.6357229432289523,0,-0.31632603250270985
806,-0.31507540105842907,0,0,0,0,1,0,0,0,-0.4078828164808113,0.8180848242486971,1.9086,4.08291,0.616065,1.73599,0.670725,-1.1590064189278382,-1.0903867320155396,-0.15217186786087292,-0.1901667283490177,-0.18524317222572928,-0.3641162980958024,-0.11001290069120637,1.4728290102938495,0.7791325223287542,0.4150033169688831,0.9628281895925127,-0.6357229432289523,0,-0.31632603250270985
808,1.6085517525305992,0,0,0,1,0,0,0,0,-0.18923832859214806,0.09834609362062248,1.25529,3.30821,2.80794,2.71669,2.08093,1.0696925104149047,3.6113511466330066,3.2594324687307554,3.0826002035163222,2.6034590086766367,-0.3641162980958024,-0.11001290069120637,-0.3870370918189913,-0.8669128065047171,0.4150033169688831,-0.40387272380744554,-0.6357229432289523,4,-0.31632603250270985
810,-0.46208127121504555,0,0,0,1,0,0,0,0,-0.1793698741268826,0.09951184899346405,6.75901,3.30821,2.80794,2.30138,2.08093,1.0696925104149047,5.0065963006012675,4.454276430206003,4.290190448480295,3.616181240695399,-0.3641162980958024,-0.11001290069120637,-0.3870370918189913,-0.8669128065047171,0.4150033169688831,-0.40387272380744554,-0.6357229432289523,4,-0.31632603250270985
815,-0.6058501077768739,0,0,0,1,0,0,0,0,-0.14322184507765953,0.07891062839131746,1.13764,4.41453,2.71546,0.998146,3.75045,6.683569695328142,4.809917625068545,3.968169094920786,3.401471272529519,3.1334699790990443,0.8564563463274925,-0.11001290069120637,-0.3870370918189913,2.4251778511622253,-0.5550231802386093,-0.40387272380744554,-0.6357229432289523,0,-0.31632603250270985
816,0.7265014826202132,0,0,1,0,0,0,0,0,-0.13997949640363547,0.05094850739461687,1.04183,2.11965,3.45782,3.75045,1.30508,-0.1319670050274103,0.22884499213473128,-0.16303000403042622,0.12452734331460098,-0.1331662668043343,-0.3641162980958024,-0.11001290069120637,-0.3870370918189913,0.7791325223287542,-0.5550231802386093,-0.40387272380744554,-0.6357229432289523,3,-0.31632603250270985
820,-0.33721243693910496,0,0,1,0,0,0,0,0,-0.15573622126890105,0.0402516423792883,1.29215,0.133451,2.20843,0.45687,1.80309,-0.4376207619892555,-0.4859565863250625,-0.8140240196688254,-0.8710849058002317,-1.0806086632219298,0.8564563463274925,-0.11001290069120637,-0.3870370918189913,1.6021551867454897,0.4150033169688831,-0.40387272380744554,-0.6357229432289523,0,-0.31632603250270985
821,-0.4482136447269131,0,0,1,0,0,0,0,0,-0.15724415932198457,0.03576236040550058,0.133451,0.45687,1.58719,1.80309,2.20843,-1.3852302038476014,-1.3720538749908036,-1.2296114652051475,-1.1389624112904886,-0.7591644228028794,0.8564563463274925,-0.11001290069120637,-0.3870370918189913,1.6021551867454897,0.4150033169688831,-0.40387272380744554,-0.6357229432289523,0,-0.31632603250270985
822,-0.7624662506142516,0,0,1,0,0,0,0,0,-0.15809973528903656,0.0329823679712783,0.133451,1.29215,1.80309,1.58719,0.204761,-1.6163391140493426,-1.3720538749908036,-0.7452073850709068,-0.8710849058002317,-0.47179040302718955,0.8564563463274925,-0.11001290069120637,-0.3870370918189913,-0.04389014208798146,1.3850298141763753,-0.40387272380744554,-0.6357229432289523,1,-0.31632603250270985
823,-0.8841443268802666,0,0,1,0,0,0,0,0,-0.15788203381280727,0.03405985890363454,0.45687,1.29215,1.80309,1.58719,2.20843,-1.6163391140493426,-1.6388268897703244,-0.8597512240019495,-1.0761962620937673,-0.519813513467029,-0.3641162980958024,-0.11001290069120637,-0.3870370918189913,1.6021551867454897,1.3850298141763753,-0.40387272380744554,-0.6357229432289523,0,-0.31632603250270985
824,-0.2559856176556595,0,0,1,0,0,0,0,0,-0.1634470508992539,0.03785071082281502,1.75975,1.29215,0.204761,0.133451,2.20843,-0.3316574438426414,-0.5676050655093605,-0.8887656627043842,-1.0879951210948844,-1.190959797156625,0.8564563463274925,-0.11001290069120637,-0.3870370918189913,0.7791325223287542,0.4150033169688831,-0.40387272380744554,-0.6357229432289523,1,-0.31632603250270985
825,-0.10348687319826355,0,0,1,0,0,0,0,0,-0.16121434928288172,0.044498371841006294,0.514497,1.92178,1.58719,1.80309,1.75975,-0.25982816737865466,-0.7122726462209734,-0.8140240196688254,-0.9897455229063208,-0.9964414942146893,-0.3641162980958024,-0.11001290069120637,-0.3870370918189913,2.4251778511622253,0.4150033169688831,-0.40387272380744554,-0.6357229432289523,0,-0.31632603250270985
826,-0.7407855747696609,0,0,1,0,0,0,0,0,-0.1595601048904149,0.049515236592033926,0.998146,2.20843,3.75045,1.92178,1.13764,-1.0258576764852358,-0.7944534211746237,-0.9624601236118574,-1.0920356035608731,-1.2140891903862359,-0.3641162980958024,-0.11001290069120637,-0.3870370918189913,3.248200515578961,-0.5550231802386093,-0.40387272380744554,-0.6357229432289523,0,-0.31632603250270985
827,-0.5588250841739261,0,0,1,0,0,0,0,0,-0.15861341779128232,0.052281417108837366,0.514497,1.13764,2.71546,3.75045,2.20843,-1.0258576764852358,-1.1168645890198088,-0.8630024936874424,-1.0863750156029284,-0.9881303546944482,-0.3641162980958024,-0.11001290069120637,-0.3870370918189913,3.248200515578961,-0.5550231802386093,-0.40387272380744554,-0.6357229432289523,0,-0.31632603250270985
828,0.47665847127352257,0,0,1,0,0,0,0,0,-0.15338357244673123,0.04807926442242023,0.514497,0.998146,1.58719,2.20843,1.13764,-0.026985329653311452,-0.49919747738897147,-0.5018618041930997,-0.764364262627551,-0.8459134809898571,-0.3641162980958024,-0.11001290069120637,-0.3870370918189913,2.4251778511622253,0.4150033169688831,-0.40387272380744554,-0.6357229432289523,0,-0.31632603250270985
829,-0.5063440562483821,0,0,1,0,0,0,0,0,-0.15767532389337416,0.056116882263914654,0.998146,2.71546,0.514497,3.75045,1.92178,-0.6895458200149399,-0.7306508691308216,-0.7776745750481923,-0.6095650797751796,-0.4021970228804166,-0.3641162980958024,-0.11001290069120637,-0.3870370918189913,3.248200515578961,-0.5550231802386093,-0.40387272380744554,-0.6357229432289523,0,-0.31632603250270985
830,0.0872701169883293,0,0,1,0,0,0,0,0,-0.16351247872061817,0.05678613249696984,1.13764,0.998146,0.514497,1.92178,9.19584,-0.1747905333546614,-0.5050545174387602,-0.4959475309054662,-0.5233489771490162,-0.3801957519443843,-0.3641162980958024,-0.11001290069120637,-0.3870370918189913,2.4251778511622253,-0.5550231802386093,-0.40387272380744554,0.5644988738891453,0,-0.31632603250270985
831,-0.21133155938445922,0,0,1,0,0,0,0,0,-0.16612603532621,0.047663612316506766,2.20843,0.514497,1.75975,0.998146,2.71546,-0.15029557909725022,-0.5065609751336966,-0.5238445921409213,-0.7165101586281718,-0.7676649830913156,-0.3641162980958024,-0.11001290069120637,-0.3870370918189913,3.248200515578961,-0.5550231802386093,-0.40387272380744554,-0.6357229432289523,0,-0.31632603250270985
832,-0.27229117739509695,0,0,1,0,0,0,0,0,-0.16834546912346285,0.039908982649342874,0.204761,1.80309,1.92178,2.20843,1.29215,-0.4859235124911337,-0.8483459265631098,-0.5238445921409213,-0.7754205145099403,-0.4678382891452228,-0.3641162980958024,-0.11001290069120637,-0.3870370918189913,1.6021551867454897,0.4150033169688831,-0.40387272380744554,-0.6357229432289523,1,-0.31632603250270985
833,-0.8573157743878974,0,0,1,0,0,0,0,0,-0.16971082970816254,0.0355337220870514,1.75975,1.80309,0.45687,0.133451,1.29215,-0.4859235124911337,-0.5347660617510528,0.14487093724022676,-0.19612686170653412,-0.3847910604022336,0.8564563463274925,-0.11001290069120637,-0.3870370918189913,1.6021551867454897,0.4150033169688831,-0.40387272380744554,-0.6357229432289523,0,-0.31632603250270985
836,2.5253463335147517,0,0,1,0,0,0,0,0,-0.17490546924975764,0.06159978866033282,3.24588,2.71546,2.67667,1.92178,1.13764,1.2320954463457716,0.7885641294035904,0.5680480773871458,0.7456910789281058,0.5327628366566656,-0.3641162980958024,-0.11001290069120637,-0.3870370918189913,2.4251778511622253,-0.5550231802386093,0.9628281895925127,-0.6357229432289523,0,-0.31632603250270985
837,0.28682699278418455,0,0,1,0,0,0,0,0,-0.18435061796903304,0.05734857569428667,2.67667,9.19584,0.954805,2.30138,2.37795,0.5164902173164166,0.32491608037069014,0.3306356986310021,0.3297879658518577,0.22386752063020027,-0.3641162980958024,-0.11001290069120637,-0.3870370918189913,-0.8669128065047171,-0.5550231802386093,3.696230016392429,0.5644988738891453,1,-0.31632603250270985
840,0.06618274681307616,0,0,1,0,0,0,0,0,-0.2068687898659877,0.06127032778368512,1.67282,4.1513,2.08093,2.37795,2.30138,0.03673418135248356,-0.3701586444922693,0.2047918757704233,0.02815983114655793,-0.13858691701408132,-0.3641162980958024,-0.11001290069120637,-0.3870370918189913,-0.8669128065047171,-0.5550231802386093,0.9628281895925127,-0.6357229432289523,4,-0.31632603250270985
841,-0.3049963529407658,0,0,1,0,0,0,0,0,-0.2007489742226803,0.0635150322522879,2.65941,2.30138,4.1513,2.08093,2.80794,0.03673418135248356,-0.35224515404811924,-0.4280307878048698,-0.6651881276668707,-0.5123668636634784,-0.3641162980958024,-0.11001290069120637,-0.3870370918189913,-0.8669128065047171,-0.5550231802386093,-0.40387272380744554,-0.6357229432289523,5,-0.31632603250270985
842,-0.06851682756419099,0,0,1,0,0,0,0,0,-0.19456102285698165,0.06753407541503403,2.67667,1.67282,2.80794,2.08093,4.1513,0.18563041417418205,-0.35224515404811924,-0.4596637756783388,-0.6435192160120141,-0.17087883298554057,-0.3641162980958024,-0.11001290069120637,-0.3870370918189913,-0.8669128065047171,-0.5550231802386093,0.9628281895925127,-0.6357229432289523,4,-0.31632603250270985
843,0.12206333721682866,0,0,1,0,0,0,0,0,-0.19959440431174255,0.07440060814958023,2.08093,2.30138,4.1513,1.67282,1.18247,-0.7601720253111828,-0.03990148501832045,-0.033254234165397516,-0.2420552851806853,-0.3864048284922595,-0.3641162980958024,-0.11001290069120637,-0.3870370918189913,-0.8669128065047171,-0.5550231802386093,-0.40387272380744554,-0.6357229432289523,5,-0.31632603250270985
844,-0.1514554672632904,0,0,1,0,0,0,0,0,-0.20264585817987188,0.07202379854351781,2.80794,4.1513,1.67282,2.30138,1.18247,-0.7601720253111828,-0.45805747075273084,-0.3828385827709577,-0.6435192160120141,-0.7118859784859368,-0.3641162980958024,-0.11001290069120637,-0.3870370918189913,-0.8669128065047171,-0.5550231802386093,-0.40387272380744554,-0.6357229432289523,5,-0.31632603250270985
845,0.6274679687712953,0,0,1,0,0,0,0,0,-0.20835080502934245,0.06811362013539975,2.08093,2.65941,1.59864,1.67282,1.18247,0.1885287525685488,-0.3701586444922693,-0.5935879092909556,-0.7052532856955002,-0.8165350595603126,-0.3641162980958024,-0.11001290069120637,-0.3870370918189913,-0.8669128065047171,-0.5550231802386093,-0.40387272380744554,-0.6357229432289523,5,-0.31632603250270985
846,-0.332904669079932,0,0,1,0,0,0,0,0,-0.21429675270717305,0.07342792105148084,1.18247,4.1513,2.71669,2.08093,2.80794,-0.6686716266136222,-0.1943503739612927,-0.5265642345734812,-0.22882669298415467,-0.021021058218445552,-0.3641162980958024,-0.11001290069120637,-0.3870370918189913,-0.8669128065047171,-0.5550231802386093,-0.40387272380744554,-0.6357229432289523,5,-0.31632603250270985
847,-0.4894779223508515,0,0,1,0,0,0,0,0,-0.21181294505329987,0.07667934989218789,1.59864,2.71669,4.1513,2.08093,2.80794,-0.6686716266136222,-0.8273954387604754,-0.2835854218245354,-0.4618903100231874,-0.3864048284922595,-0.3641162980958024,-0.11001290069120637,-0.3870370918189913,-0.8669128065047171,-0.5550231802386093,-0.40387272380744554,-0.6357229432289523,5,-0.31632603250270985
849,0.08773287283695648,0,0,1,0,0,0,0,0,-0.21383439166579235,0.08143214058711262,1.18247,1.59864,2.08093,4.1513,2.80794,-0.3037341107264134,-0.11705487976058289,0.7634059609565048,0.38631996657328016,0.19630988926036455,-0.3641162980958024,-0.11001290069120637,-0.3870370918189913,-0.8669128065047171,-0.5550231802386093,-0.40387272380744554,-0.6357229432289523,5,-0.31632603250270985
850,-0.37360461030310543,0,0,0,1,0,0,0,0,-0.36506955585182826,0.8265349548262843,3.47382,5.1429,4.90096,1.20527,0.60012,0.6007707897273833,0.3015295721130753,1.5936833960084813,1.4130096487554225,1.121895083921804,-0.3641162980958024,-0.11001290069120637,-0.3870370918189913,-0.04389014208798146,-0.5550231802386093,0.9628281895925127,-0.6357229432289523,3,-0.31632603250270985
852,-0.68970598223935,1,0,0,0,0,0,0,0,0.22609055749563547,-0.6045409423788962,0.364205,0.782283,7.9661,4.53911,2.70576,-0.9435290042722313,-1.0070729759016432,0.4433590717264946,0.14701406792012833,-0.1198876369525399,-0.3641162980958024,-0.11001290069120637,1.4728290102938495,-0.8669128065047171,-0.5550231802386093,-0.40387272380744554,0.5644988738891453,2,1.7381456473456194
854,0.7733715018250842,1,0,0,0,0,0,0,0,0.2367738176747346,-0.5962271289533381,7.9661,2.70576,0.782283,9.068,0.650266,0.8887968979031502,0.18332921921807757,0.27083791377176497,0.005268249422445972,-0.15925310032737885,-0.3641162980958024,-0.11001290069120637,-0.3870370918189913,-0.8669128065047171,-0.5550231802386093,-0.40387272380744554,0.5644988738891453,3,1.7381456473456194
856,2.4772498231988846,1,0,0,0,0,0,0,0,0.24908395618132495,-0.600389961745809,2.70576,2.13385,1.53858,4.5771,4.53911,1.105940445269165,0.3147265644675428,-0.10501515993428209,-0.3913922615849001,-0.28789957172884906,-0.3641162980958024,-0.11001290069120637,1.4728290102938495,-0.8669128065047171,-0.5550231802386093,-0.40387272380744554,-0.6357229432289523,4,-0.31632603250270985
857,0.08362074159671548,1,0,0,0,0,0,0,0,0.24022466879085083,-0.6048862394913581,4.53911,0.782283,9.068,1.53858,0.650266,1.043384943464384,0.21042028375958732,-0.2254008811241153,-0.3248293168513796,-0.1198876369525399,-0.3641162980958024,-0.11001290069120637,1.4728290102938495,-0.8669128065047171,-0.5550231802386093,-0.40387272380744554,0.5644988738891453,3,-0.31632603250270985
859,-0.640037983159486,1,0,0,0,0,0,0,0,0.23035635727374293,-0.6063481136828206,0.650266,0.364205,2.70576,4.53911,7.9661,-0.5432128173971652,-0.9339870301460321,-0.2426073356003702,-0.08567110445606808,0.061730797171732,-0.3641162980958024,-0.11001290069120637,1.4728290102938495,-0.8669128065047171,-0.5550231802386093,-0.40387272380744554,1.764720691007243,1,1.7381456473456194
860,-0.7973290723321786,1,0,0,0,0,0,0,0,0.22555510921229438,-0.6076580156308266,0.650266,0.782283,2.70576,4.53911,7.9661,-0.9435290042722313,-0.9339870301460321,0.7465694932587243,0.6211636681530001,0.3079437082626476,-0.3641162980958024,-0.11001290069120637,1.4728290102938495,-0.8669128065047171,-0.5550231802386093,-0.40387272380744554,0.5644988738891453,2,1.7381456473456194
861,-0.35550069856656347,1,0,0,0,0,0,0,0,0.24979096255584157,-0.6103683533112567,0.399415,1.59019,0.476724,9.068,4.5771,-0.8975611044210665,-0.2157878462090803,-0.38660546212085684,-0.41888371893856396,-0.6713099009249147,-0.3641162980958024,-0.11001290069120637,-0.3870370918189913,0.7791325223287542,-0.5550231802386093,-0.40387272380744554,-0.6357229432289523,3,-0.31632603250270985
862,-0.7840822158848878,1,0,0,0,0,0,0,0,0.25188952007963633,-0.6130173394138954,1.53858,1.59019,0.476724,2.74214,4.5771,-0.8975611044210665,-1.0080008834870922,-0.7710488356535276,-0.7908378363641623,-0.6157498388999786,-0.3641162980958024,-0.11001290069120637,1.4728290102938495,-0.04389014208798146,-0.5550231802386093,-0.40387272380744554,-0.6357229432289523,3,-0.31632603250270985
863,-0.6502005530644626,1,0,0,0,0,0,0,0,0.24550681590361526,-0.6219378607964794,0.476724,0.920955,0.399415,0.230072,1.59019,-0.7030865938096005,-0.18260961525169178,0.05137671245558116,-0.25286511343659085,-0.45712699592022565,-0.3641162980958024,-0.11001290069120637,-0.3870370918189913,0.7791325223287542,-0.5550231802386093,-0.40387272380744554,-0.6357229432289523,3,-0.31632603250270985
864,-0.7549966940137257,1,0,0,0,0,0,0,0,0.24810657855226087,-0.6188986337001028,0.755271,0.399415,0.920955,1.59019,1.53858,-0.7030865938096005,-0.3990083558211635,-0.7395441466327867,-0.8610517484026022,-0.8994270686449894,-0.3641162980958024,-0.11001290069120637,-0.3870370918189913,0.7791325223287542,-0.5550231802386093,-0.40387272380744554,-0.6357229432289523,3,-0.31632603250270985
866,-0.5878662115815614,1,0,0,0,0,0,0,0,0.25356737159828335,-0.6237005307707398,0.230072,0.274411,1.22013,0.476724,0.755271,-0.8641933187559476,-0.8099668937856535,-0.7743822101807931,-0.9814255136295883,-1.0577778767594541,-0.3641162980958024,-0.11001290069120637,-0.3870370918189913,0.7791325223287542,0.4150033169688831,-0.40387272380744554,-0.6357229432289523,2,-0.31632603250270985
867,-0.8477931619613885,1,0,0,0,0,0,0,0,0.25633105384525495,-0.6259069066641871,0.274411,0.920955,1.22013,1.59019,0.476724,-1.3207671737668938,-1.247900174094989,-1.3585795907151879,-0.3827444995693751,-0.6026874748097987,-0.3641162980958024,-0.11001290069120637,-0.3870370918189913,-0.04389014208798146,0.4150033169688831,-0.40387272380744554,-0.6357229432289523,3,-0.31632603250270985
868,-0.8311117541790415,1,0,0,0,0,0,0,0,0.25845412374619847,-0.6261474158642396,0.230072,1.22013,0.920955,1.59019,0.476724,-1.3207671737668938,-1.5364279186391239,-1.127394980480271,-0.2767282698950448,-0.3142886700942116,-0.3641162980958024,-0.11001290069120637,-0.3870370918189913,-0.04389014208798146,-0.5550231802386093,-0.40387272380744554,-0.6357229432289523,4,-0.31632603250270985
869,-0.4753093164489777,1,0,0,0,0,0,0,0,0.26066962487093387,-0.6253485837098176,0.274411,0.230072,0.920955,1.59019,2.74214,-1.2487502990075825,-1.0765820678272437,-0.7743822101807931,-0.28044629613233546,-0.17656813613699698,-0.3641162980958024,-0.11001290069120637,1.4728290102938495,-0.8669128065047171,0.4150033169688831,-0.40387272380744554,-0.6357229432289523,3,-0.31632603250270985
871,-0.018290887896103968,1,0,0,0,0,0,0,0,0.2679980842118743,-0.6069929650345414,0.437683,0.528091,0.45629,4.5771,2.74214,-0.8165091396315095,-0.9296591951270214,-0.6272698711411362,-0.6305069859584227,-0.8554397160606955,-0.3641162980958024,-0.11001290069120637,1.4728290102938495,0.7791325223287542,-0.5550231802386093,-0.40387272380744554,-0.6357229432289523,2,-0.31632603250270985
872,-0.7696848656285705,1,0,0,0,0,0,0,0,0.2651687230414796,-0.6093509707358803,0.528091,2.43488,2.74214,4.5771,0.45629,-1.5921966107610257,-1.212123398845168,-1.08213991646157,-0.9015111370027934,-0.6629108214755756,-0.3641162980958024,-0.11001290069120637,1.4728290102938495,1.6021551867454897,-0.5550231802386093,-0.40387272380744554,-0.6357229432289523,1,-0.31632603250270985
873,-0.7356711820816612,1,0,0,0,0,0,0,0,0.26408801073684096,-0.6099398893448028,0.437683,2.74214,2.43488,4.5771,1.59019,-1.5921966107610257,-1.04329067395518,-1.2311813389769104,-0.9735681713227727,-0.6945924993053882,-0.3641162980958024,-0.11001290069120637,1.4728290102938495,-0.04389014208798146,-0.5550231802386093,-0.40387272380744554,-0.6357229432289523,3,-0.31632603250270985
874,0.09730778043660308,1,0,0,0,0,0,0,0,0.26044114221470477,-0.6124465779768723,0.528091,0.437683,1.59019,4.5771,0.399415,-0.5914846694408535,-0.7577761932137218,-1.0317225638085823,-0.8578657594288985,-1.0104340343546925,-0.3641162980958024,-0.11001290069120637,-0.3870370918189913,0.7791325223287542,-0.5550231802386093,-0.40387272380744554,-0.6357229432289523,3,-0.31632603250270985
875,-0.336083764137575,1,0,0,0,0,0,0,0,0.25555317986156356,-0.6157407439698775,0.399415,2.74214,1.53858,0.476724,0.920955,-0.5444495557897818,-0.6996320492820237,-0.612176549955697,-0.8610517484026022,-0.9850316338179298,-0.3641162980958024,-0.11001290069120637,1.4728290102938495,0.7791325223287542,-0.5550231802386093,-0.40387272380744554,-0.6357229432289523,2,-0.31632603250270985
876,0.7876642617351262,1,0,0,0,0,0,0,0,0.2587730859941665,-0.6049377696279035,0.528091,0.437683,2.74214,2.43488,0.45629,0.32927936071950975,-0.25871985151925886,-0.6001727321537215,-0.6305069859584227,-0.7359889642465045,-0.3641162980958024,-0.11001290069120637,1.4728290102938495,1.6021551867454897,-0.5550231802386093,-0.40387272380744554,-0.6357229432289523,1,-0.31632603250270985
878,-0.7626844606892139,1,0,0,0,0,0,0,0,0.26725252728258936,-0.5994834407220091,2.43488,2.21187,4.5771,2.13385,0.437683,0.4882319753290188,-0.050667398221083515,-0.18348093555899767,-0.47122872860296766,-0.6629108214755756,-0.3641162980958024,-0.11001290069120637,-0.3870370918189913,-0.04389014208798146,-0.5550231802386093,-0.40387272380744554,-0.6357229432289523,4,-0.31632603250270985
879,-0.10219266171917582,1,0,0,0,0,0,0,0,0.2620979391880577,-0.5927462370515012,2.13385,0.45629,4.5771,9.068,2.43488,-0.471222027253012,-0.050667398221083515,0.4435398587122479,0.4063222919715024,0.22957438663967325,-0.3641162980958024,-0.11001290069120637,-0.3870370918189913,0.7791325223287542,-0.5550231802386093,-0.40387272380744554,-0.6357229432289523,3,-0.31632603250270985
880,-0.13154567904430048,1,0,0,0,0,0,0,0,0.25793245349838717,-0.5951932071566968,2.21187,0.45629,4.5771,9.068,2.43488,-0.471222027253012,0.3010070827473721,-0.15260723504874885,-0.4606820650869676,0.1988685595569072,-0.3641162980958024,-0.11001290069120637,-0.3870370918189913,0.7791325223287542,-0.5550231802386093,-0.40387272380744554,-0.6357229432289523,3,-0.31632603250270985
885,-0.367852141257974,0,0,1,0,0,0,0,0,-0.04524916934061187,-0.08100095982365449,1.78577,0.500034,0.728368,0.260674,2.56931,-0.6088822793997104,-0.3477988743933277,-0.610403117025708,-0.3067779125718044,0.42506254366779855,-0.3641162980958024,-0.11001290069120637,1.4728290102938495,-0.04389014208798146,-0.5550231802386093,-0.40387272380744554,1.764720691007243,1,-0.31632603250270985
886,-0.7462269063458372,0,0,1,0,0,0,0,0,-0.042515480059814745,-0.07440687042563397,1.50575,2.56931,1.78577,0.728368,6.03915,0.33548416210723225,0.35710627406738693,0.12225382472761223,0.36517524522833444,0.3965859168120941,-0.3641162980958024,-0.11001290069120637,-0.3870370918189913,0.7791325223287542,-0.5550231802386093,-0.40387272380744554,0.5644988738891453,2,-0.31632603250270985
889,0.03228494034045732,0,0,1,0,0,0,0,0,-0.04432141938523102,-0.06460043135146072,6.03915,0.500034,1.50575,2.6973,1.78577,0.3276640400500514,0.35710627406738693,1.2594998107424848,1.4679683912854478,1.1388822037564135,-0.3641162980958024,-0.11001290069120637,1.4728290102938495,0.7791325223287542,-0.5550231802386093,-0.40387272380744554,-0.6357229432289523,2,-0.31632603250270985
890,1.3377229515607933,0,0,1,0,0,0,0,0,-0.04958117879290102,-0.05955907507026651,2.56931,2.6973,0.500034,1.50575,1.78577,0.3276640400500514,1.2971751055099432,1.224108422856336,1.8076691003415153,2.0529654123108303,-0.3641162980958024,-0.11001290069120637,1.4728290102938495,0.7791325223287542,-0.5550231802386093,-0.40387272380744554,-0.6357229432289523,2,-0.31632603250270985
893,0.08043788429640061,0,0,1,0,0,0,0,0,-0.05219168717675239,-0.04598926352162407,5.23654,6.03915,2.56931,1.01379,0.500034,2.367780481506329,1.2971751055099432,2.0232931166231474,2.97426189069636,2.7164291105640035,-0.3641162980958024,-0.11001290069120637,1.4728290102938495,1.6021551867454897,0.4150033169688831,-0.40387272380744554,-0.6357229432289523,0,-0.31632603250270985
894,1.0357615924821169,0,0,1,0,0,0,0,0,-0.05381744281217998,-0.03277880398056311,2.6973,0.799966,1.73417,6.03915,1.2765,2.367780481506329,2.310990065953744,3.1765624193445445,2.7964509655581598,2.3011523268023875,-0.3641162980958024,-0.11001290069120637,-0.3870370918189913,2.4251778511622253,-0.5550231802386093,0.9628281895925127,-0.6357229432289523,0,-0.31632603250270985
895,-0.6333852094430008,0,0,1,0,0,0,0,0,-0.06053631505656577,-0.015994108845479072,1.73417,0.499032,1.2765,5.23654,0.976978,1.30290449830904,1.0816034913648216,1.508049954025547,1.0739181383954326,0.8280849345360882,-0.3641162980958024,-0.11001290069120637,-0.3870370918189913,0.7791325223287542,-0.5550231802386093,0.9628281895925127,0.5644988738891453,0,1.7381456473456194
897,-0.2819149941494764,0,0,1,0,0,0,0,0,-0.0707088561986526,-0.012852641031572618,0.499032,1.2765,0.976978,0.799966,1.69865,-0.9968406596604639,0.344511595366019,-0.10706130132913551,-0.4120083266659786,-0.3120925150384908,-0.3641162980958024,-0.11001290069120637,-0.3870370918189913,-0.04389014208798146,-0.5550231802386093,0.9628281895925127,0.5644988738891453,0,3.7926173271939483
898,-0.5667889994615222,0,0,1,0,0,0,0,0,-0.07621950583865829,-0.0043000428110753774,1.69865,1.01024,0.499032,1.73417,0.833545,-0.89286970017342,-0.5892525140731072,-0.6785995040352899,-0.4206977259840756,-0.031904138049618586,-0.3641162980958024,-0.11001290069120637,-0.3870370918189913,-0.04389014208798146,-0.5550231802386093,0.9628281895925127,0.5644988738891453,1,1.7381456473456194
899,-0.2952784801195921,0,0,1,0,0,0,0,0,-0.0797525025879076,-0.0042008868763583635,1.01024,0.976978,0.499032,0.833545,1.73417,-1.028765517058415,-1.2694156635464005,-0.2830198510668678,-0.18176490195104383,-0.3120925150384908,-0.3641162980958024,-0.11001290069120637,-0.3870370918189913,-0.04389014208798146,-0.5550231802386093,0.9628281895925127,0.5644988738891453,1,1.7381456473456194
900,-0.5542750278866914,0,0,1,0,0,0,0,0,-0.08263994137278648,-0.0052332673038007335,1.69865,0.976978,0.499032,0.833545,1.73417,-1.028765517058415,-0.5892525140731072,0.009673405824686386,-0.3098670876598084,-0.06953966708834979,-0.3641162980958024,-0.11001290069120637,-0.3870370918189913,-0.04389014208798146,-0.5550231802386093,0.9628281895925127,0.5644988738891453,0,3.7926173271939483
901,-0.7466038830615482,0,0,1,0,0,0,0,0,-0.07326297783799003,-0.011054142675264379,1.73417,0.976978,1.69865,1.2765,1.01024,-0.9968406596604639,-0.29239055537857006,-0.2830198510668678,-0.5014461001252669,-0.5805730725940837,-0.3641162980958024,-0.11001290069120637,-0.3870370918189913,-0.04389014208798146,-0.5550231802386093,0.9628281895925127,-0.6357229432289523,1,3.7926173271939483
902,-0.0017746425670477233,0,0,0,1,0,0,0,0,-0.011678305240844256,-0.06154154896467868,4.04981,2.4887,7.95072,4.63648,6.65938,-0.07686774487086155,0.6446374860203068,0.9324404221303343,0.8996043931907288,0.7568718368874277,-0.3641162980958024,-0.11001290069120637,-0.3870370918189913,-0.8669128065047171,3.32508280859136,-0.40387272380744554,-0.6357229432289523,1,-0.31632603250270985
903,0.589284967895534,0,0,0,1,0,0,0,0,-0.006519711719262168,-0.05831560113005056,2.47878,7.95072,2.4887,4.63648,1.88429,-0.07686774487086155,0.21167639268620675,0.28353949102090875,0.39609363362071087,0.3479774188142237,-0.3641162980958024,-0.11001290069120637,-0.3870370918189913,-0.04389014208798146,2.355056311383868,-0.40387272380744554,-0.6357229432289523,1,-0.31632603250270985
904,2.0569019739677215,0,0,0,1,0,0,0,0,-0.001023961911597302,-0.05050221520351491,4.04981,1.88429,1.61942,1.51763,6.68048,1.0811667638740519,0.44689475628516134,0.6259602757329692,0.24171031505337487,0.04860059181213993,-0.3641162980958024,-0.11001290069120637,1.4728290102938495,-0.04389014208798146,2.355056311383868,-0.40387272380744554,-0.6357229432289523,0,-0.31632603250270985
908,-0.6877202705571915,0,0,0,1,0,0,0,0,0.009170946933670375,-0.037381356321550804,6.68048,0.658917,1.51763,0.180789,1.88429,0.21716629114086614,-0.3665842837103322,0.6199449044277979,0.6435409551692872,0.3162083137124204,-0.3641162980958024,-0.11001290069120637,-0.3870370918189913,-0.04389014208798146,1.3850298141763753,-0.40387272380744554,-0.6357229432289523,2,-0.31632603250270985
909,-0.6864512661040045,0,0,0,1,0,0,0,0,0.0060131052822240605,-0.0310403921403974,6.68048,0.655544,1.51763,4.85369,1.61942,0.20100336045649297,-0.3665842837103322,0.3873127220213426,0.08311258069191137,0.38931600734646293,-0.3641162980958024,-0.11001290069120637,1.4728290102938495,-0.8669128065047171,2.355056311383868,-0.40387272380744554,-0.6357229432289523,1,-0.31632603250270985
910,1.5790068608292143,0,0,0,1,0,0,0,0,0.0020598046972787015,-0.036577776733164244,0.658917,0.655544,1.51763,1.61942,4.85369,0.20100336045649297,-0.43657112454687164,-0.7808268092246433,-0.3032499655239961,0.020038361743885586,-0.3641162980958024,-0.11001290069120637,1.4728290102938495,-0.8669128065047171,1.3850298141763753,-0.40387272380744554,-0.6357229432289523,2,-0.31632603250270985
911,-0.36338259696391495,0,0,0,1,0,0,0,0,-0.005141912392172283,-0.03755718423696141,1.61942,6.68048,0.658917,4.85369,0.655544,-0.6967131875891879,-0.41028486822736593,0.3873127220213426,0.16549356899516882,-0.0895362756677406,-0.3641162980958024,-0.11001290069120637,1.4728290102938495,-0.8669128065047171,1.3850298141763753,-0.40387272380744554,-0.6357229432289523,2,-0.31632603250270985
914,0.8917241317935246,0,0,0,1,0,0,0,0,-0.005535461160413468,-0.024459175054410077,2.52853,0.658917,1.51763,6.68048,1.61942,1.9463672434431818,1.022114326575606,0.5541435583363767,0.3445617718258813,0.20556313462351097,-0.3641162980958024,-0.11001290069120637,1.4728290102938495,-0.8669128065047171,2.355056311383868,-0.40387272380744554,-0.6357229432289523,1,-0.31632603250270985
915,0.0019575021633450123,0,0,0,1,0,0,0,0,-0.01686329365417559,-0.05153347320163092,1.39327,1.01379,2.47878,4.04981,1.61942,1.4455868092212294,0.5266538167882886,0.13390662322734917,-0.07441051871306398,0.07211995899200428,-0.3641162980958024,-0.11001290069120637,1.4728290102938495,-0.04389014208798146,2.355056311383868,-0.40387272380744554,-0.6357229432289523,0,-0.31632603250270985
917,-0.5529394317382141,0,0,0,1,0,0,0,0,-0.022549596812483273,-0.04231977228647663,1.39327,2.4887,1.61942,1.51763,2.47878,-1.2209708337700762,0.5266538167882886,0.5643572667350983,0.8980308867641998,1.336220232791948,-0.3641162980958024,-0.11001290069120637,1.4728290102938495,-0.04389014208798146,1.3850298141763753,-0.40387272380744554,-0.6357229432289523,1,-0.31632603250270985
918,-0.41016984683000707,0,0,0,1,0,0,0,0,-0.020229692468358387,-0.04154598741015894,1.01379,2.4887,1.61942,1.51763,7.95072,-1.2209708337700762,0.48509567552405997,0.07761939005512412,0.4643035901722445,1.0537848615608971,-0.3641162980958024,-0.11001290069120637,1.4728290102938495,-0.8669128065047171,2.355056311383868,-0.40387272380744554,-0.6357229432289523,1,-0.31632603250270985
920,-0.32508672880800055,0,0,0,1,0,0,0,0,-0.008898020490193906,-0.0392670468578668,1.51763,6.68048,1.39327,1.01379,7.95072,-0.6967131875891879,0.5195199390590027,0.07761939005512412,0.17454853413232127,-0.08469618619154018,-0.3641162980958024,-0.11001290069120637,-0.3870370918189913,-0.04389014208798146,3.32508280859136,-0.40387272380744554,-0.6357229432289523,0,-0.31632603250270985
927,-0.7653338319786722,0,0,0,1,0,0,0,0,-0.015035754470963432,-0.005380728273862788,2.42848,2.52853,2.12004,1.92415,2.71883,0.32982076871996874,0.5536332676828878,0.07879599589305436,0.41798484267136815,1.1393869433725012,-0.3641162980958024,-0.11001290069120637,-0.3870370918189913,-0.04389014208798146,1.3850298141763753,-0.40387272380744554,-0.6357229432289523,2,-0.31632603250270985
929,0.01694251472499216,0,0,0,1,0,0,0,0,-0.014766478148938326,-0.01613131037570648,2.42848,0.449248,4.85369,2.12004,1.92415,-0.39498822283572016,0.5536332676828878,0.321364275905635,1.1037536735220677,1.419228946588102,-0.3641162980958024,-0.11001290069120637,-0.3870370918189913,-0.8669128065047171,2.355056311383868,-0.40387272380744554,-0.6357229432289523,2,-0.31632603250270985
930,-0.0206987232060348,0,0,0,1,0,0,0,0,-0.01752266184635902,-0.012041560095016276,2.52853,0.449248,2.12004,4.85369,1.92415,-0.39498822283572016,-0.35204803954805736,0.5862457439482381,0.8512599044074066,0.5930640626104835,-0.3641162980958024,-0.11001290069120637,-0.3870370918189913,-0.8669128065047171,3.32508280859136,-0.40387272380744554,-0.6357229432289523,1,-0.31632603250270985
931,-0.1367413361740104,0,0,0,1,0,0,0,0,-0.02577060558811955,-0.0012741296416486042,1.92415,0.449248,2.71883,2.42848,13.4584,-0.6164653886406838,0.581080792158446,0.25017608690765253,0.19395376779800377,0.47383859841941434,-0.3641162980958024,-0.11001290069120637,-0.3870370918189913,-0.04389014208798146,1.3850298141763753,-0.40387272380744554,-0.6357229432289523,2,-0.31632603250270985
932,-0.21043990787125047,0,0,0,1,0,0,0,0,-0.028119683433582395,0.0022542248644754096,2.12004,2.71883,13.4584,0.449248,2.42848,-0.6164653886406838,-0.2056692135515238,0.6739001301833819,0.41798484267136815,0.5930640626104835,-0.3641162980958024,-0.11001290069120637,-0.3870370918189913,-0.04389014208798146,2.355056311383868,-0.40387272380744554,-0.6357229432289523,1,-0.31632603250270985
933,4.1290248458113865,0,0,0,1,0,0,0,0,-0.04250810454070194,0.004485383496666989,2.71883,1.38905,1.92415,0.479219,2.12004,2.2102810218599247,1.0924927042651473,0.6739001301833819,0.7474286414032504,0.47383859841941434,-0.3641162980958024,-0.11001290069120637,-0.3870370918189913,-0.04389014208798146,0.4150033169688831,-0.40387272380744554,-0.6357229432289523,3,-0.31632603250270985
935,0.08853799276871467,0,0,0,1,0,0,0,0,-0.030015514643917662,0.009699422978824519,1.92415,0.479219,1.38905,2.12004,13.4584,0.5249181219639161,0.4971348117914827,0.08998043113182312,-0.103988851019876,-0.19162931639634945,-0.3641162980958024,-0.11001290069120637,-0.3870370918189913,-0.8669128065047171,1.3850298141763753,-0.40387272380744554,-0.6357229432289523,3,-0.31632603250270985
938,0.2942649465462675,0,0,0,0,0,1,0,0,-1.4905200151280131,1.4702283260159992,1.27673,2.39544,3.84002,0.571298,3.32913,-0.18855127713604947,-0.34766045076101554,2.4870511966856697,2.105439736060041,2.1411265645131725,0.8564563463274925,-0.11001290069120637,-0.3870370918189913,-0.04389014208798146,-0.5550231802386093,-0.40387272380744554,-0.6357229432289523,3,-0.31632603250270985
939,-0.45401502292677753,0,0,0,0,0,1,0,0,-1.486955823608569,1.4659041491456253,3.26565,2.39544,0.571298,0.401423,3.84002,-0.18855127713604947,0.9918418737528952,2.3193742498187824,2.2501714091379523,1.8265979378342054,0.8564563463274925,-0.11001290069120637,-0.3870370918189913,-0.04389014208798146,-0.5550231802386093,-0.40387272380744554,-0.6357229432289523,3,-0.31632603250270985
940,-0.03312917299355242,0,0,0,0,0,1,0,0,-1.4953245120280452,1.475675679902014,3.26565,1.27673,3.84002,0.571298,3.32913,0.3356686565797536,0.9918418737528952,2.1518016387408427,2.828344973074501,2.6671384731336354,0.8564563463274925,-0.11001290069120637,-0.3870370918189913,0.7791325223287542,-0.5550231802386093,-0.40387272380744554,-0.6357229432289523,2,-0.31632603250270985
943,0.510356878884538,0,0,0,0,0,1,0,0,-1.513037477718672,1.4634945130414871,3.65099,0.571298,3.85623,2.39544,3.26565,2.7202992333048335,2.456822406504477,1.983324327873665,1.5818976461825587,1.41277522891651,-0.3641162980958024,-0.11001290069120637,-0.3870370918189913,-0.04389014208798146,-0.5550231802386093,-0.40387272380744554,0.5644988738891453,3,-0.31632603250270985
945,0.43923920566012997,0,0,0,0,0,1,0,0,-1.5114387260915851,1.4491955948795634,3.85623,0.571298,0.363704,0.165958,0.401423,0.35207694155095537,0.3563602880994731,0.029125857282840686,0.09624112471835021,0.035805160088944486,-0.3641162980958024,-0.11001290069120637,-0.3870370918189913,-0.8669128065047171,-0.5550231802386093,-0.40387272380744554,-0.6357229432289523,5,-0.31632603250270985
946,0.516455474255472,0,0,0,0,0,1,0,0,-1.5165615134801962,1.443942022477565,3.65099,3.21794,7.67838,0.363704,0.165958,0.35207694155095537,0.33560626133554683,0.36367951979167645,0.08159471464502047,0.10546515521754944,0.8564563463274925,-0.11001290069120637,-0.3870370918189913,-0.8669128065047171,-0.5550231802386093,-0.40387272380744554,0.5644988738891453,3,-0.31632603250270985
949,0.2763152867592681,0,0,0,0,0,1,0,0,-1.5262857659571891,1.4402239502318555,7.67838,3.85623,3.52539,3.65099,0.510909,0.4994749617568643,0.33560626133554683,0.3198882127694742,0.8212445088341235,0.7210211826385505,0.8564563463274925,-0.11001290069120637,-0.3870370918189913,-0.8669128065047171,-0.5550231802386093,-0.40387272380744554,0.5644988738891453,3,-0.31632603250270985
950,1.9544410570448243,0,0,0,0,0,1,0,0,-1.5229638670075807,1.4333202945147654,3.21794,0.510909,3.52539,3.85623,0.586041,0.4994749617568643,0.527159201672079,0.28780900153271405,-0.0033623608568513798,-0.10250113218216085,-0.3641162980958024,-0.11001290069120637,-0.3870370918189913,-0.8669128065047171,-0.5550231802386093,-0.40387272380744554,-0.6357229432289523,5,-0.31632603250270985
951,1.4111581662710098,0,0,0,0,0,1,0,0,-1.534274154567324,1.4228037198823174,3.52539,0.585929,0.194041,0.279035,3.55895,1.0185303222822366,0.26982199395494244,-0.12805672608030008,-0.2770969139025865,-0.45582355271968594,-0.3641162980958024,-0.11001290069120637,-0.3870370918189913,-0.04389014208798146,-0.5550231802386093,-0.40387272380744554,-0.6357229432289523,4,-0.31632603250270985
952,0.39198543770273864,0,0,0,0,0,1,0,0,-1.5354854161135938,1.4318987322457428,6.23434,3.55895,7.67838,3.21794,0.194041,1.0185303222822366,0.7581153959228817,0.28780900153271405,-0.0421855524848807,0.4065542413499517,0.8564563463274925,-0.11001290069120637,-0.3870370918189913,-0.04389014208798146,-0.5550231802386093,-0.40387272380744554,-0.6357229432289523,3,-0.31632603250270985
955,0.4046115241091881,0,0,0,0,0,1,0,0,-1.545878944098989,1.425658583366444,1.43678,6.23434,3.52539,1.84038,2.81072,1.203503815263016,0.6801673287957835,0.2323044224726667,-0.09872584786364925,0.3152206381463579,0.8564563463274925,-0.11001290069120637,-0.3870370918189913,-0.8669128065047171,-0.5550231802386093,-0.40387272380744554,-0.6357229432289523,4,-0.31632603250270985
958,-0.7139111229166961,0,0,0,0,0,1,0,0,-1.529103976233749,1.414528871218354,0.139866,0.194041,0.279035,6.23434,0.510909,-1.0931526906346487,-0.4854625930442681,-0.8092229174119141,-0.49520183815030466,-0.34082740869072226,-0.3641162980958024,6.9251710563310676,-0.3870370918189913,-0.8669128065047171,-0.5550231802386093,-0.40387272380744554,-0.6357229432289523,4,-0.31632603250270985
959,-0.7194156601697581,0,0,0,0,0,1,0,0,-1.5008536696409664,1.4489333649491645,0.401423,0.363704,0.165958,3.65099,3.85623,-0.02202512182238074,-0.25351101089418826,-0.4403795932314021,-0.42867671072882607,0.2807012850740047,-0.3641162980958024,-0.11001290069120637,-0.3870370918189913,-0.8669128065047171,-0.5550231802386093,-0.40387272380744554,0.5644988738891453,4,-0.31632603250270985
961,-0.783326757556397,0,0,0,0,0,1,0,0,-1.4974965643033151,1.4438536923259968,0.165958,0.363704,0.571298,3.65099,3.85623,-0.33593038189446106,-0.660947983420693,-0.9592331098856512,0.36193401462556013,0.67947071995126,-0.3641162980958024,-0.11001290069120637,-0.3870370918189913,-0.8669128065047171,-0.5550231802386093,-0.40387272380744554,0.5644988738891453,4,-0.31632603250270985
962,-0.7975175606900342,0,0,0,0,0,1,0,0,-1.5032775858196232,1.441830551552817,0.165958,0.401423,0.571298,3.65099,3.85623,-1.2843440148580803,-0.660947983420693,-0.6448866729106413,-0.29996097443224484,-0.21862676686235635,-0.3641162980958024,-0.11001290069120637,-0.3870370918189913,-0.8669128065047171,-0.5550231802386093,-0.40387272380744554,0.5644988738891453,4,-0.31632603250270985
963,-0.8719144046271543,0,0,0,0,0,1,0,0,-1.5015014229955648,1.4405337406903815,0.363704,0.401423,0.571298,3.65099,3.85623,-1.2843440148580803,-0.8515518524518081,-0.4403795932314021,0.09624112471835021,0.10546515521754944,-0.3641162980958024,-0.11001290069120637,-0.3870370918189913,-0.8669128065047171,-0.5550231802386093,-0.40387272380744554,0.5644988738891453,4,-0.31632603250270985
964,-0.7138689857987723,0,0,0,0,0,1,0,0,-1.515674888917594,1.4218754336003128,0.510909,0.194041,7.67838,0.585929,0.139866,-0.5522094041596931,0.025855471497187355,0.6038318911795943,0.44726487596994885,0.41193044896111214,0.8564563463274925,6.9251710563310676,-0.3870370918189913,-0.8669128065047171,-0.5550231802386093,-0.40387272380744554,-0.6357229432289523,3,-0.31632603250270985
965,-0.7421354674402909,0,0,0,0,0,1,0,0,-1.5201515723847046,1.4230078964244055,0.586041,0.194041,7.67838,0.585929,6.23434,-0.5522094041596931,-0.7477998765732328,0.0320400603967012,-0.05304893168437191,-0.11407405537742119,0.8564563463274925,-0.11001290069120637,-0.3870370918189913,-0.8669128065047171,-0.5550231802386093,-0.40387272380744554,-0.6357229432289523,4,-0.31632603250270985
967,-0.8613488985320314,0,0,0,0,0,1,0,0,-1.5244169050045007,1.4193266929333066,0.510909,0.585929,0.586041,0.139866,6.23434,-0.19764715855299722,-0.4854625930442681,-0.40264527919958765,-0.6388545358950622,-0.691393523763229,-0.3641162980958024,6.9251710563310676,-0.3870370918189913,-0.8669128065047171,-0.5550231802386093,-0.40387272380744554,-0.6357229432289523,4,-0.31632603250270985
968,1.4705677403008792,0,0,0,1,0,0,0,0,-0.4249391335008189,0.8569047134211535,3.08129,6.2731,5.6509,1.94362,5.49989,1.0539518560271925,0.707440423855009,0.5081128768180656,0.22753945696357034,0.34533370199148683,-0.3641162980958024,-0.11001290069120637,-0.3870370918189913,2.4251778511622253,-0.5550231802386093,-0.40387272380744554,-0.6357229432289523,0,1.7381456473456194
969,0.2249042406495746,0,0,0,1,0,0,0,0,-0.418716527596178,0.8641093568699647,6.39225,6.2731,0.431903,1.12667,0.469752,1.0539518560271925,0.3833419448229953,0.03450328264233713,0.10080830296486536,-0.09875044115148003,-0.3641162980958024,-0.11001290069120637,-0.3870370918189913,0.7791325223287542,-0.5550231802386093,-0.40387272380744554,-0.6357229432289523,3,-0.31632603250270985
974,-0.7576197296044814,0,0,0,1,0,0,0,0,-0.4128333413991246,0.8762738417933313,1.12667,3.08129,0.431903,6.2731,5.49989,-0.7070506895380823,1.1919577349728256,0.6799315078193431,1.5779368409625671,1.2677782582769108,-0.3641162980958024,-0.11001290069120637,-0.3870370918189913,2.4251778511622253,-0.5550231802386093,-0.40387272380744554,-0.6357229432289523,1,-0.31632603250270985
975,-0.5104712364593103,0,0,0,1,0,0,0,0,-0.409743026906454,0.8736946877891815,0.469752,0.431903,3.08129,6.2731,3.42474,-0.7070506895380823,0.45801088509961435,0.48118066616393756,1.137286107961205,1.1278396636592034,-0.3641162980958024,-0.11001290069120637,-0.3870370918189913,0.7791325223287542,-0.5550231802386093,0.9628281895925127,-0.6357229432289523,2,-0.31632603250270985
976,1.134840253243096,0,0,0,1,0,0,0,0,-0.43459365617506374,0.8700395310923138,1.94362,5.6509,6.37211,3.96424,6.39225,-0.3268916637226657,0.40269238707293614,0.37226476046774737,0.5496891182602797,0.34533370199148683,-0.3641162980958024,-0.11001290069120637,-0.3870370918189913,0.7791325223287542,-0.5550231802386093,-0.40387272380744554,-0.6357229432289523,2,1.7381456473456194
977,-0.20311482138932055,0,0,0,1,0,0,0,0,-0.4361804617499392,0.86521877075799,5.49989,5.6509,3.96424,6.39225,6.37211,-0.3268916637226657,-0.8319647219738453,0.5775131174347794,0.22753945696357034,-0.07579118562059478,-0.3641162980958024,-0.11001290069120637,-0.3870370918189913,0.7791325223287542,-0.5550231802386093,-0.40387272380744554,-0.6357229432289523,2,1.7381456473456194
978,1.1916538798294467,0,0,0,1,0,0,0,0,-0.43813580662048746,0.8604627160768794,1.94362,5.49989,3.96424,6.39225,6.37211,-0.30982416545312347,0.40269238707293614,0.4749395752112916,0.12468505947869928,0.3607041587461953,-0.3641162980958024,-0.11001290069120637,-0.3870370918189913,1.6021551867454897,-0.5550231802386093,-0.40387272380744554,-0.6357229432289523,2,-0.31632603250270985
979,1.462990583559941,0,0,0,1,0,0,0,0,-0.44683662194858637,0.8742764994031024,3.96424,5.49989,9.87828,1.94362,5.6509,0.8428084438723819,0.9195255773167047,0.4593607004282466,0.23897444028492887,0.3607041587461953,-0.3641162980958024,-0.11001290069120637,-0.3870370918189913,0.7791325223287542,-0.5550231802386093,-0.40387272380744554,-0.6357229432289523,2,1.7381456473456194
980,0.5570914573532254,0,0,0,1,0,0,0,0,-0.45021560029707447,0.8662527247083783,6.37211,5.6509,1.94362,9.87828,3.96839,0.8428084438723819,1.0379359835056006,0.5775131174347794,0.28031513853887874,0.018347946204070893,-0.3641162980958024,-0.11001290069120637,-0.3870370918189913,0.7791325223287542,-0.5550231802386093,-0.40387272380744554,-0.6357229432289523,2,1.7381456473456194
982,0.5586527880620085,0,0,0,1,0,0,0,0,-0.46517412286856635,0.8666183853297849,9.87828,4.36752,3.96424,4.11801,6.37211,1.545489208069725,0.7626448288738835,0.7540258249809209,0.3671030900672609,0.8377110815920404,-0.3641162980958024,-0.11001290069120637,-0.3870370918189913,-0.04389014208798146,-0.5550231802386093,-0.40387272380744554,-0.6357229432289523,4,-0.31632603250270985
983,2.782096822406806,0,0,0,1,0,0,0,0,-0.46014681502062876,0.8763106072555403,3.96839,4.11801,6.37211,3.88828,3.96424,1.545489208069725,0.952021742453974,0.4593607004282466,0.1682705110201735,-0.03827096095357555,-0.3641162980958024,-0.11001290069120637,-0.3870370918189913,-0.04389014208798146,-0.5550231802386093,-0.40387272380744554,0.5644988738891453,3,-0.31632603250270985
984,0.5285134620184846,0,0,0,1,0,0,0,0,-0.4705442772108573,0.8850768016498629,4.11801,2.95697,3.78996,9.87828,3.74098,0.25293028011946717,0.8070332209623843,0.37711953315822394,0.1682705110201735,-0.012949048879662016,-0.3641162980958024,-0.11001290069120637,-0.3870370918189913,-0.8669128065047171,-0.5550231802386093,-0.40387272380744554,-0.6357229432289523,4,1.7381456473456194
985,0.6149434629169837,0,0,0,1,0,0,0,0,-0.47309121618935396,0.878688116927748,3.88828,4.36752,3.74098,9.87828,3.78996,0.25293028011946717,-0.048088745067768925,0.3729295869357752,0.02922986742505895,-0.0037558832909291647,-0.3641162980958024,-0.11001290069120637,-0.3870370918189913,-0.8669128065047171,-0.5550231802386093,-0.40387272380744554,0.5644988738891453,3,1.7381456473456194
986,0.7088151798202373,0,0,0,1,0,0,0,0,-0.47659486864067313,0.8710701137864615,4.11801,3.96839,3.74098,3.88828,9.87828,0.7349453039338677,0.7626448288738835,0.8803894102061961,0.5442220759434405,0.4044203530361334,-0.3641162980958024,-0.11001290069120637,-0.3870370918189913,-0.8669128065047171,-0.5550231802386093,-0.40387272380744554,0.5644988738891453,4,-0.31632603250270985
988,0.4915230920696734,0,0,0,1,0,0,0,0,-0.48287996641148306,0.8891385125190573,3.74098,2.19381,2.95697,3.88828,1.23287,0.06321336009787695,0.581669011030808,0.3145332666382317,0.008552885567472156,-0.036442250444233354,-0.3641162980958024,-0.11001290069120637,-0.3870370918189913,-0.8669128065047171,-0.5550231802386093,-0.40387272380744554,0.5644988738891453,4,-0.31632603250270985
989,0.4730956274633595,0,0,0,1,0,0,0,0,-0.4851886244393092,0.8832865391945438,3.78996,2.19381,4.11801,2.57725,1.23287,0.06321336009787695,0.8912012074485602,0.3729295869357752,0.1542204500318676,-0.08786086490883407,-0.3641162980958024,-0.11001290069120637,-0.3870370918189913,-0.8669128065047171,-0.5550231802386093,-0.40387272380744554,-0.6357229432289523,4,1.7381456473456194
990,0.17813203975416958,0,0,0,1,0,0,0,0,-0.47294148631936467,0.8966479403070039,3.88828,3.78996,0.182571,3.74098,4.11801,1.8746732060909346,0.852946351911533,1.4731704938947903,1.0172220377637289,0.6877500187407734,-0.3641162980958024,-0.11001290069120637,-0.3870370918189913,-0.8669128065047171,-0.5550231802386093,-0.40387272380744554,0.5644988738891453,3,1.7381456473456194
991,0.7269341405274664,0,0,0,1,0,0,0,0,-0.4517162187666663,0.8925535474434704,0.182571,0.407817,9.87828,6.37211,3.88828,0.5009547946626752,0.009474636617352128,1.608795891143224,1.2463273972372346,0.8976552802460062,-0.3641162980958024,-0.11001290069120637,-0.3870370918189913,-0.04389014208798146,-0.5550231802386093,-0.40387272380744554,0.5644988738891453,3,-0.31632603250270985
992,-0.7809211795920692,0,0,0,1,0,0,0,0,-0.44600089107571855,0.8991886853438651,0.182571,4.41568,6.37211,2.95697,9.87828,0.6782076444150855,0.009474636617352128,3.0653995000767975,2.484009588181846,2.139155748714706,-0.3641162980958024,-0.11001290069120637,-0.3870370918189913,-0.04389014208798146,-0.5550231802386093,-0.40387272380744554,-0.6357229432289523,4,-0.31632603250270985
993,-0.8656641908765481,0,0,0,1,0,0,0,0,-0.4546437953192223,0.8996188660816421,4.41568,0.407817,2.95697,3.88828,9.87828,0.5009547946626752,-0.09065822052223946,1.4731704938947903,1.6221199124676344,1.698505878738537,-0.3641162980958024,-0.11001290069120637,-0.3870370918189913,-0.8669128065047171,-0.5550231802386093,-0.40387272380744554,0.5644988738891453,4,-0.31632603250270985
994,1.6923143233748157,0,0,0,0,1,0,0,0,-0.4891308809412554,0.8297103876494948,2.16086,0.766031,3.92077,1.11927,0.430538,0.5390724241523612,-0.17033897731585257,-0.3208098519758198,-0.2861388232785632,-0.4745440282867342,-0.3641162980958024,-0.11001290069120637,-0.3870370918189913,-0.8669128065047171,-0.5550231802386093,2.329529102992471,-0.6357229432289523,3,-0.31632603250270985
995,-0.6461523799496416,0,0,0,0,1,0,0,0,-0.4904597151420184,0.8220123005838278,0.430538,0.0548302,6.98165,1.94983,1.11927,-0.7370108165177099,-0.21326998608854156,-0.5727673937496829,-0.7147638632062503,-0.9406312638039033,-0.3641162980958024,-0.11001290069120637,-0.3870370918189913,-0.04389014208798146,-0.5550231802386093,-0.40387272380744554,-0.6357229432289523,4,-0.31632603250270985
996,-0.20077846869015334,0,0,0,0,1,0,0,0,-0.48246735908636296,0.8181661007398966,1.11927,0.766031,3.30725,0.0548302,3.92077,-0.7581402199813448,-0.01579223699391319,-0.3795760340772012,-0.5687661892520028,-0.7564146722789027,-0.3641162980958024,-0.11001290069120637,-0.3870370918189913,-0.04389014208798146,-0.5550231802386093,0.9628281895925127,-0.6357229432289523,3,-0.31632603250270985
997,-0.5132552960364177,0,0,0,0,1,0,0,0,-0.48147674376014105,0.8217730883325216,1.94983,3.92077,0.766031,3.99508,3.30725,-0.7581402199813448,-0.6632093195820661,-0.43781495616644733,-0.5433948305893531,-0.673581231561236,-0.3641162980958024,-0.11001290069120637,-0.3870370918189913,-0.04389014208798146,-0.5550231802386093,2.329529102992471,-0.6357229432289523,2,-0.31632603250270985
998,0.3099158760608174,0,0,0,0,1,0,0,0,-0.47395921016006803,0.814691542713559,0.894531,1.98587,1.94983,3.99508,1.11927,0.45239584357936474,-0.001993629662598606,-0.3795760340772012,-0.6294812144732862,-0.673581231561236,-0.3641162980958024,-0.11001290069120637,-0.3870370918189913,-0.8669128065047171,-0.5550231802386093,3.696230016392429,-0.6357229432289523,2,-0.31632603250270985
999,-0.5302342972141013,0,0,0,0,1,0,0,0,-0.45891472591184923,0.8133553200848916,1.56376,0.894531,3.69056,4.33353,1.98587,-0.379979235923869,-0.39762531477684027,-0.5380695152685002,-0.7227474218891561,-0.7931745103575201,-0.3641162980958024,-0.11001290069120637,-0.3870370918189913,-0.8669128065047171,-0.5550231802386093,3.696230016392429,-0.6357229432289523,2,-0.31632603250270985
1000,-0.34602737151905466,0,0,0,0,1,0,0,0,-0.453711565979348,0.8133452231892184,1.07414,4.33353,3.16994,3.69056,0.894531,-0.379979235923869,-0.2635623679830351,0.04393092312212624,-0.10419025634663881,-0.37360385106593097,-0.3641162980958024,-0.11001290069120637,-0.3870370918189913,-0.8669128065047171,-0.5550231802386093,2.329529102992471,-0.6357229432289523,3,-0.31632603250270985
1002,0.2582565219347873,0,0,0,0,1,0,0,0,-0.4442207814937282,0.8192773386002703,1.15862,1.5434,0.865836,4.33353,1.56376,-0.4356843798955714,0.051148512857329145,-0.19806565264542603,-0.4434139446272112,-0.5530087809584955,-0.3641162980958024,-0.11001290069120637,-0.3870370918189913,0.7791325223287542,-0.5550231802386093,0.9628281895925127,-0.6357229432289523,2,-0.31632603250270985
1003,0.6960273169789019,0,0,0,0,1,0,0,0,-0.45462601026893257,0.8207133456280159,1.56376,2.70246,1.07414,3.69056,2.10692,0.44775668058988544,-0.19794708873922362,-0.44776360875593024,-0.5879410845439558,-0.741282265035957,-0.3641162980958024,-0.11001290069120637,-0.3870370918189913,-0.04389014208798146,-0.5550231802386093,0.9628281895925127,-0.6357229432289523,3,-0.31632603250270985
1004,-0.49845087112301534,0,0,0,0,1,0,0,0,-0.4436128788326814,0.8239550680133356,3.16994,2.70246,4.27376,4.33353,1.5434,-0.4356843798955714,0.12303007831579531,0.020834081744172683,-0.262241435257316,-0.4880895058848989,-0.3641162980958024,-0.11001290069120637,-0.3870370918189913,0.7791325223287542,-0.5550231802386093,0.9628281895925127,-0.6357229432289523,2,-0.31632603250270985
1006,0.4004128612874964,0,0,0,0,1,0,0,0,-0.4316006246214561,0.8302784478842182,4.27376,1.15862,2.00688,1.5434,3.16994,0.6827681743658982,1.0857891277355194,0.715483164112893,0.5494363948685638,0.380830649490335,-0.3641162980958024,-0.11001290069120637,-0.3870370918189913,1.6021551867454897,-0.5550231802386093,0.9628281895925127,-0.6357229432289523,1,-0.31632603250270985
1007,0.6735403925297518,0,0,0,0,1,0,0,0,-0.43942238049518384,0.8337906927066078,3.54779,1.38246,1.30737,1.15862,2.70246,0.6827681743658982,0.22761640518538337,-0.13663210466361317,-0.30731204962420255,-0.11577557042824772,-0.3641162980958024,-0.11001290069120637,1.4728290102938495,1.6021551867454897,0.4150033169688831,-0.40387272380744554,-0.6357229432289523,0,-0.31632603250270985
1008,-0.44248751138048403,0,0,0,0,1,0,0,0,-0.44809131905969507,0.8393458870056021,1.38246,1.55898,4.27376,2.70246,1.80748,-1.0362044014795053,0.05762699958378733,-0.13663210466361317,-0.05528879753248636,-0.07986719886884053,-0.3641162980958024,-0.11001290069120637,1.4728290102938495,1.6021551867454897,0.4150033169688831,-0.40387272380744554,-0.6357229432289523,0,-0.31632603250270985
1009,-0.414236831158187,0,0,0,0,1,0,0,0,-0.44900489798383925,0.8366034991093979,1.30737,1.55898,2.70246,4.27376,1.80748,-1.0362044014795053,0.0943069529865368,-0.3050803563290323,-0.5276468059942993,-0.4182093402552962,-0.3641162980958024,-0.11001290069120637,-0.3870370918189913,1.6021551867454897,1.3850298141763753,-0.40387272380744554,-0.6357229432289523,0,-0.31632603250270985
1012,0.08237920151503231,0,0,0,0,1,0,0,0,-0.4521530391886515,0.8280403216231088,4.33353,1.80748,1.15862,1.38246,2.10692,0.5352103626759358,0.10553741429866662,-0.31838423260744303,-0.5962515571214879,-0.8289555677638324,-0.3641162980958024,-0.11001290069120637,1.4728290102938495,-0.04389014208798146,0.4150033169688831,-0.40387272380744554,-0.6357229432289523,2,-0.31632603250270985
1013,-0.3478257235161592,0,0,0,0,1,0,0,0,-0.45722348665573115,0.8410009367317476,1.65785,0.894363,1.30737,1.38246,1.80748,0.5141321931319535,-0.10783383342785055,-0.3750958782186722,-0.6301266200660246,-0.833320557315188,-0.3641162980958024,-0.11001290069120637,1.4728290102938495,-0.8669128065047171,2.355056311383868,-0.40387272380744554,0.5644988738891453,0,-0.31632603250270985
1016,-0.2543339931227539,0,0,0,0,1,0,0,0,-0.46042023964723133,0.8324504834378071,2.10692,2.37891,2.70246,1.55898,0.894363,-0.3137112218254295,-0.17627430896604332,-0.3335522916922549,-0.5956898894640955,-0.8085609843102228,-0.3641162980958024,-0.11001290069120637,-0.3870370918189913,0.7791325223287542,0.4150033169688831,-0.40387272380744554,-0.6357229432289523,2,-0.31632603250270985
1017,-0.1416773985593684,0,0,0,0,1,0,0,0,-0.4618208579203422,0.8275373493754783,1.80748,3.69056,2.70246,4.33353,3.99508,-0.3137112218254295,-0.0459190206530232,-0.29902190683384783,-0.49427985520411644,-0.6460717528654492,-0.3641162980958024,-0.11001290069120637,-0.3870370918189913,-0.04389014208798146,0.4150033169688831,2.329529102992471,-0.6357229432289523,1,-0.31632603250270985
1019,-0.039348160129982934,0,0,0,0,1,0,0,0,-0.46762849627033964,0.8362811636859263,0.894363,1.65785,1.80748,4.54203,2.7129,-0.5802574435997512,-0.22797643744333917,-0.5779139775444607,-0.7300492633621665,-0.6452894964932833,-0.3641162980958024,-0.11001290069120637,-0.3870370918189913,-0.8669128065047171,1.3850298141763753,-0.40387272380744554,1.764720691007243,1,-0.31632603250270985
1020,-0.5978707672943236,0,0,0,0,1,0,0,0,-0.46575935710836885,0.8401737946411311,1.65785,2.37891,1.55898,2.7129,1.80748,-0.8883378875975602,-1.0348670428269626,-0.5185685756240086,-0.6850242960367421,-0.8085609843102228,-0.3641162980958024,-0.11001290069120637,-0.3870370918189913,-0.04389014208798146,0.4150033169688831,-0.40387272380744554,1.764720691007243,1,-0.31632603250270985
1021,-0.3106284302204007,0,0,0,0,1,0,0,0,-0.46492860790880475,0.8434072627044348,0.894363,2.37891,1.55898,2.7129,1.80748,-0.8883378875975602,-0.22797643744333917,-0.61041969848494,-0.7759549479996062,-0.37457579500568805,-0.3641162980958024,-0.11001290069120637,-0.3870370918189913,-0.04389014208798146,1.3850298141763753,-0.40387272380744554,0.5644988738891453,1,-0.31632603250270985
1022,0.08630698286435687,0,0,0,0,1,0,0,0,-0.4734230678896015,0.8448650446669934,1.65785,0.894363,4.54203,2.26757,2.37891,0.6718985910263305,0.022894068635243747,-0.34491161035760776,-0.5587391957312812,-0.6452894964932833,-0.3641162980958024,-0.11001290069120637,1.4728290102938495,-0.8669128065047171,0.4150033169688831,-0.40387272380744554,0.5644988738891453,2,-0.31632603250270985
1023,0.7744700766852399,0,0,0,0,1,0,0,0,-0.47652101530910507,0.8364839874624326,2.37891,2.7129,4.85867,3.92077,0.894363,0.7514892685766187,0.09243720524980534,-0.27294191618097363,-0.48454621661320757,-0.5442371652395076,-0.3641162980958024,-0.11001290069120637,-0.3870370918189913,-0.8669128065047171,0.4150033169688831,0.9628281895925127,0.5644988738891453,2,-0.31632603250270985
1024,0.8935977286440644,0,0,0,0,1,0,0,0,-0.4851005440841369,0.8409546934118423,2.26757,1.45856,4.54203,1.68494,2.7129,0.49778855511640324,-0.1598509234947293,-0.27294191618097363,-0.46539607468230787,-0.3932375161538254,-0.3641162980958024,-0.11001290069120637,1.4728290102938495,-0.8669128065047171,-0.5550231802386093,2.329529102992471,0.5644988738891453,1,-0.31632603250270985
1025,-0.08123697003743455,0,0,0,0,1,0,0,0,-0.4826393463961678,0.8481648834044326,4.85867,2.7129,2.80203,1.68494,1.45856,0.49778855511640324,0.1871702989845164,-0.23839183964984176,-0.34710773506436204,-0.2592696476641557,-0.3641162980958024,-0.11001290069120637,-0.3870370918189913,-0.04389014208798146,-0.5550231802386093,2.329529102992471,0.5644988738891453,1,-0.31632603250270985
1026,0.11983985179781445,0,0,0,0,1,0,0,0,-0.4920558650214697,0.8512856858356316,1.68494,1.305,2.26757,1.45856,2.55221,-0.3754152834000489,-0.12125026305480023,-0.23839183964984176,-0.35101695882169126,-0.3909107979450106,-0.3641162980958024,-0.11001290069120637,1.4728290102938495,-0.8669128065047171,-0.5550231802386093,5.062930929792387,-0.6357229432289523,0,-0.31632603250270985
1027,-0.16939007807960285,0,0,0,0,1,0,0,0,-0.4994863727539096,0.818435428355888,0.273783,0.430538,0.669298,0.636423,0.0548302,-0.11150593224110793,-0.6204836664494974,-0.753802517313349,-0.8216813169438981,-0.92199793261275,-0.3641162980958024,-0.11001290069120637,-0.3870370918189913,-0.8669128065047171,-0.5550231802386093,2.329529102992471,-0.6357229432289523,3,-0.31632603250270985
1028,-0.772372988017548,0,0,0,0,1,0,0,0,-0.4931897690520904,0.8192200634837721,0.766031,0.0548302,2.03326,1.94983,6.98165,-0.7370108165177099,-0.8435434999418593,-0.9630922313391812,-0.3967698845505869,-0.4745440282867342,-0.3641162980958024,-0.11001290069120637,-0.3870370918189913,-0.04389014208798146,-0.5550231802386093,-0.40387272380744554,-0.6357229432289523,4,-0.31632603250270985
1029,-0.913723379745111,0,0,0,0,1,0,0,0,-0.4914379191511246,0.8144445649289948,0.430538,0.766031,2.03326,1.94983,0.636423,-0.32525664976210644,-0.21326998608854156,-0.4146570359837386,-0.5687661892520028,-0.4644693292359968,-0.3641162980958024,-0.11001290069120637,-0.3870370918189913,-0.8669128065047171,-0.5550231802386093,-0.40387272380744554,-0.6357229432289523,5,-0.31632603250270985
1033,-0.28017307579244843,1,0,0,0,0,0,0,0,0.1366591889584524,-0.3817943282026415,1.92894,2.78375,1.22116,2.01374,1.76284,0.07888668119069225,-0.49674834352646735,-0.4375725986794255,-0.45484844518626577,-0.6143768714353909,-0.3641162980958024,-0.11001290069120637,-0.3870370918189913,1.6021551867454897,-0.5550231802386093,-0.40387272380744554,-0.6357229432289523,2,-0.31632603250270985
1035,1.388708864248577,1,0,0,0,0,0,0,0,0.17765168764376005,-0.46504191393331906,0.5943,3.94605,5.09528,2.35218,5.14622,-0.3443883464674234,0.34038047644088787,-0.022854294865215397,-0.20598729569853697,-0.4430340011238816,-0.3641162980958024,-0.11001290069120637,-0.3870370918189913,-0.8669128065047171,-0.5550231802386093,-0.40387272380744554,-0.6357229432289523,3,3.7926173271939483
1036,-0.7107617495761601,1,0,0,0,0,0,0,0,0.1728718682911102,-0.4628306110704484,6.17467,5.14622,2.35218,3.55895,5.09528,-0.3443883464674234,-0.5239348845371853,0.11525612163627465,-0.0651756150340369,-0.094107136770928,-0.3641162980958024,-0.11001290069120637,-0.3870370918189913,-0.04389014208798146,-0.5550231802386093,-0.40387272380744554,-0.6357229432289523,2,3.7926173271939483
1037,0.4046115241091881,1,0,0,0,0,0,0,0,0.16179296333818624,-0.46861742720608335,2.35218,5.14622,0.5943,1.39635,6.17467,0.9910625465563506,0.3806531182836968,0.2939561642868122,0.5436811675170619,0.22846143544590308,-0.3641162980958024,-0.11001290069120637,-0.3870370918189913,-0.8669128065047171,-0.5550231802386093,-0.40387272380744554,-0.6357229432289523,4,1.7381456473456194
1038,1.001781016670719,1,0,0,0,0,0,0,0,0.1669132877465901,-0.45978757563411365,0.5943,3.55895,6.17467,2.35218,5.09528,0.10072569102324201,0.3806531182836968,0.18061003580435642,0.3398520300938399,0.7565833302364434,-0.3641162980958024,-0.11001290069120637,-0.3870370918189913,-0.04389014208798146,-0.5550231802386093,-0.40387272380744554,-0.6357229432289523,3,1.7381456473456194
1039,0.982616152500739,1,0,0,0,0,0,0,0,0.18649473858404517,-0.458770391264002,6.17467,0.5943,3.94605,4.34184,5.14622,1.4172726082317408,1.1986129508318122,1.0816387835259913,0.6381767773974981,0.7565833302364434,-0.3641162980958024,-0.11001290069120637,-0.3870370918189913,-0.8669128065047171,-0.5550231802386093,-0.40387272380744554,-0.6357229432289523,4,1.7381456473456194
1040,-0.4090110760871029,1,0,0,0,0,0,0,0,0.15633342345860327,-0.48283782588852825,0.944484,0.5853,2.05887,3.55895,2.35218,-0.7834977511145143,-0.0031841555329643846,0.36385078758217304,0.5436811675170619,0.3171523649165859,-0.3641162980958024,-0.11001290069120637,-0.3870370918189913,-0.04389014208798146,-0.5550231802386093,-0.40387272380744554,-0.6357229432289523,4,-0.31632603250270985
1041,-0.5790140307991611,1,0,0,0,0,0,0,0,0.15625167042023136,-0.4864842326757419,1.39635,0.5853,2.05887,2.35218,3.55895,-0.7834977511145143,-0.5524101410120927,0.11698437080910673,1.132259712716689,0.7979160497942153,-0.3641162980958024,-0.11001290069120637,-0.3870370918189913,-0.04389014208798146,-0.5550231802386093,-0.40387272380744554,-0.6357229432289523,4,-0.31632603250270985
1046,0.3181476630266433,0,0,0,0,0,1,0,0,-1.4641531036281994,1.4795332604692506,5.06293,3.2773,2.11684,2.1893,4.01247,1.2135452731420797,2.926640801312095,2.1280738365844023,1.6954718758372025,1.6624092472813705,2.077028990750787,-0.11001290069120637,-0.3870370918189913,-0.04389014208798146,-0.5550231802386093,-0.40387272380744554,0.5644988738891453,1,-0.31632603250270985
1047,0.9704452974575732,0,0,0,0,0,1,0,0,-1.454495598510701,1.4831364765352832,3.32913,3.2773,2.11684,2.1893,4.01247,1.2135452731420797,0.53705045696339,0.13990365817059933,0.11710691140422397,0.5051088175752616,2.077028990750787,-0.11001290069120637,-0.3870370918189913,-0.04389014208798146,-0.5550231802386093,-0.40387272380744554,0.5644988738891453,1,-0.31632603250270985
1049,0.29864795925887583,0,0,0,0,0,1,0,0,-1.4436905562351,1.4864712497030608,2.11684,2.1893,5.06293,4.55186,4.01247,-0.3580350328295887,0.14064610682152948,0.04061686405191663,0.36776739320090696,0.1648541898978747,2.077028990750787,-0.11001290069120637,-0.3870370918189913,0.7791325223287542,-0.5550231802386093,-0.40387272380744554,0.5644988738891453,0,-0.31632603250270985
1050,-0.13794525382897582,0,0,0,0,0,1,0,0,-1.4459961037848266,1.4909222872012367,2.1893,3.2773,4.01247,5.06293,4.55186,-0.6285847114495531,-0.8681366640812173,-0.1149930145539945,-0.20175089383755865,-0.26305149045718507,2.077028990750787,-0.11001290069120637,-0.3870370918189913,0.7791325223287542,-0.5550231802386093,-0.40387272380744554,-0.6357229432289523,1,-0.31632603250270985
1051,-0.1106840434293535,0,0,0,0,0,1,0,0,-1.448147556196929,1.494514145364823,2.11684,4.01247,3.2773,4.55186,5.06293,-0.6285847114495531,-0.6517424900032625,-0.30310920297484584,0.0631433303273081,-0.18639640653704664,0.8564563463274925,-0.11001290069120637,-0.3870370918189913,0.7791325223287542,-0.5550231802386093,-0.40387272380744554,0.5644988738891453,1,-0.31632603250270985
1052,0.5752367537591568,0,0,0,0,0,1,0,0,-1.4509843889413716,1.499703028543014,2.1893,2.11684,2.48221,4.55186,3.2773,-0.06961947591687818,0.35759233981213173,0.799049982356151,0.46601558700945517,0.1648541898978747,0.8564563463274925,-0.11001290069120637,-0.3870370918189913,-0.04389014208798146,-0.5550231802386093,-0.40387272380744554,0.5644988738891453,2,-0.31632603250270985
1053,-0.0004841933306317732,0,0,0,0,0,1,0,0,-1.4364941495563133,1.503929568819355,4.55186,4.01247,2.1893,2.11684,3.2773,-0.11362342032836083,1.4117184447248379,0.8383433502554255,0.668972550568224,0.817935644997272,2.077028990750787,-0.11001290069120637,-0.3870370918189913,-0.04389014208798146,-0.5550231802386093,-0.40387272380744554,0.5644988738891453,1,-0.31632603250270985
1054,0.7781683612315866,0,0,0,0,0,1,0,0,-1.4354097758801936,1.4983226898239517,2.48221,2.11684,2.1893,3.2773,4.01247,-0.11362342032836083,0.9564661842643957,0.438695792778018,0.36776739320090696,0.13026810204390407,2.077028990750787,-0.11001290069120637,-0.3870370918189913,-0.8669128065047171,-0.5550231802386093,-0.40387272380744554,0.5644988738891453,2,-0.31632603250270985
1059,-0.8262588373567294,0,0,0,0,0,1,0,0,-1.4170496776002566,1.487541964171291,3.15816,0.675777,2.67997,1.91927,1.85944,1.1813832141577387,0.39650793129437306,0.8279701696539231,0.6698648184121178,0.6310706191939948,-0.3641162980958024,-0.11001290069120637,-0.3870370918189913,-0.04389014208798146,-0.5550231802386093,2.329529102992471,-0.6357229432289523,1,1.7381456473456194
1062,-0.6801081249594056,0,0,0,0,0,1,0,0,-1.4062874522903455,1.4876039890109933,1.85944,2.67997,0.28731,3.15816,2.35955,0.4845783288088403,-0.050227164362317486,-0.0812489267269461,-0.2372014809296784,-0.04366344684396014,-0.3641162980958024,-0.11001290069120637,-0.3870370918189913,-0.04389014208798146,-0.5550231802386093,2.329529102992471,-0.6357229432289523,2,-0.31632603250270985
1063,-0.23478538020025355,0,0,0,0,0,1,0,0,-1.398302846058248,1.4882584737410565,2.35955,0.675777,1.40438,2.67997,2.27876,0.17398397641978355,-0.2359355983322522,-0.47141757630645714,-0.5283966420959616,-0.26665718358208323,-0.3641162980958024,-0.11001290069120637,-0.3870370918189913,-0.04389014208798146,-0.5550231802386093,0.9628281895925127,-0.6357229432289523,3,-0.31632603250270985
1064,-0.40598999522167417,0,0,0,0,0,1,0,0,-1.3903142098867476,1.4917433260945046,2.35955,2.72009,1.85944,2.27876,1.98633,0.07375144828063152,-0.4628547021356094,-0.47141757630645714,-0.7413051970572481,-0.6537618929832302,-0.3641162980958024,-0.11001290069120637,-0.3870370918189913,-0.8669128065047171,-0.5550231802386093,-0.40387272380744554,-0.6357229432289523,5,-0.31632603250270985
1065,-0.04663186194252342,0,0,0,0,0,1,0,0,-1.3918764173095206,1.485644947298966,2.27876,1.40438,1.85944,2.43676,2.72009,-0.05112649839572224,-0.5441732830554457,-0.8317134429586976,-0.17732906466008186,-0.1813078260734334,-0.3641162980958024,-0.11001290069120637,-0.3870370918189913,-0.8669128065047171,-0.5550231802386093,-0.40387272380744554,-0.6357229432289523,5,-0.31632603250270985
1066,0.08901203534535722,0,0,0,0,0,1,0,0,-1.3885036674232736,1.498124935038365,1.40438,1.98633,2.35955,1.85944,2.27876,0.18213488283140128,-0.39740391040027917,0.5058891718517846,0.23931862472858956,-0.04081269244663875,-0.3641162980958024,-0.11001290069120637,-0.3870370918189913,-0.8669128065047171,-0.5550231802386093,-0.40387272380744554,-0.6357229432289523,5,-0.31632603250270985
1067,-0.18704628293820447,0,0,0,0,0,1,0,0,-1.395277206330108,1.5007159055138566,2.72009,2.67997,1.40438,1.85944,2.35955,0.2693693318601573,0.35851539247511477,-0.08128729483860482,0.10419050406941337,0.2511296002731924,-0.3641162980958024,-0.11001290069120637,-0.3870370918189913,-0.8669128065047171,-0.5550231802386093,0.9628281895925127,-0.6357229432289523,4,-0.31632603250270985
1069,-0.2122758822950727,0,0,0,0,0,1,0,0,-1.4123228767100366,1.502685398203432,3.15816,2.67997,0.28731,0.675777,1.98633,0.06700738628605948,0.41257721559267185,1.123058047593439,0.7322160294109856,0.37605816546944193,-0.3641162980958024,-0.11001290069120637,-0.3870370918189913,0.7791325223287542,-0.5550231802386093,2.329529102992471,-0.6357229432289523,1,-0.31632603250270985
1071,-0.07702702048772747,0,0,0,0,0,1,0,0,-1.3856915013735518,1.4846841922554144,2.43676,2.35955,1.40438,3.02598,1.85944,-0.2090726720736274,-0.6378674666176694,-0.4686961801380365,-0.18293255719698878,-0.26665718358208323,-0.3641162980958024,-0.11001290069120637,-0.3870370918189913,-0.8669128065047171,-0.5550231802386093,-0.40387272380744554,-0.6357229432289523,5,-0.31632603250270985
1072,-0.017583586273811853,0,0,0,0,0,1,0,0,-1.3801338242766603,1.483283773621187,2.27876,3.02598,1.87711,2.35955,2.99542,-0.2090726720736274,-0.6473963244091594,-0.07004362995730999,-0.17732906466008186,-0.2570599012248231,-0.3641162980958024,-0.11001290069120637,-0.3870370918189913,-0.8669128065047171,0.4150033169688831,-0.40387272380744554,-0.6357229432289523,4,-0.31632603250270985
1073,0.20409527643203235,0,0,0,0,0,1,0,0,-1.3742190214706225,1.4814529385228072,2.43676,2.99542,1.87711,2.27876,2.07551,-0.0638267979226614,-0.4655009968527248,-0.6222928577486696,-0.18293255719698878,-0.1467692722923924,-0.3641162980958024,-0.11001290069120637,-0.3870370918189913,-0.8669128065047171,1.3850298141763753,-0.40387272380744554,-0.6357229432289523,3,-0.31632603250270985
1074,0.192597862827113,0,0,0,0,0,1,0,0,-1.3673864952148098,1.4799481091583673,3.02598,3.22485,1.87711,2.43676,3.20268,0.17860783517476228,-0.4423193714616635,-0.3446752018790592,0.0392481502325512,-0.22874849465260488,0.8564563463274925,-0.11001290069120637,-0.3870370918189913,-0.8669128065047171,0.4150033169688831,-0.40387272380744554,-0.6357229432289523,3,-0.31632603250270985
1075,0.2789149964454589,0,0,0,0,0,1,0,0,-1.360443414143351,1.478472625761064,2.99542,3.56447,3.20268,3.02598,1.87711,0.20950488416322624,-0.31344035873854015,-0.3042417946494274,0.19913848024823713,-0.03501504480358771,0.8564563463274925,-0.11001290069120637,-0.3870370918189913,-0.8669128065047171,0.4150033169688831,-0.40387272380744554,-0.6357229432289523,3,-0.31632603250270985
1076,0.4066882820640034,0,0,0,0,0,1,0,0,-1.353195004457639,1.4760923489859905,4.08653,3.22485,3.20268,2.50729,2.99542,0.28241631432307,-0.31344035873854015,0.04232249269275088,-0.07070384309402869,-0.009677888837238314,0.8564563463274925,-0.11001290069120637,-0.3870370918189913,-0.8669128065047171,-0.5550231802386093,-0.40387272380744554,-0.6357229432289523,4,-0.31632603250270985
1077,0.2705741044421519,0,0,0,0,0,1,0,0,-1.355917941197139,1.4864756901541831,3.22485,3.56447,2.99542,2.07551,1.87711,0.9847549314022174,0.5390174844245358,0.4469288493468963,0.18869926849272758,0.01099393804091461,-0.3641162980958024,-0.11001290069120637,-0.3870370918189913,-0.8669128065047171,1.3850298141763753,-0.40387272380744554,-0.6357229432289523,3,-0.31632603250270985
1080,-0.22813749739924155,0,0,0,0,0,1,0,0,-1.3706982848556093,1.488256692796002,2.07551,3.02598,2.99542,2.43676,3.22485,-0.17420878914506724,-0.22745454478447838,-0.3446752018790592,-0.38787970233926494,-0.03501504480358771,-0.3641162980958024,-0.11001290069120637,-0.3870370918189913,-0.8669128065047171,0.4150033169688831,-0.40387272380744554,-0.6357229432289523,4,-0.31632603250270985
1081,-0.15349460279138802,0,0,0,0,0,1,0,0,-1.3680535600658434,1.493178069320048,1.87711,3.02598,3.20268,2.99542,2.43676,-0.17420878914506724,1.1231326784295803,0.5803188383365117,0.19216130333991127,0.19156985673703236,0.8564563463274925,-0.11001290069120637,-0.3870370918189913,-0.8669128065047171,0.4150033169688831,-0.40387272380744554,-0.6357229432289523,3,-0.31632603250270985
1084,0.33405818728554515,0,0,0,0,1,0,0,0,-0.5065148726459267,0.8513519190768832,3.0871,1.305,2.55221,1.68494,2.80203,-0.43485948075707276,-0.5549042760933799,0.3699420550252605,0.15379229868653937,-0.06263540928562482,-0.3641162980958024,-0.11001290069120637,-0.3870370918189913,0.7791325223287542,-0.5550231802386093,3.696230016392429,-0.6357229432289523,0,-0.31632603250270985
1085,0.22709010364187104,0,0,0,0,1,0,0,0,-0.511239972528186,0.8529532977310013,3.37142,4.19413,1.305,2.55221,1.68494,-0.43485948075707276,0.42844899483058585,-0.03842134026067776,0.7799764266598732,0.6526082811254565,-0.3641162980958024,-0.11001290069120637,-0.3870370918189913,-0.8669128065047171,0.4150033169688831,3.696230016392429,-0.6357229432289523,1,-0.31632603250270985
1087,0.0535867583480009,0,0,0,0,1,0,0,0,-0.5141206665443817,0.8320709014822515,2.2651,3.74111,0.451908,2.31183,0.669298,-0.3275327455802545,-0.6885445332362932,-0.049332302948427637,-0.2190287372909795,-0.06133647997656498,-0.3641162980958024,-0.11001290069120637,-0.3870370918189913,-0.8669128065047171,-0.5550231802386093,2.329529102992471,0.5644988738891453,1,1.7381456473456194
1088,-0.08216624397736103,0,0,0,0,1,0,0,0,-0.5186793779887645,0.8347418156077469,2.62593,0.451908,0.198351,3.74111,0.577985,-0.3275327455802545,-0.59746225072691,0.025332012955388974,-0.3015898072114449,0.2631958828319085,-0.3641162980958024,-0.11001290069120637,-0.3870370918189913,-0.8669128065047171,-0.5550231802386093,-0.40387272380744554,0.5644988738891453,3,1.7381456473456194
1089,0.4731445366180924,0,0,0,0,1,0,0,0,-0.5100649747208827,0.8278504875924579,2.62593,0.669298,2.31183,2.2651,0.273783,-0.11867015780241016,-0.10696604515484975,-0.40072657857665045,-0.3015898072114449,-0.3586599686748087,-0.3641162980958024,-0.11001290069120637,-0.3870370918189913,-0.8669128065047171,-0.5550231802386093,3.696230016392429,1.764720691007243,0,-0.31632603250270985
1090,-0.6949140547698768,0,0,0,0,1,0,0,0,-0.5029001612702936,0.8112562611061628,0.273783,2.03326,0.669298,0.0548302,0.430538,0.006406145303668877,-0.1548743315250923,-0.1354005628841924,-0.1892806140413826,-0.31355626108392465,-0.3641162980958024,-0.11001290069120637,-0.3870370918189913,-0.8669128065047171,-0.5550231802386093,2.329529102992471,-0.6357229432289523,3,-0.31632603250270985
1091,-0.7643330754279821,0,0,0,0,1,0,0,0,-0.5249661678665757,0.833381059866044,0.198351,2.2651,2.62593,0.577985,3.74111,-0.28238405103328024,-0.59746225072691,-0.049332302948427637,-0.3335568046224577,0.1883253863571534,-0.3641162980958024,-0.11001290069120637,-0.3870370918189913,-0.8669128065047171,-0.5550231802386093,-0.40387272380744554,1.764720691007243,2,1.7381456473456194
1093,0.6435816541344728,0,0,0,0,1,0,0,0,-0.5219464231075747,0.8549385160998125,3.0871,2.23574,3.37142,2.88321,2.24045,1.3700866991601368,0.595731804424706,0.9401922181374847,0.8086020812732727,0.4635992780752184,-0.3641162980958024,-0.11001290069120637,-0.3870370918189913,-0.04389014208798146,0.4150033169688831,-0.40387272380744554,-0.6357229432289523,3,-0.31632603250270985
1095,-0.8597273719404999,0,0,0,0,1,0,0,0,-0.5299509548882202,0.8356095320835056,0.451908,0.577985,2.2651,2.88321,2.62593,-0.28238405103328024,-0.7836853507276991,0.025332012955388974,0.15720609102317076,0.22828086165238323,-0.3641162980958024,-0.11001290069120637,-0.3870370918189913,-0.8669128065047171,-0.5550231802386093,-0.40387272380744554,1.764720691007243,3,-0.31632603250270985
1096,-0.7168998484951478,0,0,0,0,1,0,0,0,-0.5346755563589077,0.8385035195043751,0.198351,2.88321,0.451908,0.756179,1.0841,-0.24547621429092384,0.020836516104226793,-0.008769154766174124,-0.24405155629857,0.24553673577200003,-0.3641162980958024,-0.11001290069120637,-0.3870370918189913,-0.8669128065047171,-0.5550231802386093,-0.40387272380744554,-0.6357229432289523,5,-0.31632603250270985
1097,0.15038173780721753,0,0,0,0,1,0,0,0,-0.5372262872666721,0.8467415296631147,0.577985,0.756179,0.198351,1.0841,4.19413,0.8268106125586453,0.21957879091055355,0.5447955506870137,0.16020329494168814,0.4411946895365767,-0.3641162980958024,-0.11001290069120637,-0.3870370918189913,-0.8669128065047171,-0.5550231802386093,-0.40387272380744554,-0.6357229432289523,5,-0.31632603250270985
1099,-0.09321218846166841,0,0,0,0,1,0,0,0,-0.530550349448286,0.862297615926784,2.24045,1.98502,4.19413,2.41174,2.88321,-0.06423044950351238,0.4866580295816188,0.09150003110972187,0.7160271952999668,0.4843646166792686,-0.3641162980958024,-0.11001290069120637,-0.3870370918189913,-0.8669128065047171,-0.5550231802386093,-0.40387272380744554,-0.6357229432289523,5,-0.31632603250270985
1100,-0.09144017216326616,0,0,0,0,1,0,0,0,-0.5360752735836731,0.8650057029142281,1.98502,2.23574,2.41174,2.20595,4.19413,-0.4620648759366902,-0.6476991785665027,-0.06640692757377308,0.6390970131348651,0.4635992780752184,-0.3641162980958024,-0.11001290069120637,-0.3870370918189913,-0.04389014208798146,-0.5550231802386093,-0.40387272380744554,-0.6357229432289523,4,-0.31632603250270985
1103,-0.18753913672820588,0,0,0,0,1,0,0,0,-0.5405223971478497,0.8670133522841725,2.24045,2.41174,2.23574,2.20595,3.7205,-0.4620648759366902,-0.7205649597861326,-0.00307889979545102,-0.2328986725082678,1.104819702946519,-0.3641162980958024,-0.11001290069120637,-0.3870370918189913,-0.04389014208798146,-0.5550231802386093,-0.40387272380744554,-0.6357229432289523,4,-0.31632603250270985
1104,-0.026996717438572435,0,0,0,0,1,0,0,0,-0.545953576986215,0.8692148677543604,2.20595,1.98502,2.24045,3.7205,2.23574,-0.19031547460080023,-0.7205649597861326,-0.06640692757377308,0.5050932295382754,0.3571750510944453,-0.3641162980958024,-0.11001290069120637,-0.3870370918189913,-0.04389014208798146,-0.5550231802386093,-0.40387272380744554,-0.6357229432289523,4,-0.31632603250270985
1105,-0.5264871035130216,0,0,0,0,1,0,0,0,-0.5504532517718469,0.842635664666948,0.756179,1.60412,0.55393,2.88321,0.577985,-0.513991506479551,-0.6330709598487653,0.5141701920095666,0.16020329494168814,0.24553673577200003,-0.3641162980958024,-0.11001290069120637,-0.3870370918189913,-0.04389014208798146,-0.5550231802386093,-0.40387272380744554,-0.6357229432289523,4,-0.31632603250270985
1106,-0.6498589414298662,0,0,0,0,1,0,0,0,-0.5457628743059431,0.8418441207845166,1.0841,2.88321,1.60412,0.577985,0.198351,-0.513991506479551,0.21957879091055355,-0.0922932521833496,-0.24405155629857,0.36908557296019145,-0.3641162980958024,-0.11001290069120637,-0.3870370918189913,-0.04389014208798146,-0.5550231802386093,-0.40387272380744554,-0.6357229432289523,4,-0.31632603250270985
1107,2.2548975190547944,0,0,0,0,1,0,0,0,-0.5631699722546318,0.8687834306469393,3.7205,3.96014,2.20595,6.44197,2.41174,1.071392894773345,0.5197935691641016,0.31297191483915643,0.007613177676493555,0.38075174399009964,-0.3641162980958024,-0.11001290069120637,-0.3870370918189913,0.7791325223287542,-0.5550231802386093,-0.40387272380744554,-0.6357229432289523,3,-0.31632603250270985
1108,0.5555489378578009,0,0,0,0,1,0,0,0,-0.5664408319297185,0.8586215884125386,0.55393,8.47699,1.60412,6.44197,2.20595,1.0292080160321546,0.5197935691641016,1.1882488742168733,0.8693259334120814,1.0085970286228165,-0.3641162980958024,-0.11001290069120637,-0.3870370918189913,0.7791325223287542,0.4150033169688831,-0.40387272380744554,-0.6357229432289523,2,-0.31632603250270985
1110,-0.7259499232420827,0,0,0,0,1,0,0,0,-0.5609181636078712,0.8510223041657056,1.60412,3.96014,1.0841,0.756179,8.47699,0.3140980810073482,0.17269246808197694,0.5141701920095666,0.8857792554142889,0.675109789577602,-0.3641162980958024,-0.11001290069120637,-0.3870370918189913,0.7791325223287542,0.4150033169688831,-0.40387272380744554,-0.6357229432289523,2,-0.31632603250270985
1111,-0.33084296009580383,0,0,0,0,1,0,0,0,-0.5553402594017324,0.8463623281292081,1.0841,0.55393,0.756179,3.96014,2.88321,-0.044733594442168054,-0.3638445530866382,-0.0922932521833496,0.7276597582413411,0.5243696832560785,-0.3641162980958024,-0.11001290069120637,-0.3870370918189913,-0.04389014208798146,-0.5550231802386093,-0.40387272380744554,-0.6357229432289523,4,-0.31632603250270985
1112,-0.10441990938086165,0,0,0,0,1,0,0,0,-0.5509114360087165,0.8720785728663988,2.41174,3.7205,1.98502,8.47699,2.24045,-0.19031547460080023,0.23317631793025148,0.10476996921742594,-0.04831719773970567,0.2873543213917594,-0.3641162980958024,-0.11001290069120637,-0.3870370918189913,-0.8669128065047171,0.4150033169688831,-0.40387272380744554,-0.6357229432289523,4,-0.31632603250270985
1113,0.465390554471581,0,0,0,0,1,0,0,0,-0.5592566469127132,0.8773576932044742,8.47699,2.20595,2.41174,4.48369,6.44197,1.071392894773345,0.23317631793025148,0.9372010138378458,0.5797673216843371,0.29268467084751887,-0.3641162980958024,-0.11001290069120637,-0.3870370918189913,-0.04389014208798146,0.4150033169688831,-0.40387272380744554,-0.6357229432289523,3,-0.31632603250270985
1114,0.010102757547720059,0,0,0,1,0,0,0,0,-0.5392072169665906,0.8962212028830996,2.16238,3.7031,2.20595,3.7205,2.41174,1.116612462060436,2.5877967364984933,3.405270208916001,2.7158604770455397,2.35915099707162,-0.3641162980958024,-0.11001290069120637,-0.3870370918189913,-0.04389014208798146,-0.5550231802386093,-0.40387272380744554,-0.6357229432289523,4,-0.31632603250270985
1116,-0.12081200070174962,0,0,0,1,0,0,0,0,-0.5304651015211521,0.9009416190295805,2.51035,3.7031,0.932625,0.21255,1.23287,1.116612462060436,1.620514712552454,2.808275045036188,2.6524431752247764,3.2234317154878336,-0.3641162980958024,-0.11001290069120637,-0.3870370918189913,-0.8669128065047171,-0.5550231802386093,-0.40387272380744554,-0.6357229432289523,5,-0.31632603250270985
1117,0.4588442522227068,0,0,0,1,0,0,0,0,-0.5203307503832773,0.8892035938290931,0.932625,2.16238,2.51035,0.21255,2.57725,2.5395386330138527,1.620514712552454,1.8188389064742738,1.3025638961679542,1.1718321966266214,-0.3641162980958024,-0.11001290069120637,-0.3870370918189913,-0.8669128065047171,-0.5550231802386093,-0.40387272380744554,-0.6357229432289523,5,-0.31632603250270985
1119,-0.5834756743836095,0,0,0,1,0,0,0,0,-0.5064049372607088,0.8937047910307294,0.21255,1.23287,2.57725,2.19381,3.7031,0.006930758011341547,0.14999868965751645,-0.171847721726611,-0.09069564493780952,-0.019272798104247924,-0.3641162980958024,-0.11001290069120637,-0.3870370918189913,-0.8669128065047171,-0.5550231802386093,-0.40387272380744554,-0.6357229432289523,5,-0.31632603250270985
1120,-0.8543853635708584,0,0,0,1,0,0,0,0,-0.5025496841267638,0.8985756779074071,0.932625,1.23287,2.19381,2.57725,5.93804,0.006930758011341547,0.2855858211418655,-0.047223528456792695,-0.13306753941309205,0.8437885945090218,-0.3641162980958024,-0.11001290069120637,-0.3870370918189913,-0.8669128065047171,-0.5550231802386093,-0.40387272380744554,-0.6357229432289523,4,1.7381456473456194
1121,-0.10898727198438658,0,0,0,1,0,0,0,0,-0.49400255762338147,0.892159795515569,1.23287,2.57725,0.21255,3.78996,0.932625,-0.733478196363845,-0.6360168368205903,-0.047223528456792695,-0.2554737183386071,-0.3749950255647036,-0.3641162980958024,-0.11001290069120637,-0.3870370918189913,-0.8669128065047171,-0.5550231802386093,-0.40387272380744554,-0.6357229432289523,4,1.7381456473456194
1122,-0.4705162192851468,0,0,0,1,0,0,0,0,-0.49745920974659413,0.8901806678368792,2.57725,2.19381,0.932625,0.21255,5.93804,-1.16063605846712,-1.1498264389181498,-0.29499948744421317,-0.48308361207909545,-0.5448741626138044,-0.3641162980958024,-0.11001290069120637,-0.3870370918189913,-0.8669128065047171,-0.5550231802386093,-0.40387272380744554,-0.6357229432289523,4,1.7381456473456194
1123,0.035272161021840026,0,0,0,1,0,0,0,0,-0.4982287372007632,0.8877953989667651,1.23287,2.19381,5.93804,0.932625,0.21255,-1.16063605846712,-0.6360168368205903,-0.47509168757480535,-0.4781341393962179,-0.4134511491287978,-0.3641162980958024,-0.11001290069120637,-0.3870370918189913,-0.8669128065047171,-0.5550231802386093,-0.40387272380744554,-0.6357229432289523,4,1.7381456473456194
1124,1.299682915906559,0,0,0,1,0,0,0,0,-0.5004527323256681,0.87980532384584,2.57725,1.23287,2.19381,3.74098,0.932625,0.7221434123001759,0.5525317092783537,0.6932590863481033,0.4744038981306421,0.1783495185507793,-0.3641162980958024,-0.11001290069120637,-0.3870370918189913,-0.8669128065047171,-0.5550231802386093,-0.40387272380744554,-0.6357229432289523,5,-0.31632603250270985
1126,0.31490460984358026,0,0,0,0,1,0,0,0,-0.5785064969307607,0.8908425046299715,2.42936,4.48369,3.63782,3.36606,5.1723,0.3433388714817168,0.32024207897623463,0.5640708347916037,0.5139380123701568,0.31835985339202977,-0.3641162980958024,-0.11001290069120637,-0.3870370918189913,0.7791325223287542,-0.5550231802386093,0.9628281895925127,-0.6357229432289523,2,-0.31632603250270985
1127,0.7525211529381525,0,0,0,0,1,0,0,0,-0.5749091599313774,0.8816415615056606,6.44197,3.32051,3.36606,2.42936,3.7205,0.7712088219196949,0.32024207897623463,0.2241030739431606,0.10183384084439479,0.23350754456727627,-0.3641162980958024,-0.11001290069120637,-0.3870370918189913,-0.04389014208798146,0.4150033169688831,-0.40387272380744554,-0.6357229432289523,3,-0.31632603250270985
1128,1.489273610864904,0,0,0,0,1,0,0,0,-0.5753433406421039,0.8732429391170343,4.48369,3.36606,8.47699,0.73996,3.7205,0.7712088219196949,0.745240770669116,0.3760595729890729,0.3418547583613229,0.29268467084751887,-0.3641162980958024,-0.11001290069120637,-0.3870370918189913,0.7791325223287542,0.4150033169688831,-0.40387272380744554,-0.6357229432289523,2,-0.31632603250270985
1131,0.3048819953659935,0,0,0,0,1,0,0,0,-0.6030823391318796,0.850935812102983,0.723673,3.09991,1.4554,1.88123,4.52785,0.3429125074573241,0.014282539227678236,0.3758867577027224,0.24406152575755347,0.17146575724866017,-0.3641162980958024,-0.11001290069120637,-0.3870370918189913,1.6021551867454897,-0.5550231802386093,-0.40387272380744554,1.764720691007243,0,-0.31632603250270985
1132,-0.6620884874587114,0,0,0,0,1,0,0,0,-0.6011725272402347,0.8440690422780913,1.4554,3.29387,3.09991,4.52785,1.88123,0.13598221072935887,-0.34222549037061556,1.01555378595068,1.510450225401728,1.1364609761287907,-0.3641162980958024,-0.11001290069120637,-0.3870370918189913,0.7791325223287542,-0.5550231802386093,-0.40387272380744554,2.9649425081253407,0,-0.31632603250270985
1134,0.23190953650440435,0,0,0,0,1,0,0,0,-0.6014102574665886,0.8593426264266512,1.88123,4.52785,3.29387,0.69655,0.73996,0.00240069176417759,-0.11508051218258494,-0.4126802813168497,-0.20696615686830327,0.09057216246255935,-0.3641162980958024,-0.11001290069120637,-0.3870370918189913,0.7791325223287542,-0.5550231802386093,-0.40387272380744554,1.764720691007243,1,-0.31632603250270985
1135,-0.6559609228192048,0,0,0,0,1,0,0,0,-0.5893776816652736,0.8683841341148655,5.18209,4.52785,3.36606,0.277447,0.69655,0.1415691186073048,-0.4285545962663322,-0.12263980926699716,0.03806675827793149,-0.1778880747655512,-0.3641162980958024,-0.11001290069120637,1.4728290102938495,1.6021551867454897,-0.5550231802386093,-0.40387272380744554,-0.6357229432289523,1,-0.31632603250270985
1136,0.7691352165766747,0,0,0,0,1,0,0,0,-0.5938655386859799,0.8631166662853246,0.73996,3.09991,1.88123,0.69655,5.18209,0.22785092014435016,-0.11508051218258494,0.019658564350417233,-0.19315741418685148,-0.4554266148029022,-0.3641162980958024,-0.11001290069120637,1.4728290102938495,0.7791325223287542,-0.5550231802386093,-0.40387272380744554,0.5644988738891453,1,-0.31632603250270985
1137,1.0152761811343465,0,0,0,0,1,0,0,0,-0.5922327758784811,0.8742843646353614,3.36606,0.73996,0.277447,2.74964,0.69655,0.13346195134287922,-0.49329062986114175,-0.6372806286839755,-0.3821219032131024,-0.5369525346617273,-0.3641162980958024,-0.11001290069120637,-0.3870370918189913,2.4251778511622253,-0.5550231802386093,-0.40387272380744554,-0.6357229432289523,1,-0.31632603250270985
1139,-0.6722928182573444,0,0,0,0,1,0,0,0,-0.6029535174407977,0.8703734789806653,0.277447,1.88123,5.18209,3.09991,4.52785,-0.020952791721288888,-0.5214252090495612,0.06388598463850206,-0.20696615686830327,-0.46798785743195503,-0.3641162980958024,-0.11001290069120637,1.4728290102938495,1.6021551867454897,-0.5550231802386093,-0.40387272380744554,0.5644988738891453,0,-0.31632603250270985
1140,-0.8299695373038932,0,0,0,0,1,0,0,0,-0.6000723225735715,0.8757099368590184,2.74964,0.69655,5.18209,2.73006,0.620385,-0.02727618905276193,-0.6152285548870493,-0.6372806286839755,-0.2587363947261619,-0.4716025537268563,-0.3641162980958024,-0.11001290069120637,1.4728290102938495,-0.04389014208798146,-0.5550231802386093,-0.40387272380744554,0.5644988738891453,2,-0.31632603250270985
1141,0.33204162521347813,0,0,0,0,1,0,0,0,-0.5865670321045198,0.8779442051724903,5.18209,3.63782,0.73996,2.42936,6.44197,0.13346195134287922,0.10665703168925202,-0.12263980926699716,-0.1778330943610073,-0.41042220074098995,-0.3641162980958024,-0.11001290069120637,1.4728290102938495,0.7791325223287542,-0.5550231802386093,-0.40387272380744554,-0.6357229432289523,2,-0.31632603250270985
1142,0.43428433206141304,0,0,0,0,1,0,0,0,-0.5913772922742814,0.8856477830173055,2.42936,2.74964,3.36606,3.81611,5.18209,0.0757579118552856,0.07302153770376887,-0.33258146056463744,-0.30710331284466214,-0.4350174402054326,-0.3641162980958024,-0.11001290069120637,1.4728290102938495,0.7791325223287542,-0.5550231802386093,0.9628281895925127,-0.6357229432289523,1,-0.31632603250270985
1143,-0.02036764585091932,0,0,0,0,1,0,0,0,-0.5858651084461666,0.8892051785304476,3.63782,3.32051,3.36606,5.1723,4.48369,0.0757579118552856,-0.34190559538331794,0.16688216396188874,-0.1275332943036315,-0.2002580262716692,-0.3641162980958024,-0.11001290069120637,-0.3870370918189913,0.7791325223287542,0.4150033169688831,0.9628281895925127,-0.6357229432289523,1,-0.31632603250270985
1144,0.10012946244042814,0,0,0,0,1,0,0,0,-0.5997277388478723,0.8816643013087123,2.73006,0.277447,3.63782,0.620385,5.18209,-0.09900131270291312,-0.6199729118057885,-0.3617471245034792,-0.5743166334018904,-0.6394893168122647,-0.3641162980958024,-0.11001290069120637,1.4728290102938495,0.7791325223287542,-0.5550231802386093,-0.40387272380744554,0.5644988738891453,1,-0.31632603250270985
1146,-0.7009479395668564,0,0,0,0,1,0,0,0,-0.6094525424419575,0.882596913877716,0.186729,2.73006,2.16363,2.74964,1.20802,-0.8599807624540075,-0.5254640579334889,-0.49752244185194605,-0.5743166334018904,-0.5758962996547742,-0.3641162980958024,-0.11001290069120637,-0.3870370918189913,0.7791325223287542,-0.5550231802386093,-0.40387272380744554,0.5644988738891453,2,-0.31632603250270985
1147,0.09276299128910874,0,0,0,0,1,0,0,0,-0.603741680379603,0.8859995322242472,2.16363,2.74964,0.620385,0.186729,1.20802,-0.34804600581159606,-0.6737872727891355,-0.8806998047325054,-1.0144413691664333,-0.9573937436934878,-0.3641162980958024,-0.11001290069120637,-0.3870370918189913,0.7791325223287542,-0.5550231802386093,-0.40387272380744554,-0.6357229432289523,3,-0.31632603250270985
1148,-0.12034172036777886,0,0,0,0,1,0,0,0,-0.6064895363621351,0.8902605661616804,1.20802,2.73006,0.186729,3.81611,0.620385,-0.8789322756634251,-0.8606420362791009,-0.9013489640735468,-0.8001046450407842,-0.9886731149974161,-0.3641162980958024,-0.11001290069120637,-0.3870370918189913,-0.04389014208798146,-0.5550231802386093,0.9628281895925127,0.5644988738891453,2,-0.31632603250270985
1149,-0.8640998503736272,0,0,0,0,1,0,0,0,-0.6110190808662005,0.8856769437196674,0.620385,2.16363,2.73006,1.20802,1.8352,-0.8599807624540075,-0.5492778369126781,-0.7767849659932131,-0.825050866368385,-0.5796060962642247,-0.3641162980958024,-0.11001290069120637,-0.3870370918189913,-0.04389014208798146,-0.5550231802386093,-0.40387272380744554,0.5644988738891453,3,-0.31632603250270985
1150,-0.47986539232448727,0,0,0,0,1,0,0,0,-0.6083673244371159,0.8931152654138595,2.16363,1.8352,0.186729,2.73006,3.81611,-0.8789322756634251,-0.5952588258208541,-0.5631585919799341,-0.7323967510298813,-0.8431383100423916,-0.3641162980958024,-0.11001290069120637,-0.3870370918189913,-0.8669128065047171,-0.5550231802386093,0.9628281895925127,0.5644988738891453,3,-0.31632603250270985
1151,-0.2439050564366163,0,0,0,0,1,0,0,0,-0.6141589587774654,0.8958026431431225,1.20802,2.16363,0.186729,6.74023,2.73006,0.00566336166899497,0.14479671733956234,0.010875185605001622,-0.0294055441252044,-0.015574772446250117,-0.3641162980958024,-0.11001290069120637,-0.3870370918189913,-0.04389014208798146,-0.5550231802386093,-0.40387272380744554,0.5644988738891453,3,-0.31632603250270985
1152,1.6014862607930214,0,0,0,0,1,0,0,0,-0.6038241951869808,0.9029824324188551,4.18623,3.81611,1.20802,5.1723,2.79295,0.026120133563677445,0.48475852938160163,0.05406452765639654,-0.24932180690424274,-0.34928993824806803,-0.3641162980958024,-0.11001290069120637,-0.3870370918189913,-0.04389014208798146,-0.5550231802386093,2.329529102992471,-0.6357229432289523,2,-0.31632603250270985
1153,-0.05072894421207742,0,0,0,0,1,0,0,0,-0.5886327211646818,0.9041876246792633,5.1723,2.47845,3.81611,6.74023,2.42936,0.3852529408338546,0.3864851067512582,0.7914991440541993,0.3927312202917298,0.21694370987355738,-0.3641162980958024,-0.11001290069120637,-0.3870370918189913,-0.8669128065047171,-0.5550231802386093,2.329529102992471,-0.6357229432289523,3,-0.31632603250270985
1154,-0.001898796575216006,0,0,0,0,1,0,0,0,-0.5948202007523378,0.9124157042738809,1.86655,2.34866,4.18623,6.74023,2.79295,0.5632462914376665,0.3864851067512582,0.10340397554832494,0.08303622924525955,-0.18220077319411876,-0.3641162980958024,-0.11001290069120637,1.4728290102938495,-0.8669128065047171,-0.5550231802386093,-0.40387272380744554,-0.6357229432289523,4,-0.31632603250270985
1155,0.6406094824237769,0,0,0,0,1,0,0,0,-0.6058677204523336,0.9088011078711905,2.79295,6.74023,2.13647,2.47845,1.86655,-0.08572857725192057,-0.579910394876851,0.010582107524323484,-0.23410969445724264,-0.3657840731126519,-0.3641162980958024,-0.11001290069120637,-0.3870370918189913,-0.8669128065047171,-0.5550231802386093,-0.40387272380744554,-0.6357229432289523,5,-0.31632603250270985
1157,-0.7505384364476819,0,0,0,0,1,0,0,0,-0.6289595414828812,0.9019521211317679,1.8352,1.82184,0.671841,1.20802,4.18623,2.9862753384187513,2.5886326750472857,2.230152903421526,1.7002375109985393,1.503145147109976,-0.3641162980958024,-0.11001290069120637,-0.3870370918189913,-0.04389014208798146,-0.5550231802386093,-0.40387272380744554,0.5644988738891453,3,-0.31632603250270985
1160,0.1164237354518502,0,0,0,0,1,0,0,0,-0.6084193587108652,0.9140660836056839,2.13647,4.18623,1.86655,1.82184,6.74023,-0.41069260255515616,-0.6638289242991406,-0.15430921733662728,-0.2487546232315601,-0.34928993824806803,-0.3641162980958024,-0.11001290069120637,-0.3870370918189913,-0.8669128065047171,-0.5550231802386093,-0.40387272380744554,-0.6357229432289523,5,-0.31632603250270985
1161,-0.13055997146429746,0,0,0,0,1,0,0,0,-0.6098251977397603,0.9186696215721531,2.79295,1.82184,1.86655,2.00901,4.18623,-0.41069260255515616,0.029520142064678536,-0.14572482935737063,-0.4388731401483985,-0.5798419128185204,-0.3641162980958024,-0.11001290069120637,-0.3870370918189913,-0.8669128065047171,-0.5550231802386093,-0.40387272380744554,-0.6357229432289523,5,-0.31632603250270985
1162,-0.23211042566062737,0,0,0,0,1,0,0,0,-0.5993782757520962,0.9189036662266006,2.47845,2.79295,2.13647,4.18623,2.00901,0.5632462914376665,0.31225067006649176,-0.14572482935737063,-0.08054679296980763,0.37397279782662596,-0.3641162980958024,-0.11001290069120637,-0.3870370918189913,-0.8669128065047171,-0.5550231802386093,-0.40387272380744554,-0.6357229432289523,5,-0.31632603250270985
1165,-0.24893141264609678,0,0,0,0,1,0,0,0,-0.619001858624327,0.9185630966704085,0.671841,2.13647,2.00901,2.79295,5.17593,-0.7938892003495244,0.029520142064678536,0.022660933563552327,-0.2487546232315601,0.2846422757662445,-0.3641162980958024,-0.11001290069120637,-0.3870370918189913,-0.8669128065047171,-0.5550231802386093,-0.40387272380744554,1.764720691007243,3,-0.31632603250270985
1172,-0.17851351655863731,0,0,0,0,1,0,0,0,-0.6136394559088977,0.9278933209795288,4.88747,0.671841,2.13647,1.82184,5.17593,0.5585878642079721,0.223483402877282,-0.12756258184083127,-0.3056924537938284,-0.3700285155587465,-0.3641162980958024,-0.11001290069120637,-0.3870370918189913,-0.8669128065047171,-0.5550231802386093,-0.40387272380744554,2.9649425081253407,2,-0.31632603250270985
1176,0.5145969263756193,0,0,0,0,1,0,0,0,-0.6315316857385151,0.9313602706120109,1.31785,5.17593,0.947836,0.425826,0.671841,-0.8679692676844558,-0.48228866367499384,-0.014308604409675992,-0.23802979990427148,-0.017980281610628996,-0.3641162980958024,-0.11001290069120637,-0.3870370918189913,-0.04389014208798146,-0.5550231802386093,-0.40387272380744554,1.764720691007243,2,-0.31632603250270985
1177,-0.4385446810604724,0,0,0,0,1,0,0,0,-0.6348322299231313,0.929987708617315,3.85129,5.17593,0.425826,0.947836,0.671841,-0.8679692676844558,0.34277930593690475,0.16341992990528928,-0.1580879811213184,0.24779385897339284,-0.3641162980958024,-0.11001290069120637,-0.3870370918189913,-0.04389014208798146,-0.5550231802386093,-0.40387272380744554,1.764720691007243,2,-0.31632603250270985
1178,1.0129586396485384,0,0,0,0,1,0,0,0,-0.6248519061208682,0.9331668915114073,3.85129,4.88747,1.31785,2.00901,0.671841,0.15623281377485376,-0.03294680627151646,-0.12783754028345193,-0.08522342313333897,-0.3152532274113701,-0.3641162980958024,-0.11001290069120637,-0.3870370918189913,-0.8669128065047171,-0.5550231802386093,-0.40387272380744554,1.764720691007243,3,-0.31632603250270985
1179,0.904432987538753,0,0,0,0,1,0,0,0,-0.6162300427625403,0.9352596921103109,2.00901,5.17593,1.03651,0.671841,3.85129,0.5585878642079721,-0.03294680627151646,-0.4424033278166065,0.4095484167574344,0.16173877971754477,-0.3641162980958024,-0.11001290069120637,-0.3870370918189913,-0.04389014208798146,-0.5550231802386093,-0.40387272380744554,1.764720691007243,2,-0.31632603250270985
1180,-0.5443916163879599,0,0,0,0,1,0,0,0,-0.6148462551952658,0.9435709180981746,4.88747,2.69273,2.20946,5.17593,2.00901,0.7723883358764757,1.205345802403081,0.646887418048523,0.3374419826243809,0.3045436805187567,-0.3641162980958024,-0.11001290069120637,-0.3870370918189913,-0.8669128065047171,-0.5550231802386093,-0.40387272380744554,2.9649425081253407,2,-0.31632603250270985
1183,-0.5777529270555849,0,0,0,0,1,0,0,0,-0.6346389840635406,0.9413713333934014,0.425826,3.30244,0.820359,3.85129,1.31785,-1.264724752076332,-0.3047852951880116,-0.06275154873349466,-0.33846780476489363,-0.4361593430831904,-0.3641162980958024,-0.11001290069120637,-0.3870370918189913,-0.04389014208798146,0.4150033169688831,-0.40387272380744554,-0.6357229432289523,3,-0.31632603250270985
1184,-0.7741457567644845,0,0,0,0,1,0,0,0,-0.636933195509763,0.9410776564506377,0.947836,0.820359,3.30244,0.805327,3.85129,-1.264724752076332,-0.01053047158817156,-0.4130258830676534,-0.37376809975276276,-0.508713390975692,-0.3641162980958024,-0.11001290069120637,-0.3870370918189913,-0.8669128065047171,0.4150033169688831,-0.40387272380744554,-0.6357229432289523,4,-0.31632603250270985
1185,-0.6815889436750131,0,0,0,0,1,0,0,0,-0.6210886138824494,0.9216019222112073,1.82184,2.00901,2.13647,5.17593,3.85129,-0.7938892003495244,0.223483402877282,0.10128073840024306,-0.024870675270815476,-0.017980281610628996,-0.3641162980958024,-0.11001290069120637,-0.3870370918189913,-0.8669128065047171,-0.5550231802386093,-0.40387272380744554,0.5644988738891453,4,-0.31632603250270985
1186,-0.22658745341847367,0,0,0,0,1,0,0,0,-0.6050720380133933,0.8643266039030965,3.09991,0.69655,4.52785,0.277447,3.29387,0.00240069176417759,-0.5214252090495612,0.019658564350417233,0.01659646467506534,-0.07117421982430545,-0.3641162980958024,-0.11001290069120637,-0.3870370918189913,1.6021551867454897,-0.5550231802386093,-0.40387272380744554,0.5644988738891453,1,-0.31632603250270985
1189,-0.3867950331103199,0,0,0,0,1,0,0,0,-0.6052141187246294,0.8388360215842507,0.723673,3.29387,3.09991,1.88123,4.52785,0.13598221072935887,0.9237026694778125,2.1924023382950417,2.4985199969647143,2.149812193402475,-0.3641162980958024,-0.11001290069120637,-0.3870370918189913,1.6021551867454897,-0.5550231802386093,-0.40387272380744554,1.764720691007243,0,-0.31632603250270985
1191,-0.737150872124467,1,0,0,0,0,0,0,0,1.0825141650576235,-1.1410881840695284,0.574839,1.6937,0.21326,0.211473,0.445307,-0.6430338156307506,-0.3518947840609376,0.5220315955589441,0.24424469111928934,-0.03467393305431815,-0.3641162980958024,-0.11001290069120637,1.4728290102938495,1.6021551867454897,-0.5550231802386093,-0.40387272380744554,-0.6357229432289523,1,-0.31632603250270985
1192,-0.7180834500396857,1,0,0,0,0,0,0,0,1.078292254501004,-1.1400703973364308,1.6937,0.524158,0.445307,0.21326,0.211473,-0.9034163357279915,-1.081967280146581,0.05286382208256015,-0.2498833757440124,-0.4771338883822,-0.3641162980958024,-0.11001290069120637,1.4728290102938495,1.6021551867454897,-0.5550231802386093,-0.40387272380744554,-0.6357229432289523,1,-0.31632603250270985
1193,-0.2971407902421167,1,0,0,0,0,0,0,0,1.0749677938019981,-1.141115450265402,0.574839,0.524158,0.445307,0.211473,0.21326,-0.9034163357279915,-0.3518947840609376,-0.6019358854267567,-0.711842968538891,-0.937946436983067,-0.3641162980958024,-0.11001290069120637,-0.3870370918189913,1.6021551867454897,-0.5550231802386093,-0.40387272380744554,-0.6357229432289523,2,-0.31632603250270985
1197,-0.5336466513173939,1,0,0,0,0,0,0,0,1.063829736943394,-1.130446762078807,0.328102,1.6937,0.445307,0.574839,3.51865,2.7725029453890655,1.5720363982712862,1.2832686225376757,0.8240075652250155,0.49369594421592866,-0.3641162980958024,-0.11001290069120637,1.4728290102938495,0.7791325223287542,-0.5550231802386093,-0.40387272380744554,-0.6357229432289523,2,-0.31632603250270985
1199,0.5753684322526683,1,0,0,0,0,0,0,0,1.064009247043545,-1.148628762843718,0.445307,3.51865,0.211473,0.21326,0.328102,-0.2906529942795376,-0.6471062038139628,-0.9738019782920557,-0.9866910319070687,-0.7276096731550816,-0.3641162980958024,-0.11001290069120637,-0.3870370918189913,2.4251778511622253,-0.5550231802386093,-0.40387272380744554,-0.6357229432289523,1,-0.31632603250270985
1200,-0.7668165318156154,1,0,0,0,0,0,0,0,1.0689192651196167,-1.1462823474022832,0.211473,0.21326,4.01282,1.6937,3.51865,-1.172677315783999,-1.2115129097233523,-1.1339971240576425,-0.8594288833008107,-0.6700929059521876,-0.3641162980958024,-0.11001290069120637,3.3326951124066904,0.7791325223287542,-0.5550231802386093,-0.40387272380744554,-0.6357229432289523,1,-0.31632603250270985
1201,-0.8547905571066077,1,0,0,0,0,0,0,0,1.0703228927105584,-1.1483573606960344,0.21326,0.445307,4.01282,1.6937,0.639138,-1.5800263897911613,-1.479351419193237,-0.9738019782920557,-0.711842968538891,-0.6725513042869076,-0.3641162980958024,-0.11001290069120637,3.3326951124066904,1.6021551867454897,-0.5550231802386093,-0.40387272380744554,-0.6357229432289523,0,-0.31632603250270985
1203,0.3894496861419679,1,0,0,0,0,0,0,0,1.0582097520565146,-1.1464298760522738,0.328102,4.01282,1.68052,0.445307,0.211473,-0.5766154734588566,-0.6471062038139628,-0.49304310906543264,-0.41584168382074665,-0.41808265744881257,-0.3641162980958024,-0.11001290069120637,1.4728290102938495,1.6021551867454897,-0.5550231802386093,-0.40387272380744554,-0.6357229432289523,1,-0.31632603250270985
1204,-0.8109118970500584,1,0,0,0,0,0,0,0,1.0557103591032673,-1.142843556172584,3.51865,4.01282,1.68052,0.445307,1.06507,-0.5766154734588566,0.29061817355410074,0.15940957312698795,0.11263493981536978,0.10267705637772992,-0.3641162980958024,-0.11001290069120637,3.3326951124066904,-0.04389014208798146,-0.5550231802386093,-0.40387272380744554,-0.6357229432289523,2,-0.31632603250270985
1205,1.123737875118712,0,1,0,0,0,0,0,0,1.0494653826729479,-1.1114434145829708,2.78569,1.18309,0.736068,0.711946,3.7345,1.2275854407629083,1.2755584959854447,0.8867573418397564,0.9340695040135181,0.5886979190172591,-0.3641162980958024,-0.11001290069120637,1.4728290102938495,-0.8669128065047171,1.3850298141763753,-0.40387272380744554,-0.6357229432289523,2,-0.31632603250270985
1207,-0.6574251876670564,0,1,0,0,0,0,0,0,1.0349085480314828,-1.1059818023741292,0.711946,3.72548,2.30675,5.47038,6.03107,0.2959328920999535,0.5617314655768864,0.18191666862758893,0.46037238246672363,0.278180975217864,-0.3641162980958024,-0.11001290069120637,1.4728290102938495,0.7791325223287542,1.3850298141763753,-0.40387272380744554,-0.6357229432289523,0,-0.31632603250270985
1208,-0.06649650324945218,0,1,0,0,0,0,0,0,1.0247342320515314,-1.1121705236013322,0.711946,6.03107,3.05274,0.736068,0.79924,-0.029263080779848828,0.5824676042601259,0.10929093699985722,-0.1645042513700217,-0.3092806483304832,-0.3641162980958024,-0.11001290069120637,5.192561214519531,-0.04389014208798146,0.4150033169688831,-0.40387272380744554,-0.6357229432289523,0,-0.31632603250270985
1209,-0.6665004694398923,0,1,0,0,0,0,0,0,1.0310995035142971,-1.1119528220135353,2.30675,0.736068,6.03107,3.05274,2.78569,-0.029263080779848828,-0.3774736412421547,-0.27170136900375436,0.3433313238095031,0.2398211194168448,-0.3641162980958024,-0.11001290069120637,1.4728290102938495,-0.04389014208798146,1.3850298141763753,-0.40387272380744554,-0.6357229432289523,1,-0.31632603250270985
1211,0.16783854380421545,0,1,0,0,0,0,0,0,1.014831695960804,-1.1271649479978307,1.66413,0.79924,3.05274,7.08985,6.03107,-0.62006991508818,-0.27005257583138115,-0.6072304560899411,-0.7865066153444878,0.43690516336111596,-0.3641162980958024,-0.11001290069120637,3.3326951124066904,-0.04389014208798146,-0.5550231802386093,-0.40387272380744554,-0.6357229432289523,2,-0.31632603250270985
1212,-0.6336583482609711,0,1,0,0,0,0,0,0,1.014633814398371,-1.1197758260725053,7.08985,3.05274,2.92961,1.66413,2.30675,0.19185627731630908,-0.3470140178121791,-0.6592300247338349,-0.41518462837771203,-0.3092806483304832,-0.3641162980958024,-0.11001290069120637,1.4728290102938495,-0.8669128065047171,0.4150033169688831,-0.40387272380744554,-0.6357229432289523,3,-0.31632603250270985
1213,0.2141630378216803,0,1,0,0,0,0,0,0,1.021497935777088,-1.1227554189118338,0.79924,2.92961,6.03107,2.30675,1.66413,0.33653023855043185,-0.2100837308897059,-0.2609309493191664,-0.22889060765483724,-0.3705621447160084,-0.3641162980958024,-0.11001290069120637,1.4728290102938495,-0.04389014208798146,0.4150033169688831,-0.40387272380744554,-0.6357229432289523,2,-0.31632603250270985
1214,1.3346830594820056,0,1,0,0,0,0,0,0,1.0312594829507244,-1.1211672747862804,0.711946,3.05274,2.30675,2.78569,0.736068,1.034772467057154,0.1892884555823419,0.07999851415312126,0.10369652400852851,0.278180975217864,-0.3641162980958024,-0.11001290069120637,3.3326951124066904,-0.8669128065047171,1.3850298141763753,-0.40387272380744554,-0.6357229432289523,1,-0.31632603250270985
1217,0.11369234727214764,0,1,0,0,0,0,0,0,1.0448851741547212,-1.1202645073814785,5.47038,6.03107,0.711946,0.736068,1.06507,1.2275854407629083,1.0488906652378698,1.0292776312874454,0.9107545108541074,1.110708404913046,-0.3641162980958024,-0.11001290069120637,3.3326951124066904,0.7791325223287542,0.4150033169688831,-0.40387272380744554,-0.6357229432289523,0,-0.31632603250270985
1218,1.137857571865853,1,0,0,0,0,0,0,0,0.9862709861299441,-1.2025744205144615,1.13687,0.177167,0.242442,0.456265,3.06586,-0.3152852269410795,-0.27451971136770836,-0.5526218071074007,-0.5993776251488953,-0.6195426469721935,-0.3641162980958024,-0.11001290069120637,-0.3870370918189913,1.6021551867454897,0.4150033169688831,-0.40387272380744554,-0.6357229432289523,1,-0.31632603250270985
1219,-0.5066337489341082,1,0,0,0,0,0,0,0,0.985128099308357,-1.2075418742257937,0.177167,0.456265,5.50791,0.242442,0.353918,-1.2246646662806067,-1.088002909616523,-1.1500223705020005,-1.1304437533336882,-1.0568750068918555,0.8564563463274925,-0.11001290069120637,-0.3870370918189913,1.6021551867454897,-0.5550231802386093,-0.40387272380744554,-0.6357229432289523,0,1.7381456473456194
1220,-0.8676973068163708,1,0,0,0,0,0,0,0,0.9847845162164856,-1.2098154226371576,0.456265,1.13687,0.480547,0.353918,0.242442,-1.3625557574372715,-1.518356803970797,-0.9953430579323318,-1.1857618678905146,-1.2619822472686715,2.077028990750787,-0.11001290069120637,-0.3870370918189913,0.7791325223287542,-0.5550231802386093,-0.40387272380744554,-0.6357229432289523,1,-0.31632603250270985
1221,-0.7626938662958933,1,0,0,0,0,0,0,0,0.9854480640713668,-1.2115835605617986,0.177167,1.13687,0.480547,0.353918,0.242442,-1.3625557574372715,-1.088002909616523,-1.157203376074131,-1.2463851508237305,-1.2661029543243723,2.077028990750787,-0.11001290069120637,-0.3870370918189913,0.7791325223287542,-0.5550231802386093,-0.40387272380744554,-0.6357229432289523,1,-0.31632603250270985
1222,-0.8431392677764129,1,0,0,0,0,0,0,0,0.9916786474388509,-1.2086353112046804,0.499762,1.13687,0.456265,0.177167,0.397939,-0.29403076625692304,-0.5565236868400394,-0.8423184426059966,-1.0679997899155267,-1.047498566150547,-0.3641162980958024,-0.11001290069120637,-0.3870370918189913,0.7791325223287542,1.3850298141763753,-0.40387272380744554,-0.6357229432289523,1,-0.31632603250270985
1224,-0.3926829428916349,1,0,0,0,0,0,0,0,0.9950548184750921,-1.1956142081569998,3.06586,5.50791,0.499762,0.397939,0.242442,-0.24602271554271535,0.556721690893942,0.08403822438698973,0.1892940654069042,-0.0920305203829159,-0.3641162980958024,-0.11001290069120637,-0.3870370918189913,-0.04389014208798146,2.355056311383868,-0.40387272380744554,-0.6357229432289523,0,1.7381456473456194
1225,0.2190991002070383,1,0,0,0,0,0,0,0,0.9970854947459645,-1.2005551122332936,1.43975,0.499762,0.397939,0.242442,1.61583,-0.24602271554271535,-0.6444367039254278,-0.5433861626701781,-0.5071577092975151,-0.6967423321868302,-0.3641162980958024,-0.11001290069120637,-0.3870370918189913,0.7791325223287542,1.3850298141763753,-0.40387272380744554,-0.6357229432289523,1,-0.31632603250270985
1226,-0.7463292393465093,1,0,0,0,0,0,0,0,0.9966376045938932,-1.2064034197599829,0.397939,0.242442,3.06586,1.61583,5.50791,-0.821103150340309,-0.8201151545943035,-0.9838621430770311,-0.41064133484952253,-0.6006862231232668,-0.3641162980958024,-0.11001290069120637,-0.3870370918189913,-0.04389014208798146,1.3850298141763753,-0.40387272380744554,-0.6357229432289523,1,1.7381456473456194
1227,-0.7846375229032405,1,0,0,0,0,0,0,0,1.000002309781041,-1.2080084972121787,0.499762,1.61583,0.242442,3.06586,1.43975,-0.821103150340309,-0.1762322122689787,-0.5706320264206364,-0.807521615376741,-0.12088038115171107,-0.3641162980958024,-0.11001290069120637,-0.3870370918189913,0.7791325223287542,1.3850298141763753,-0.40387272380744554,-0.6357229432289523,1,-0.31632603250270985
1229,-0.3264373739271648,1,0,0,0,0,0,0,0,1.0070253421884514,-1.2038474951358802,0.397939,3.06586,0.499762,0.64008,1.43975,0.5641524920892731,0.3348601185786537,-0.09571801672935466,0.13424359775689962,-0.007063819421875571,-0.3641162980958024,-0.11001290069120637,-0.3870370918189913,-0.04389014208798146,3.32508280859136,-0.40387272380744554,-0.6357229432289523,0,-0.31632603250270985
1232,-0.026176548536127244,1,0,0,0,0,0,0,0,1.011067790562926,-1.1889109182603488,0.64008,2.01905,0.642923,1.6991,0.162013,-0.5131688534162041,-0.2433175977813994,-0.4288145257000201,-0.5878190897130855,-0.11920655691917616,-0.3641162980958024,-0.11001290069120637,-0.3870370918189913,0.7791325223287542,2.355056311383868,-0.40387272380744554,-0.6357229432289523,0,-0.31632603250270985
1233,-0.6935382026248117,1,0,0,0,0,0,0,0,1.0138149494851036,-1.192575237203924,2.41392,1.6991,0.642923,2.01905,1.44999,-0.5131688534162041,-0.8331404056804874,-0.7286730545963455,-0.7497732818569132,-0.8089435235066574,-0.3641162980958024,-0.11001290069120637,-0.3870370918189913,-0.04389014208798146,1.3850298141763753,-0.40387272380744554,-0.6357229432289523,2,-0.31632603250270985
1234,-0.6924685970332284,1,0,0,0,0,0,0,0,1.0201291095787868,-1.1886963952161558,2.01905,0.162013,1.6991,0.64008,0.452772,-0.7411606351923062,-0.9127623030738812,-1.0301962211172173,-0.9717877449025046,-1.1242202604569052,-0.3641162980958024,-0.11001290069120637,-0.3870370918189913,1.6021551867454897,1.3850298141763753,-0.40387272380744554,-0.6357229432289523,0,-0.31632603250270985
1236,-0.2951091791993626,1,0,0,0,0,0,0,0,1.0189639401496342,-1.1942354260050796,1.44999,0.64008,0.642923,0.162013,2.01905,-0.5068468377760709,-0.8331404056804874,-1.0301962211172173,-0.7351485526514655,-0.8665891639592754,-0.3641162980958024,-0.11001290069120637,-0.3870370918189913,0.7791325223287542,1.3850298141763753,-0.40387272380744554,-0.6357229432289523,1,-0.31632603250270985
1237,-0.38883040639574573,1,0,0,0,0,0,0,0,1.021949173504199,-1.197757876715393,1.6991,0.64008,0.642923,0.162013,0.452772,-0.5068468377760709,0.17404293179321387,-0.27079606132225686,-0.43246544629934247,-0.2747350364947793,-0.3641162980958024,-0.11001290069120637,-0.3870370918189913,0.7791325223287542,2.355056311383868,-0.40387272380744554,-0.6357229432289523,0,-0.31632603250270985
1238,-0.8733986093611662,1,0,0,0,0,0,0,0,1.0252112114477956,-1.1883098871740765,0.452772,0.642923,0.404643,2.01905,1.6991,-1.044779381469923,-0.9127623030738812,-0.721922453817381,-0.9443627386477795,-0.9598912393682503,-0.3641162980958024,-0.11001290069120637,-0.3870370918189913,0.7791325223287542,1.3850298141763753,-0.40387272380744554,0.5644988738891453,0,-0.31632603250270985
1239,-0.7640080176611416,1,0,0,0,0,0,0,0,1.02769192895724,-1.1866593303916853,0.162013,0.404643,0.642923,2.01905,4.35197,-1.044779381469923,-0.9876794619495219,-0.6659834616955255,-0.6062617682364428,-0.8387362698984706,-0.3641162980958024,-0.11001290069120637,-0.3870370918189913,1.6021551867454897,0.4150033169688831,-0.40387272380744554,0.5644988738891453,0,-0.31632603250270985
1241,-0.17473622491618343,1,0,0,0,0,0,0,0,1.0181562318705872,-1.1854007640242532,0.642923,0.162013,2.41392,0.64008,1.6991,-0.7411606351923062,-0.3144627662862404,-0.6360478652699479,-0.7497732818569132,-0.8665891639592754,-0.3641162980958024,-0.11001290069120637,-0.3870370918189913,-0.04389014208798146,2.355056311383868,-0.40387272380744554,-0.6357229432289523,1,-0.31632603250270985
1243,0.2017213013061475,0,1,0,0,0,0,0,0,0.9983708167630577,-1.162287864296434,1.88414,0.976826,2.22428,2.43009,2.39805,-0.08532563340060553,1.9161287495409403,1.38975639514489,1.1135566687296985,0.8654519491318237,-0.3641162980958024,-0.11001290069120637,-0.3870370918189913,3.248200515578961,-0.5550231802386093,-0.40387272380744554,-0.6357229432289523,0,-0.31632603250270985
1244,-0.22549264080098955,0,1,0,0,0,0,0,0,0.995730730443238,-1.157055759226778,3.01967,0.976826,2.39805,2.43009,2.22428,-0.08532563340060553,1.4022132556878775,0.9700247925026405,0.6340875537304459,0.35849229588168047,-0.3641162980958024,-0.11001290069120637,-0.3870370918189913,3.248200515578961,-0.5550231802386093,-0.40387272380744554,-0.6357229432289523,0,-0.31632603250270985
1245,-0.032147227656221196,0,1,0,0,0,0,0,0,1.0036461696495014,-1.1439395195659896,1.66176,2.43009,7.7323,1.88414,1.66413,-0.963581758646196,-0.8724815717036646,-1.0905956272121773,0.5341931568003976,0.3970856923244804,-0.3641162980958024,-0.11001290069120637,-0.3870370918189913,2.4251778511622253,-0.5550231802386093,-0.40387272380744554,-0.6357229432289523,1,-0.31632603250270985
1246,-0.30915739333573994,0,1,0,0,0,0,0,0,1.0069534505739182,-1.1440704219023885,2.43009,2.39805,7.7323,1.66413,1.88414,-1.0802132181784048,-1.322469935841426,-0.5126304912678672,0.5879913585343416,0.4716973246469845,-0.3641162980958024,-0.11001290069120637,-0.3870370918189913,2.4251778511622253,-0.5550231802386093,-0.40387272380744554,-0.6357229432289523,1,-0.31632603250270985
1247,1.9747270695309915,0,1,0,0,0,0,0,0,0.9991302590830864,-1.1406375559936581,2.39805,1.66176,2.43009,1.66413,1.88414,-0.22394102377295824,-0.10098569854344995,-0.045257161464869015,0.6962105391150214,0.47627696217334076,-0.3641162980958024,-0.11001290069120637,-0.3870370918189913,2.4251778511622253,-0.5550231802386093,-0.40387272380744554,-0.6357229432289523,1,-0.31632603250270985
1248,-0.09752371856351319,0,1,0,0,0,0,0,0,0.9802368565232489,-1.1639225510889677,0.976826,1.88414,3.01967,4.24852,2.62353,-0.8724465976168093,1.8473205683151623,1.38975639514489,1.8118950612141476,1.376280166667665,-0.3641162980958024,-0.11001290069120637,-0.3870370918189913,3.248200515578961,-0.5550231802386093,-0.40387272380744554,-0.6357229432289523,0,-0.31632603250270985
1249,-0.566846185550133,0,1,0,0,0,0,0,0,0.9810152758888978,-1.1606271905345376,2.22428,1.88414,3.01967,4.24852,2.62353,-0.8724465976168093,1.4022132556878775,1.2364290630351658,2.301930550535153,1.9183965132077223,-0.3641162980958024,-0.11001290069120637,-0.3870370918189913,3.248200515578961,-0.5550231802386093,-0.40387272380744554,-0.6357229432289523,0,-0.31632603250270985
1251,0.05268382010677696,0,1,0,0,0,0,0,0,0.9671242654258515,-1.182174575857356,4.24852,5.68018,2.93958,2.22428,4.15009,0.6171545454744983,1.1919437633066778,2.07813008571403,1.838902056681127,1.3791383391449632,-0.3641162980958024,-0.11001290069120637,-0.3870370918189913,0.7791325223287542,-0.5550231802386093,-0.40387272380744554,-0.6357229432289523,3,-0.31632603250270985
1252,0.6640444920262123,0,1,0,0,0,0,0,0,0.9611589122210842,-1.1765289518774151,2.62353,5.68018,4.15009,2.93958,2.22428,0.6171545454744983,-0.10274395797333903,1.2537843095500685,0.9538065333446333,1.3517690050206694,-0.3641162980958024,-0.11001290069120637,-0.3870370918189913,0.7791325223287542,-0.5550231802386093,-0.40387272380744554,-0.6357229432289523,3,-0.31632603250270985
1253,1.20266972637238,0,1,0,0,0,0,0,0,0.9531286095480654,-1.1794961419363337,4.24852,4.15009,2.93958,2.62353,10.1692,0.6620994718521588,0.05183531197337254,-0.19407221055358823,0.21366663228418598,0.9225294995665395,-0.3641162980958024,-0.11001290069120637,-0.3870370918189913,0.7791325223287542,-0.5550231802386093,-0.40387272380744554,-0.6357229432289523,3,-0.31632603250270985
1254,0.7029648924656399,1,0,0,0,0,0,0,0,1.029406948141375,-1.1777730503336354,1.55819,0.404643,1.39531,1.02985,0.452772,-0.6665684134500574,-0.8821279868689709,-0.8959165044129628,-0.6588147803003769,-0.8387362698984706,-0.3641162980958024,-0.11001290069120637,-0.3870370918189913,1.6021551867454897,-0.5550231802386093,-0.40387272380744554,1.764720691007243,0,-0.31632603250270985
1255,-0.3481229406872288,1,0,0,0,0,0,0,0,1.0277373922282995,-1.1740845619820677,4.35197,1.39531,0.404643,0.757289,1.02985,-0.6665684134500574,0.05447469813230908,-0.36400012482829214,-0.2775226651680159,-0.3269313179310534,-0.3641162980958024,-0.11001290069120637,-0.3870370918189913,1.6021551867454897,-0.5550231802386093,-0.40387272380744554,1.764720691007243,0,-0.31632603250270985
1258,-0.8011992913686251,1,0,0,0,0,0,0,0,0.9798098164351882,-1.2134906712884783,0.480547,0.456265,0.554767,0.177167,0.27676,-1.512614732373805,-0.7073444540961996,-0.9871144632056246,-1.1857618678905146,-1.2220575507533111,3.2976016351740816,-0.11001290069120637,-0.3870370918189913,0.7791325223287542,-0.5550231802386093,-0.40387272380744554,-0.6357229432289523,0,-0.31632603250270985
1259,-0.7535583886403092,1,0,0,0,0,0,0,0,0.9809685510885165,-1.2143996489146796,0.353918,0.554767,0.456265,0.177167,0.27676,-1.512614732373805,-0.8486392016908005,-1.157203376074131,-1.2082040874362232,-1.3182094828438784,3.2976016351740816,-0.11001290069120637,-0.3870370918189913,0.7791325223287542,-0.5550231802386093,-0.40387272380744554,-0.6357229432289523,0,-0.31632603250270985
1260,-0.725635023530456,1,0,0,0,0,0,0,0,0.9799437857362054,-1.2193373051646919,0.27676,0.480547,0.353918,0.612404,0.456265,-1.4409515978077523,-0.8486392016908005,-0.9871144632056246,-1.135495960324854,-0.791447104396479,3.2976016351740816,-0.11001290069120637,-0.3870370918189913,0.7791325223287542,-0.5550231802386093,-0.40387272380744554,-0.6357229432289523,0,-0.31632603250270985
1261,-0.8302280033754436,1,0,0,0,0,0,0,0,0.9784307295170024,-1.2201543056993265,0.554767,0.612404,0.480547,0.353918,0.34146,-1.4409515978077523,-0.9590535496514511,-0.9070776000574386,-1.0240097859597972,-0.6962722119731221,3.2976016351740816,-0.11001290069120637,-0.3870370918189913,0.7791325223287542,-0.5550231802386093,-0.40387272380744554,-0.6357229432289523,0,-0.31632603250270985
1263,-0.7039505854431936,1,0,0,0,0,0,0,0,0.97466781222561,-1.223084812613613,0.27676,0.737725,0.34146,1.04848,0.554767,-0.4792113274144045,-0.7062544843688816,-0.981723426615305,-1.1500470675322716,-1.3232408032409189,2.077028990750787,-0.11001290069120637,1.4728290102938495,0.7791325223287542,-0.5550231802386093,-0.40387272380744554,-0.6357229432289523,0,-0.31632603250270985
1265,-0.5824628786563698,1,0,0,0,0,0,0,0,0.9622025462273059,-1.2175577687450045,0.627791,0.844122,0.652325,0.34146,0.482678,-0.7614024657826929,-1.0828123053045455,-0.9277783162504671,-0.7847207523107553,-0.9842427041123634,-0.3641162980958024,-0.11001290069120637,3.3326951124066904,-0.04389014208798146,-0.5550231802386093,-0.40387272380744554,1.764720691007243,0,-0.31632603250270985
1266,-0.6167726507015473,1,0,0,0,0,0,0,0,0.9605167053372741,-1.2213143636114692,0.652325,0.935317,0.482678,0.627791,0.776249,-1.00532453218219,-1.0828123053045455,-1.3550750606904174,-1.321248286878319,-1.4313635251244585,-0.3641162980958024,-0.11001290069120637,3.3326951124066904,-0.04389014208798146,-0.5550231802386093,-0.40387272380744554,1.764720691007243,0,-0.31632603250270985
1268,-0.6981616226441459,1,0,0,0,0,0,0,0,0.9656788476556198,-1.2193561431365145,0.935317,0.34146,0.844122,0.652325,0.737725,-0.7614024657826929,-0.9595159738069197,-1.1228532660645723,-1.30700965282221,-1.2578248447002611,-0.3641162980958024,-0.11001290069120637,3.3326951124066904,0.7791325223287542,-0.5550231802386093,-0.40387272380744554,0.5644988738891453,0,-0.31632603250270985
1270,-0.8058862932891122,1,0,0,0,0,0,0,0,0.9683871743418684,-1.223168949222531,0.737725,0.627791,1.04848,0.652325,0.612404,-1.3045725144544245,-0.9595159738069197,-1.0990225102074005,-1.2490448292350165,-1.3782710253881285,-0.3641162980958024,-0.11001290069120637,3.3326951124066904,0.7791325223287542,-0.5550231802386093,-0.40387272380744554,0.5644988738891453,0,-0.31632603250270985
1271,-0.6889313364732332,1,0,0,0,0,0,0,0,0.9624315225376744,-1.2236813174091719,0.776249,0.844122,0.482678,0.627791,0.34146,-1.075041549573344,-1.3537889572553035,-1.386063219559896,-1.30700965282221,-1.4262961277065176,-0.3641162980958024,-0.11001290069120637,5.192561214519531,-0.04389014208798146,-0.5550231802386093,-0.40387272380744554,0.5644988738891453,0,-0.31632603250270985
1272,-0.7527566547269557,1,0,0,0,0,0,0,0,0.9583985776426204,-1.2249223609798234,0.480645,0.652325,0.844122,0.776249,0.93793,-1.0637594356914313,-1.108277743764671,-1.3550750606904174,-1.4556191302515205,-1.43749099618057,-0.3641162980958024,-0.11001290069120637,3.3326951124066904,-0.8669128065047171,-0.5550231802386093,-0.40387272380744554,1.764720691007243,1,-0.31632603250270985
1273,-0.6423081203876302,1,0,0,0,0,0,0,0,0.9629414300003017,-1.226394093537436,0.652325,0.482678,0.412038,0.480645,0.844122,-1.075041549573344,-0.9795235893879681,-1.2152403818623911,-1.331084423984622,-1.4313635251244585,-0.3641162980958024,-0.11001290069120637,1.4728290102938495,-0.04389014208798146,-0.5550231802386093,-0.40387272380744554,2.9649425081253407,0,-0.31632603250270985
1274,-0.6568017840563447,1,0,0,0,0,0,0,0,0.9690745707458475,-1.2251170756043133,0.34146,1.04848,0.612404,0.776249,0.652325,-1.3045725144544245,-1.2745567629263443,-1.0374649416753516,-1.1957692411837586,-1.2924596134131443,-0.3641162980958024,-0.11001290069120637,1.4728290102938495,1.6021551867454897,-0.5550231802386093,-0.40387272380744554,0.5644988738891453,0,-0.31632603250270985
1276,-0.539888211909855,1,0,0,0,0,0,0,0,0.9707721792779801,-1.2280002696851107,0.737725,0.34146,0.612404,0.412038,0.776249,-0.8997218857608006,-0.7772461556184176,-0.9297438166718172,-0.9354465186541738,-1.1008740595274131,-0.3641162980958024,-0.11001290069120637,3.3326951124066904,1.6021551867454897,-0.5550231802386093,-0.40387272380744554,-0.6357229432289523,0,-0.31632603250270985
1277,-0.7793331369603165,1,0,0,0,0,0,0,0,0.9637575247339152,-1.2311068233371085,0.776249,0.480645,1.04848,0.652325,0.737725,-0.4155311255068279,-0.42601582887681755,-0.6876813244096135,-0.8844458304945084,-1.0516406808452285,-0.3641162980958024,-0.11001290069120637,3.3326951124066904,-0.04389014208798146,-0.5550231802386093,-0.40387272380744554,1.764720691007243,0,-0.31632603250270985
1278,-0.7535215186621259,1,0,0,0,0,0,0,0,0.957580476186425,-1.22760430784682,0.482678,0.93793,0.776249,0.652325,0.412038,-1.0637594356914313,-0.9418096610163725,-1.133948111229842,-1.1728273865983123,-1.2276009391403717,-0.3641162980958024,-0.11001290069120637,1.4728290102938495,-0.04389014208798146,-0.5550231802386093,-0.40387272380744554,1.764720691007243,1,-0.31632603250270985
1280,-0.581479804646237,1,0,0,0,0,0,0,0,0.9527429344877058,-1.2265286668680564,1.49378,0.480645,0.482678,3.55875,0.844122,-0.6079951670330933,-0.9418096610163725,-1.0553233290033877,-1.1582085018325587,-0.8531146091660805,-0.3641162980958024,-0.11001290069120637,1.4728290102938495,-0.8669128065047171,-0.5550231802386093,-0.40387272380744554,2.9649425081253407,1,-0.31632603250270985
1286,-0.467156536579259,0,1,0,0,0,0,0,0,0.9247767448888539,-1.1720148667522734,0.525949,10.1692,5.637,0.983664,4.15009,1.1818137131804194,1.3844247369292149,1.1265536138843752,1.0371656337649642,0.8919362077632623,-0.3641162980958024,-0.11001290069120637,-0.3870370918189913,-0.8669128065047171,-0.5550231802386093,-0.40387272380744554,-0.6357229432289523,5,-0.31632603250270985
1288,2.8915479862138462,0,1,0,0,0,0,0,0,0.9329943906037206,-1.1838899773919385,4.15009,2.93958,5.637,1.2418,5.68018,1.6939444478481223,0.9303291990080084,0.6516127571187482,0.36163374237147,0.9225294995665395,-0.3641162980958024,-0.11001290069120637,-0.3870370918189913,-0.8669128065047171,-0.5550231802386093,-0.40387272380744554,-0.6357229432289523,5,-0.31632603250270985
1289,0.171589499747967,0,1,0,0,0,0,0,0,0.9458883918550964,-1.1862753509195838,4.15009,5.68018,10.1692,4.24852,1.61574,0.4694634144290627,0.26639373631046864,0.38163268590112837,0.9538065333446333,0.6692633045981056,-0.3641162980958024,-0.11001290069120637,-0.3870370918189913,-0.04389014208798146,-0.5550231802386093,-0.40387272380744554,-0.6357229432289523,4,-0.31632603250270985
1290,0.6270127374080114,0,1,0,0,0,0,0,0,0.9438320753146612,-1.1790421797483057,2.93958,5.68018,10.1692,4.24852,1.2418,0.4694634144290627,0.05183531197337254,0.15714296624334598,0.7857602109882069,0.8919362077632623,-0.3641162980958024,-0.11001290069120637,-0.3870370918189913,-0.04389014208798146,-0.5550231802386093,-0.40387272380744554,-0.6357229432289523,4,-0.31632603250270985
1291,1.1864243625156907,0,1,0,0,0,0,0,0,0.918829521563998,-1.1868013045420012,10.1692,12.0,1.2418,0.525949,0.273908,2.4539886053740165,1.4492079084121054,1.1265536138843752,1.0981767836611738,1.372424387036674,-0.3641162980958024,-0.11001290069120637,-0.3870370918189913,-0.04389014208798146,-0.5550231802386093,-0.40387272380744554,-0.6357229432289523,4,-0.31632603250270985
1295,-0.5801942463252945,1,0,0,0,0,0,0,0,0.9330186212697689,-1.207184321790146,1.22789,1.07769,1.12622,0.761727,1.20424,-0.3872090227269283,0.961707154633201,0.5820014294303996,0.20201573246106722,0.07547317514246005,-0.3641162980958024,-0.11001290069120637,-0.3870370918189913,0.7791325223287542,-0.5550231802386093,-0.40387272380744554,-0.6357229432289523,3,-0.31632603250270985
1297,-0.5288987010656242,1,0,0,0,0,0,0,0,0.9388935194023235,-1.2183224832826414,0.761727,1.21307,1.20424,1.22789,0.941347,-0.9656037726240508,-0.5365987892095873,-0.8893060732752481,-0.18371379775277286,-0.25939489671365423,-0.3641162980958024,-0.11001290069120637,1.4728290102938495,1.6021551867454897,-0.5550231802386093,-0.40387272380744554,-0.6357229432289523,1,-0.31632603250270985
1298,-0.64777164919557,1,0,0,0,0,0,0,0,0.9420619060790382,-1.217446245369066,1.07769,1.21307,1.20424,1.12622,3.55875,-0.9656037726240508,-1.2880785227872296,-1.540497464758943,-0.3840765582381494,-0.5287061047178577,-0.3641162980958024,-0.11001290069120637,1.4728290102938495,-0.04389014208798146,-0.5550231802386093,-0.40387272380744554,0.5644988738891453,2,-0.31632603250270985
1300,-0.47238981613568665,1,0,0,0,0,0,0,0,0.938215973011348,-1.207091335101421,0.941347,1.12622,1.61574,0.761727,1.20424,-0.3872090227269283,-0.017550456132367845,-0.0458968183956108,-0.2378382888410327,-0.49734358981316407,-0.3641162980958024,-0.11001290069120637,-0.3870370918189913,0.7791325223287542,-0.5550231802386093,-0.40387272380744554,-0.6357229432289523,3,-0.31632603250270985
1303,-0.5106405373795398,1,0,0,0,0,0,0,0,0.9471098303383699,-1.2084209021483208,1.61574,0.205275,1.20424,1.21307,1.22789,-0.4337482647851782,-0.26443599889059805,-0.5737425202199413,-0.8301696903698624,-0.9426170866621495,-0.3641162980958024,-0.11001290069120637,1.4728290102938495,1.6021551867454897,-0.5550231802386093,-0.40387272380744554,-0.6357229432289523,1,-0.31632603250270985
1304,-0.3264712341112108,1,0,0,0,0,0,0,0,0.948677390098732,-1.2039360432593451,0.205275,1.12622,1.22789,1.20424,1.21307,-0.5362556700347935,-0.9249432471628678,-0.0458968183956108,0.052390008823597796,-0.2413154094751147,-0.3641162980958024,-0.11001290069120637,1.4728290102938495,1.6021551867454897,-0.5550231802386093,-0.40387272380744554,-0.6357229432289523,1,-0.31632603250270985
1305,-0.8571223951145687,1,0,0,0,0,0,0,0,0.9533872798536182,-1.2038913859371227,1.61574,1.12622,1.20424,1.21307,1.22789,-0.5362556700347935,-0.26443599889059805,0.8174519274001567,0.402364702640847,0.1036041941960427,-0.3641162980958024,-0.11001290069120637,1.4728290102938495,0.7791325223287542,-0.5550231802386093,-0.40387272380744554,-0.6357229432289523,2,-0.31632603250270985
1307,-0.477965459775245,1,0,0,0,0,0,0,0,0.9451706399559484,-1.216024168442055,1.20424,0.761727,1.07769,1.12622,3.55875,-1.9663893617310053,-1.2880785227872296,-0.8903548385068913,-0.8301696903698624,-0.8909890129339553,-0.3641162980958024,-0.11001290069120637,-0.3870370918189913,-0.04389014208798146,-0.5550231802386093,-0.40387272380744554,0.5644988738891453,3,-0.31632603250270985
1310,-0.3723555457360788,1,0,0,0,0,0,0,0,0.9498124296913911,-1.2296914373526502,0.93793,0.480645,0.482678,3.55875,0.776249,-0.6079951670330933,-0.22939210151476025,-0.2456887704773781,-0.465843710546158,-0.20945785870118822,-0.3641162980958024,-0.11001290069120637,1.4728290102938495,-0.8669128065047171,-0.5550231802386093,-0.40387272380744554,2.9649425081253407,1,-0.31632603250270985
1313,-0.6821957934179691,1,0,0,0,0,0,0,0,0.7790099194703448,-1.1127858117845957,3.46806,2.6653,2.64515,5.32671,1.81001,-0.3319887072881615,0.3626625073858121,0.21640112792129343,0.42039062347886486,0.16642757538629924,-0.3641162980958024,-0.11001290069120637,-0.3870370918189913,-0.8669128065047171,0.4150033169688831,-0.40387272380744554,-0.6357229432289523,4,-0.31632603250270985
1314,0.37041650046549957,1,0,0,0,0,0,0,0,0.7811437126100841,-1.1174029592957784,0.670228,2.6653,5.32671,1.80045,1.81001,-0.3319887072881615,-0.11906731415901044,-0.2248904937137269,0.2206480141086868,-0.059935859922909895,-0.3641162980958024,-0.11001290069120637,1.4728290102938495,-0.8669128065047171,0.4150033169688831,-0.40387272380744554,-0.6357229432289523,3,-0.31632603250270985
1315,0.0683987077467468,1,0,0,0,0,0,0,0,0.7893658498847193,-1.115168427153391,1.81001,3.46806,1.80045,0.670228,1.73345,-0.14922104725178492,-0.11906731415901044,-0.34671463828921284,-0.42383196603855533,-0.6254208548517456,0.8564563463274925,-0.11001290069120637,1.4728290102938495,-0.8669128065047171,0.4150033169688831,-0.40387272380744554,-0.6357229432289523,2,-0.31632603250270985
1316,-0.25338214572679696,1,0,0,0,0,0,0,0,0.7949474995425695,-1.1131698517764779,2.6653,3.01762,1.73345,1.80045,3.25552,-0.14922104725178492,-0.5652156639794486,-0.3860448194652317,-0.49470290138555345,-0.7078894361324161,0.8564563463274925,-0.11001290069120637,3.3326951124066904,-0.8669128065047171,-0.5550231802386093,-0.40387272380744554,-0.6357229432289523,2,-0.31632603250270985
1317,1.0696857346534385,1,0,0,0,0,0,0,0,0.7858338568064814,-1.125757505987773,1.80045,3.46806,2.6653,1.73345,0.670228,0.7853293143175848,0.2308523483259739,0.12696691076662542,0.029166993746975595,0.08885953967331688,0.8564563463274925,-0.11001290069120637,1.4728290102938495,-0.8669128065047171,0.4150033169688831,-0.40387272380744554,-0.6357229432289523,2,-0.31632603250270985
1319,-0.25697884972100593,1,0,0,0,0,0,0,0,0.7942783267543773,-1.122747163182617,1.73345,5.32671,2.6653,1.71842,1.81001,-0.6918758314832507,-0.010286324038797413,-0.34671463828921284,-0.57088429832524,-0.7416662156812638,0.8564563463274925,-0.11001290069120637,-0.3870370918189913,-0.8669128065047171,-0.5550231802386093,-0.40387272380744554,-0.6357229432289523,4,-0.31632603250270985
1320,-0.28218587562184366,1,0,0,0,0,0,0,0,0.7981837012361344,-1.121302327102208,1.80045,3.25552,1.71842,1.81001,2.6653,-0.6918758314832507,-0.6862322358393019,-0.5042789457914315,-0.6680306174222806,-0.6254208548517456,-0.3641162980958024,-0.11001290069120637,3.3326951124066904,-0.8669128065047171,-0.5550231802386093,-0.40387272380744554,-0.6357229432289523,3,-0.31632603250270985
1321,-0.7554748750573073,1,0,0,0,0,0,0,0,0.806308017768878,-1.1375151176321023,2.01045,4.8499,3.54076,2.67723,1.71842,-0.848912668972814,-0.03028749192468261,-0.4496597162316378,-0.5159558005925665,-0.7096348227628176,-0.3641162980958024,-0.11001290069120637,1.4728290102938495,-0.8669128065047171,-0.5550231802386093,-0.40387272380744554,-0.6357229432289523,4,-0.31632603250270985
1322,0.3977680046892444,1,0,0,0,0,0,0,0,0.7974025924596153,-1.1384254697993625,2.01045,0.475453,1.71842,4.8499,2.67723,0.6023690721056891,-0.028364237587385016,0.011985128800686784,0.05993303583330522,0.0068128998417316495,0.8564563463274925,-0.11001290069120637,1.4728290102938495,-0.8669128065047171,-0.5550231802386093,-0.40387272380744554,-0.6357229432289523,3,-0.31632603250270985
1323,-0.17797175361390286,1,0,0,0,0,0,0,0,0.8046759294758928,-1.1344246052685039,0.475453,1.71842,2.67723,3.54076,4.8499,-0.848912668972814,-0.5280044630487384,-0.7744997125947402,-0.8160576367416033,-0.3731463605532899,0.8564563463274925,-0.11001290069120637,1.4728290102938495,-0.8669128065047171,-0.5550231802386093,-0.40387272380744554,-0.6357229432289523,3,-0.31632603250270985
1324,-0.2878405263575091,1,0,0,0,0,0,0,0,0.8017714376900672,-1.128697589967491,2.67723,2.01045,1.73345,1.80045,0.475453,-0.22430276328893858,-0.5280044630487384,-0.5042789457914315,-0.57088429832524,-0.7096348227628176,2.077028990750787,-0.11001290069120637,3.3326951124066904,-0.8669128065047171,-0.5550231802386093,-0.40387272380744554,-0.6357229432289523,1,-0.31632603250270985
1326,0.3300852590241594,1,0,0,0,0,0,0,0,0.7730340503437882,-1.0961180309957326,4.45065,3.77571,1.57182,3.34214,1.76349,0.2894751979660945,0.6585140042171349,0.4257356696878896,0.29131751489277585,0.33114021925954323,-0.3641162980958024,-0.11001290069120637,3.3326951124066904,-0.8669128065047171,-0.5550231802386093,-0.40387272380744554,1.764720691007243,1,-0.31632603250270985
1327,0.7400907031506351,1,0,0,0,0,0,0,0,0.7803759907872294,-1.0951601389516583,1.57182,3.36086,1.76349,3.34214,2.64515,-0.15696548882036374,-0.3823187591806694,-0.3295851759704399,-0.1952382408686691,-0.347432708581843,-0.3641162980958024,-0.11001290069120637,1.4728290102938495,-0.8669128065047171,0.4150033169688831,-0.40387272380744554,0.5644988738891453,2,-0.31632603250270985
1328,-0.3429950039256106,1,0,0,0,0,0,0,0,0.7862557053622806,-1.0943001880237961,1.76349,4.45065,2.64515,1.64865,3.86582,-0.8708865913080908,-0.717276986559468,0.02101616396026647,-0.2229102639427555,-0.4651561672557859,-0.3641162980958024,-0.11001290069120637,5.192561214519531,-0.8669128065047171,0.4150033169688831,-0.40387272380744554,0.5644988738891453,0,-0.31632603250270985
1329,-0.2708840986358561,1,0,0,0,0,0,0,0,0.7897953137743873,-1.0936203670481355,1.57182,4.45065,3.86582,5.47941,2.64515,-0.8708865913080908,0.11011251662723456,-0.12178512065670484,-0.30246293531771545,-0.4487692016472757,-0.3641162980958024,-0.11001290069120637,7.052427316632372,-0.8669128065047171,0.4150033169688831,-0.40387272380744554,-0.6357229432289523,0,-0.31632603250270985
1331,-0.3164410951482804,1,0,0,0,0,0,0,0,0.800722544335029,-1.100762944251939,3.86582,3.01762,1.76349,2.64515,1.81001,0.0646556378750715,0.3331979688678935,0.41930402020931823,0.08607350419375533,-0.06926003732383504,-0.3641162980958024,-0.11001290069120637,1.4728290102938495,-0.8669128065047171,0.4150033169688831,-0.40387272380744554,0.5644988738891453,2,-0.31632603250270985
1332,0.5200634649776963,1,0,0,0,0,0,0,0,0.7943366642229112,-1.1025866085810276,1.6424,2.64515,1.76349,3.01762,1.81001,0.0646556378750715,-0.5028677860784885,-0.12178512065670484,-0.3914141518419533,-0.5705811313493107,-0.3641162980958024,-0.11001290069120637,-0.3870370918189913,-0.8669128065047171,1.3850298141763753,-0.40387272380744554,0.5644988738891453,2,-0.31632603250270985
1333,0.0608177887631368,1,0,0,0,0,0,0,0,0.7878637612306285,-1.1047864750547627,3.86582,2.6653,1.57182,1.81001,1.76349,0.12880444573274297,0.4857766683899385,0.02101616396026647,-0.28990716248348397,-0.4487692016472757,-0.3641162980958024,-0.11001290069120637,3.3326951124066904,-0.8669128065047171,-0.5550231802386093,-0.40387272380744554,0.5644988738891453,2,-0.31632603250270985
1334,1.1271351802513174,1,0,0,0,0,0,0,0,0.7920224036163357,-1.0832081930901536,1.64865,1.76349,3.34214,2.57648,1.93335,0.3076210871135528,0.5205437364440153,0.16767527715903097,-0.14707902266094644,-0.39611067433191877,-0.3641162980958024,-0.11001290069120637,1.4728290102938495,-0.8669128065047171,1.3850298141763753,-0.40387272380744554,0.5644988738891453,1,-0.31632603250270985
1335,-0.3140896934784262,1,0,0,0,0,0,0,0,0.7845522445769557,-1.0833748628956894,3.34214,5.47941,3.77571,1.57182,1.84366,-0.5660004355835675,-0.36870415136614443,-0.017800006469914326,-0.2229102639427555,-0.48790551309914876,-0.3641162980958024,-0.11001290069120637,3.3326951124066904,-0.8669128065047171,0.4150033169688831,-0.40387272380744554,0.5644988738891453,1,-0.31632603250270985
1336,0.3230423407426119,1,0,0,0,0,0,0,0,0.7799858798256292,-1.0839782778375027,1.64865,3.77571,4.45065,5.47941,1.57182,-0.5660004355835675,-0.5869253439381564,0.14724972050422247,-0.17712995970417322,-0.3530400011490669,-0.3641162980958024,-0.11001290069120637,7.052427316632372,-0.8669128065047171,-0.5550231802386093,-0.40387272380744554,0.5644988738891453,0,-0.31632603250270985
1337,0.48616189626240564,1,0,0,0,0,0,0,0,0.7735486892153477,-1.084946753264354,3.34214,1.64865,3.36086,4.14783,4.45065,0.016770434345334068,0.4696808163747854,0.14593908710448392,-0.06033060971524123,-0.32332225500970174,-0.3641162980958024,-0.11001290069120637,3.3326951124066904,-0.8669128065047171,-0.5550231802386093,-0.40387272380744554,-0.6357229432289523,3,-0.31632603250270985
1338,0.6261624705641923,1,0,0,0,0,0,0,0,0.7720315543537896,-1.073127492208004,2.83654,1.84366,3.77571,7.81202,3.34214,0.03795491520684026,0.43178677898406526,0.29942117389942746,0.01726603583580407,-0.13340421640388603,-0.3641162980958024,-0.11001290069120637,-0.3870370918189913,-0.8669128065047171,0.4150033169688831,-0.40387272380744554,0.5644988738891453,2,1.7381456473456194
1339,0.13282335125808173,1,0,0,0,0,0,0,0,0.7783223416813,-1.0712939370355068,1.84366,4.14783,1.98918,7.81202,1.08725,-0.5107470014710226,-0.5710309230949587,-0.6492268547491555,-0.25215267599235097,-0.4758154863233297,-0.3641162980958024,-0.11001290069120637,1.4728290102938495,-0.8669128065047171,0.4150033169688831,-0.40387272380744554,-0.6357229432289523,3,-0.31632603250270985
1340,-0.24072219913630155,1,0,0,0,0,0,0,0,0.782968877549345,-1.072391921390519,1.98918,2.83654,2.57648,4.14783,1.93335,-0.9509235092287707,-0.9827143265336732,-0.7789773779321004,-0.3706936297511475,-0.5258387910024831,-0.3641162980958024,-0.11001290069120637,1.4728290102938495,-0.8669128065047171,1.3850298141763753,-0.40387272380744554,-0.6357229432289523,1,1.7381456473456194
1341,-0.18597404377675092,1,0,0,0,0,0,0,0,0.7862576668071707,-1.0717895243505366,1.84366,2.57648,2.83654,1.93335,1.08725,-0.9509235092287707,-1.166058049992069,-0.6492268547491555,-0.8388878927406804,-0.39479508451363865,-0.3641162980958024,-0.11001290069120637,-0.3870370918189913,-0.8669128065047171,2.355056311383868,-0.40387272380744554,-0.6357229432289523,1,1.7381456473456194
1342,0.03498246833611409,1,0,0,0,0,0,0,0,0.7902487538995813,-1.071885547270157,1.98918,1.93335,1.84366,2.83654,5.47941,-0.7551120927819089,-1.0917410013978164,-0.7789773779321004,-0.1984826336109854,-0.42616777031763914,-0.3641162980958024,-0.11001290069120637,3.3326951124066904,-0.8669128065047171,1.3850298141763753,-0.40387272380744554,-0.6357229432289523,0,1.7381456473456194
1343,-0.20697864461322504,1,0,0,0,0,0,0,0,0.7945651471981346,-1.0718348131642186,2.57648,1.98918,1.84366,5.47941,1.64865,-0.6560604752891996,-0.17725726824745552,0.07769839348539997,-0.11396138153370872,0.15813935579148736,-0.3641162980958024,-0.11001290069120637,5.192561214519531,-0.8669128065047171,1.3850298141763753,-0.40387272380744554,-0.6357229432289523,0,-0.31632603250270985
1344,0.2904537947197678,1,0,0,0,0,0,0,0,0.8035952146589754,-1.1186960181606904,1.73345,3.01762,1.80045,1.81001,2.67723,-0.11558827011138213,-0.01161753480176409,-0.18811549930735455,-0.45748682222527826,-0.6610503585482247,0.8564563463274925,-0.11001290069120637,3.3326951124066904,-0.8669128065047171,-0.5550231802386093,-0.40387272380744554,-0.6357229432289523,2,-0.31632603250270985
1345,0.07288706325416477,1,0,0,0,0,0,0,0,0.8074657940968829,-1.128092232658154,1.71842,2.01045,0.475453,3.25552,1.73345,-0.22430276328893858,-0.4029881023767089,-0.21450933474925696,-0.4058783846403218,-0.49841304275079684,2.077028990750787,-0.11001290069120637,1.4728290102938495,-0.8669128065047171,-0.5550231802386093,-0.40387272380744554,-0.6357229432289523,2,-0.31632603250270985
1346,0.8902982418209249,1,0,0,0,0,0,0,0,0.8083563162126286,-1.145663082552771,0.475453,2.14401,2.01045,3.54076,2.67723,0.7586712584836321,0.37283140489976285,0.2674679564567842,0.05993303583330522,0.6245408634621603,0.8564563463274925,-0.11001290069120637,1.4728290102938495,-0.8669128065047171,-0.5550231802386093,-0.40387272380744554,-0.6357229432289523,3,-0.31632603250270985
1347,0.20095004155843524,1,0,0,0,0,0,0,0,0.8009716085658539,-1.1106139652856242,1.81001,3.25552,1.6424,3.86582,1.73345,0.04570563771837783,-0.01161753480176409,-0.13614561083416704,-0.3914141518419533,-0.5016730447210626,0.8564563463274925,-0.11001290069120637,3.3326951124066904,-0.8669128065047171,0.4150033169688831,-0.40387272380744554,-0.6357229432289523,1,-0.31632603250270985
1348,0.2368343121617471,0,1,0,0,0,0,0,0,0.8584023092054159,-1.1594535662185286,0.374847,1.48215,1.67102,4.4212,3.16214,-0.8745722022601332,-0.8226266756952605,-0.7257228479518224,-0.3835073541342427,-0.6382127014673882,-0.3641162980958024,-0.11001290069120637,-0.3870370918189913,-0.8669128065047171,-0.5550231802386093,5.062930929792387,-0.6357229432289523,0,1.7381456473456194
1349,1.1035684921553701,0,1,0,0,0,0,0,0,0.8422675060797858,-1.1408341887051978,1.41395,2.07462,4.4212,3.113,0.374847,0.24343395258550576,0.886071098020694,0.7473760260447933,2.211276712143935,1.78203379422466,-0.3641162980958024,-0.11001290069120637,-0.3870370918189913,-0.8669128065047171,-0.5550231802386093,5.062930929792387,-0.6357229432289523,1,-0.31632603250270985
1350,1.4380619636168144,1,0,0,0,0,0,0,0,0.8275852963197191,-1.1749405931319248,1.3655,1.51203,1.95203,1.69202,2.00494,2.0066439622043584,1.1485216426165652,0.7068041546858148,1.1445675367382628,0.8473231706373295,-0.3641162980958024,-0.11001290069120637,1.4728290102938495,-0.04389014208798146,-0.5550231802386093,-0.40387272380744554,1.764720691007243,1,-0.31632603250270985
1351,-0.19995077530236463,1,0,0,0,0,0,0,0,0.8191940288131754,-1.1635622654986197,1.3655,2.14401,6.30585,4.8499,1.51203,-0.6013783276542133,0.5109713589937528,0.7068041546858148,1.5716357920768371,2.232526227318182,-0.3641162980958024,-0.11001290069120637,-0.3870370918189913,0.7791325223287542,-0.5550231802386093,-0.40387272380744554,0.5644988738891453,2,-0.31632603250270985
1352,-0.42061759472950355,1,0,0,0,0,0,0,0,0.8236823029912805,-1.1633077115489645,1.95203,6.30585,2.14401,4.8499,1.51203,-0.6013783276542133,0.9060490406265453,0.5606966846167752,1.9789523406106277,1.8922396816328064,-0.3641162980958024,-0.11001290069120637,-0.3870370918189913,-0.04389014208798146,-0.5550231802386093,-0.40387272380744554,1.764720691007243,2,-0.31632603250270985
1354,-0.12772324048978526,1,0,0,0,0,0,0,0,0.8131496242009663,-1.1546195054615949,4.8499,1.95203,1.3655,0.475453,2.01045,1.2959581869560033,0.5109713589937528,0.5606966846167752,1.1370489007118136,1.3259429603957216,0.8564563463274925,-0.11001290069120637,-0.3870370918189913,-0.04389014208798146,-0.5550231802386093,-0.40387272380744554,0.5644988738891453,2,-0.31632603250270985
1359,0.7665731293172016,1,0,0,0,0,0,0,0,0.4642550588895821,-0.8434904413403806,3.36797,5.31207,0.848327,1.2957,1.21675,0.6279906720192461,0.6437711331613113,0.6118311118474175,0.5305213776223713,0.3571485594875417,-0.3641162980958024,-0.11001290069120637,-0.3870370918189913,2.4251778511622253,0.4150033169688831,-0.40387272380744554,-0.6357229432289523,0,-0.31632603250270985
1361,-0.4468780485784358,1,0,0,0,0,0,0,0,0.47952761451854475,-0.838797363760556,3.31247,5.31207,0.968707,2.18087,4.52104,1.2057726694525623,0.5456231468731721,0.7562685264868604,0.36562150490148065,0.18881263221252717,-0.3641162980958024,-0.11001290069120637,-0.3870370918189913,2.4251778511622253,-0.5550231802386093,-0.40387272380744554,0.5644988738891453,0,-0.31632603250270985
1362,1.0641778113819718,1,0,0,0,0,0,0,0,0.4748264319773444,-0.8485741989405946,3.36797,1.2957,0.848327,4.52104,1.21675,1.1131628968780085,0.5456231468731721,0.053476838489341955,-0.2077335632001659,-0.35660777975246244,-0.3641162980958024,-0.11001290069120637,-0.3870370918189913,2.4251778511622253,0.4150033169688831,-0.40387272380744554,-0.6357229432289523,0,-0.31632603250270985
1363,0.3327602135637856,1,0,0,0,0,0,0,0,0.46518674618375877,-0.8514125175664009,0.848327,4.52104,1.21675,5.31207,4.92774,-0.18031875858597876,-0.12833531527611894,-0.47826700187130694,-0.5214459943173475,0.050346948978947516,-0.3641162980958024,-0.11001290069120637,-0.3870370918189913,2.4251778511622253,0.4150033169688831,-0.40387272380744554,-0.6357229432289523,0,-0.31632603250270985
1365,-0.5699007503753404,1,0,0,0,0,0,0,0,0.49081498227621856,-0.8480703259514047,3.31247,2.18087,2.32095,1.2957,5.31207,0.2575605951089082,0.006252310841909711,0.17532372132848859,0.34468749822265315,0.17639594094474614,-0.3641162980958024,-0.11001290069120637,-0.3870370918189913,1.6021551867454897,0.4150033169688831,-0.40387272380744554,0.5644988738891453,0,-0.31632603250270985
1367,0.3118797667354797,1,0,0,0,0,0,0,0,0.48957708539602796,-0.8413337239907377,2.18087,0.968707,2.32095,1.2957,5.31207,-0.410012463003749,-0.4062638410626322,-0.20969527293820703,-0.4680312585090444,0.28189141649258836,-0.3641162980958024,-0.11001290069120637,-0.3870370918189913,2.4251778511622253,0.4150033169688831,-0.40387272380744554,-0.6357229432289523,0,-0.31632603250270985
1368,-0.11385561400165282,1,0,0,0,0,0,0,0,0.4945799075679859,-0.8403135570109748,2.32095,3.31247,0.968707,2.94018,1.2957,-0.4142032972321937,-0.9071346057790574,-0.41964337044384614,-0.11020978001199692,0.03915187336311535,-0.3641162980958024,-0.11001290069120637,-0.3870370918189913,0.7791325223287542,1.3850298141763753,-0.40387272380744554,0.5644988738891453,0,-0.31632603250270985
1369,-0.06115411865554339,1,0,0,0,0,0,0,0,0.4996860317647421,-0.8403734466531423,2.18087,2.94018,3.31247,0.968707,2.07346,-0.4142032972321937,-0.39964646432860884,-0.20969527293820703,-0.17034923006080843,0.21756516605585244,-0.3641162980958024,-0.11001290069120637,-0.3870370918189913,1.6021551867454897,0.4150033169688831,-0.40387272380744554,0.5644988738891453,0,-0.31632603250270985
1370,0.17181523430827297,1,0,0,0,0,0,0,0,0.5070188279439075,-0.8402468266616159,2.32095,2.07346,2.18087,3.31247,0.968707,0.2663804000051205,-0.03589074889314592,0.24315907980356363,0.7781763504471884,0.5340742739862763,-0.3641162980958024,-0.11001290069120637,-0.3870370918189913,1.6021551867454897,0.4150033169688831,-0.40387272380744554,0.5644988738891453,0,-0.31632603250270985
1371,-0.15426586253910024,1,0,0,0,0,0,0,0,0.5159390775990826,-0.8401504902028357,2.94018,2.32095,1.32544,2.18087,3.31247,0.751203097725745,1.6453306937537215,1.471028310461504,1.4618398519069704,1.838936688226044,-0.3641162980958024,-0.11001290069120637,-0.3870370918189913,0.7791325223287542,1.3850298141763753,-0.40387272380744554,0.5644988738891453,0,-0.31632603250270985
1373,-0.4356891388726014,1,0,0,0,0,0,0,0,0.5345553880128658,-0.8401482500915382,2.07346,2.94018,2.32095,2.18087,0.968707,3.7135033733064065,4.231590741887214,4.7018877447484515,4.74242035937687,4.743363892039328,-0.3641162980958024,-0.11001290069120637,-0.3870370918189913,1.6021551867454897,1.3850298141763753,-0.40387272380744554,-0.6357229432289523,0,-0.31632603250270985
1374,-0.5253019970714151,1,0,0,0,0,0,0,0,0.7822810351149624,-1.0607734192947165,7.81202,3.38267,2.83654,1.98918,1.84366,0.41402471804781055,0.3191928672615869,0.1398684738189238,-0.11251183259880339,-0.393216820180768,-0.3641162980958024,6.9251710563310676,1.4728290102938495,-0.8669128065047171,0.4150033169688831,-0.40387272380744554,-0.6357229432289523,1,1.7381456473456194
1375,0.3382907102912828,1,0,0,0,0,0,0,0,0.7865254284692881,-1.0518172407367077,1.27907,1.08725,3.74351,0.9027,3.94381,-0.31680299459834566,0.3191928672615869,0.2670018214401544,0.22554661718773714,-0.05786078126149106,-0.3641162980958024,6.9251710563310676,3.3326951124066904,-0.8669128065047171,-0.5550231802386093,-0.40387272380744554,0.5644988738891453,1,-0.31632603250270985
1376,-0.4531346581415841,1,0,0,0,0,0,0,0,0.7865346673977643,-1.046740783664879,3.38267,3.74351,0.9027,3.94381,3.91563,-0.31680299459834566,-0.44511777930084434,-0.37592406091886293,-0.4480241608382799,0.005545808209370653,-0.3641162980958024,13.960355013353341,3.3326951124066904,-0.8669128065047171,-0.5550231802386093,-0.40387272380744554,-0.6357229432289523,1,-0.31632603250270985
1378,2.0047196681103165,1,0,0,0,0,0,0,0,0.7744652313361228,-1.0610235171452376,1.08725,2.83654,3.91563,4.14783,1.84366,0.41402471804781055,0.5859891431457894,0.35071040321049063,0.01726603583580407,-0.010649827271007568,-0.3641162980958024,-0.11001290069120637,-0.3870370918189913,-0.8669128065047171,0.4150033169688831,-0.40387272380744554,-0.6357229432289523,3,1.7381456473456194
1379,0.538803195725767,1,0,0,0,0,0,0,0,0.7718204707551207,-1.049132535074807,3.74701,7.81202,1.27907,0.9027,3.38267,1.7917270615701053,0.8946678728801568,0.7381150419433687,0.3342604467700888,0.01316681805657467,-0.3641162980958024,6.9251710563310676,3.3326951124066904,-0.8669128065047171,-0.5550231802386093,-0.40387272380744554,0.5644988738891453,1,-0.31632603250270985
1380,0.4753642597944348,1,0,0,0,0,0,0,0,0.7729708730485176,-1.037648996558564,0.9027,3.91563,3.19268,2.33219,3.74351,0.8731637435307915,0.7447998843536803,0.24353391423369017,-0.0637328523553044,-0.13300236061320508,-0.3641162980958024,6.9251710563310676,1.4728290102938495,-0.04389014208798146,-0.5550231802386093,-0.40387272380744554,0.5644988738891453,1,-0.31632603250270985
1382,0.47404747485931653,1,0,0,0,0,0,0,0,0.7867989353516001,-1.0400684994862033,0.9027,1.27907,3.94381,4.5452,3.38267,-0.5223831345286364,-0.44511777930084434,-0.6380904723784501,-0.2461050339623504,-0.37352142222014645,-0.3641162980958024,6.9251710563310676,5.192561214519531,-0.8669128065047171,-0.5550231802386093,-0.40387272380744554,0.5644988738891453,0,-0.31632603250270985
1383,-0.5947341855788717,1,0,0,0,0,0,0,0,0.7821772093550569,-1.0390262173899985,3.74351,3.74701,1.27907,4.5452,2.33219,-0.5223831345286364,0.05561462446986052,-0.37592406091886293,-0.3183462591583455,-0.3843708425772598,-0.3641162980958024,6.9251710563310676,3.3326951124066904,-0.8669128065047171,-0.5550231802386093,-0.40387272380744554,1.764720691007243,0,-0.31632603250270985
1384,0.7756627076121902,1,0,0,0,0,0,0,0,0.7861459966690657,-1.0291678717522987,2.33219,5.18737,0.9027,3.64296,3.74351,0.06094360910242876,0.3145278339742824,0.008387849551657398,-0.2829477258433222,-0.5160423575605497,-0.3641162980958024,6.9251710563310676,3.3326951124066904,-0.8669128065047171,-0.5550231802386093,-0.40387272380744554,0.5644988738891453,1,-0.31632603250270985
1385,1.0172626452650395,1,0,0,0,0,0,0,0,0.796359897052437,-1.0312473077355644,7.19515,3.94381,4.5452,3.74351,0.9027,1.119585283775669,0.24518470045281354,-0.15233466636684084,0.06347585556708751,0.24644724147408484,-0.3641162980958024,6.9251710563310676,5.192561214519531,-0.8669128065047171,-0.5550231802386093,-0.40387272380744554,-0.6357229432289523,1,-0.31632603250270985
1386,1.772638204417037,1,0,0,0,0,0,0,0,0.7977107943426914,-1.021856533924863,5.18737,11.1392,3.64296,4.5452,2.33219,1.119585283775669,0.5018168355306074,0.162726409253646,0.15672411593607702,0.6577585784209227,-0.3641162980958024,-0.11001290069120637,3.3326951124066904,-0.8669128065047171,-0.5550231802386093,-0.40387272380744554,1.764720691007243,1,-0.31632603250270985
1387,0.5494051955748057,1,0,0,0,0,0,0,0,0.7947852490758357,-1.040626892135259,3.74351,5.18737,1.27907,0.9027,3.38267,0.47159974641817265,0.24518470045281354,-0.13788463780255183,-0.060874059979813745,-0.05786078126149106,-0.3641162980958024,13.960355013353341,1.4728290102938495,-0.8669128065047171,-0.5550231802386093,-0.40387272380744554,0.5644988738891453,1,-0.31632603250270985
1390,2.247963705810728,1,0,0,0,0,0,0,0,0.6130583208537905,-0.8329944706832698,3.64577,2.83566,2.43649,3.60108,2.45554,1.1130547768214358,1.4956220629014825,1.1259823844919188,0.951561586786098,0.8656640357330774,-0.3641162980958024,-0.11001290069120637,-0.3870370918189913,-0.8669128065047171,-0.5550231802386093,0.9628281895925127,-0.6357229432289523,3,1.7381456473456194
1392,0.4372753149854677,1,0,0,0,0,0,0,0,0.6164713423020279,-0.8418942326589187,8.45856,2.45554,2.43649,2.86715,2.83566,1.1130547768214358,0.6799858277841976,0.2559731186893735,-0.021589864721376053,0.2659833188990117,-0.3641162980958024,-0.11001290069120637,-0.3870370918189913,-0.8669128065047171,-0.5550231802386093,0.9628281895925127,0.5644988738891453,3,-0.31632603250270985
1393,-0.5316338514879987,1,0,0,0,0,0,0,0,0.6394697452311411,-0.8298501144794498,0.95005,3.94832,2.83566,3.853,4.25153,-0.896659390245596,0.37243185165413845,-0.0379216179922826,0.029961522510379833,0.797018370417396,-0.3641162980958024,-0.11001290069120637,-0.3870370918189913,-0.8669128065047171,-0.5550231802386093,0.9628281895925127,1.764720691007243,2,-0.31632603250270985
1394,-0.5769199665280558,1,0,0,0,0,0,0,0,0.6385707163246391,-0.8330417658677917,1.07042,2.83566,3.94832,3.853,4.25153,-0.896659390245596,0.2544402305516496,-0.12084723955919677,-0.2762464106075222,0.9778188381288468,-0.3641162980958024,-0.11001290069120637,-0.3870370918189913,-0.8669128065047171,-0.5550231802386093,0.9628281895925127,1.764720691007243,2,-0.31632603250270985
1396,0.5511019670197725,1,0,0,0,0,0,0,0,0.6491049473528464,-0.8342083315635899,3.853,0.95005,1.07042,4.25153,0.482446,-0.1996805785895262,0.35084091627639286,-0.10212552952204505,-0.34021897152478087,0.25679103036644657,-0.3641162980958024,-0.11001290069120637,-0.3870370918189913,-0.04389014208798146,-0.5550231802386093,-0.40387272380744554,1.764720691007243,2,-0.31632603250270985
1397,0.5152402698724914,1,0,0,0,0,0,0,0,0.647767361476944,-0.8394974163741249,3.94832,0.95005,1.07042,4.25153,0.482446,-0.1996805785895262,0.554647140898158,0.4012677846022622,0.39634069042384606,0.9209293007586773,-0.3641162980958024,-0.11001290069120637,-0.3870370918189913,-0.04389014208798146,-0.5550231802386093,-0.40387272380744554,0.5644988738891453,3,-0.31632603250270985
1398,0.14433957607636005,1,0,0,0,0,0,0,0,0.6194382070960187,-0.8536815843283869,2.45554,3.64577,2.43649,8.45856,2.83566,0.6969562687717454,0.885913595062218,0.9369700261239837,1.752771845671871,1.7115708565119612,-0.3641162980958024,-0.11001290069120637,-0.3870370918189913,-0.8669128065047171,-0.5550231802386093,0.9628281895925127,-0.6357229432289523,4,-0.31632603250270985
1399,-0.01051809453623377,1,0,0,0,0,0,0,0,0.6109072301144118,-0.851888804298612,2.43649,2.86715,3.64577,8.45856,3.60108,0.3921362785069067,-0.07659138887769977,0.16455751413223416,1.276292755166964,1.0262071092519813,-0.3641162980958024,-0.11001290069120637,-0.3870370918189913,-0.8669128065047171,-0.5550231802386093,-0.40387272380744554,0.5644988738891453,3,1.7381456473456194
1400,-0.017685166825949554,1,0,0,0,0,0,0,0,0.6052100564115073,-0.8469785477083541,2.45554,3.64577,3.60108,2.86715,8.45856,0.3921362785069067,0.7854114756867661,0.4672288920205769,0.5048884473363092,0.3176317207144147,-0.3641162980958024,-0.11001290069120637,-0.3870370918189913,-0.8669128065047171,-0.5550231802386093,-0.40387272380744554,0.5644988738891453,3,1.7381456473456194
1401,0.4204618524853418,1,0,0,0,0,0,0,0,0.5954419636173858,-0.8381694490750614,2.43649,8.45856,2.45554,3.64577,2.86715,2.170574164298039,2.1518242339727838,2.0066157035076575,1.4694097327362448,2.282521989319125,-0.3641162980958024,-0.11001290069120637,-0.3870370918189913,-0.8669128065047171,-0.5550231802386093,-0.40387272380744554,0.5644988738891453,4,-0.31632603250270985
1404,-0.29649368450257285,1,0,0,0,0,0,0,0,0.7818206120671078,-0.9583800906472543,2.48997,1.91237,1.42322,0.930677,2.95996,0.6488144426340656,0.4876615149918989,0.019084085484840238,0.1110535808058019,0.49383345512149057,-0.3641162980958024,-0.11001290069120637,1.4728290102938495,-0.8669128065047171,-0.5550231802386093,0.9628281895925127,0.5644988738891453,2,-0.31632603250270985
1406,-0.21487182973859184,1,0,0,0,0,0,0,0,0.7823090125890846,-0.968854391040353,1.42322,1.32385,1.69542,2.95996,2.48997,-0.7490846446938556,0.007927820902611916,-0.0022087678373357883,0.3278976518636731,0.06924381111710029,-0.3641162980958024,-0.11001290069120637,1.4728290102938495,-0.8669128065047171,-0.5550231802386093,0.9628281895925127,0.5644988738891453,2,-0.31632603250270985
1407,-0.3989019300280655,1,0,0,0,0,0,0,0,0.7862433607819521,-0.9681224204368126,1.91237,1.32385,2.95996,1.69542,2.48997,-0.7490846446938556,0.3912844614607654,-0.05653491428454507,-0.30886350914309635,-0.3059833370885147,-0.3641162980958024,-0.11001290069120637,-0.3870370918189913,-0.8669128065047171,-0.5550231802386093,0.9628281895925127,0.5644988738891453,3,-0.31632603250270985
1409,0.17925695031302785,1,0,0,0,0,0,0,0,0.7971333547001309,-0.9672064913781943,2.92541,1.42322,4.43926,2.48997,1.91237,-0.3777865760474449,0.4250095288786641,0.003443465150531437,0.04919399926391746,0.004914245527477143,-0.3641162980958024,-0.11001290069120637,1.4728290102938495,-0.8669128065047171,-0.5550231802386093,0.9628281895925127,-0.6357229432289523,3,-0.31632603250270985
1410,0.16625840188207341,1,0,0,0,0,0,0,0,0.8023183803231828,-0.9665887689658862,2.95996,4.43926,4.44508,5.03239,1.42322,-0.3777865760474449,-0.7031620537755837,0.6786084604579617,0.32559356033484077,0.20155876181940435,-0.3641162980958024,-0.11001290069120637,1.4728290102938495,-0.8669128065047171,-0.5550231802386093,-0.40387272380744554,-0.6357229432289523,4,-0.31632603250270985
1411,0.7358055087474925,1,0,0,0,0,0,0,0,0.8082434634486847,-0.9656392960952516,2.92541,2.95996,4.44508,5.03239,2.48997,-0.138152754064469,0.4941799899035833,0.3942086097426667,0.18172033869325663,0.8974313165611746,-0.3641162980958024,-0.11001290069120637,-0.3870370918189913,-0.8669128065047171,-0.5550231802386093,0.9628281895925127,-0.6357229432289523,4,-0.31632603250270985
1412,0.9589554083379976,1,0,0,0,0,0,0,0,0.8095974444562928,-0.9787676958161214,2.3655,4.38811,4.43926,0.592724,2.92541,2.0759249939459665,0.9963904292486875,0.572446830788467,0.22214400541061777,0.0028230851101054798,-0.3641162980958024,-0.11001290069120637,-0.3870370918189913,-0.8669128065047171,1.3850298141763753,-0.40387272380744554,-0.6357229432289523,3,-0.31632603250270985
1415,0.7870585406649719,1,0,0,0,0,0,0,0,0.7942684984527133,-0.9888725786845921,1.4539,1.66842,0.592724,2.3655,1.85133,-0.1605936585800138,-0.6546698369795735,-0.6369106107372653,-0.39545477795823986,-0.45947960707989655,-0.3641162980958024,-0.11001290069120637,-0.3870370918189913,-0.8669128065047171,2.355056311383868,-0.40387272380744554,0.5644988738891453,1,-0.31632603250270985
1416,-0.40498923867098413,1,0,0,0,0,0,0,0,0.7801778595174235,-0.9871701233900623,1.66842,1.32385,1.88907,1.85133,4.57549,0.46475406941629893,0.35278110837869875,0.04511791563385787,0.07050490821513991,-0.1104488096958013,-0.3641162980958024,-0.11001290069120637,-0.3870370918189913,-0.8669128065047171,0.4150033169688831,-0.40387272380744554,1.764720691007243,2,-0.31632603250270985
1417,-0.43628733545741233,1,0,0,0,0,0,0,0,0.7819345726470592,-0.9773732865758098,1.91237,1.40704,1.42322,1.66842,4.57549,0.8096055813628933,0.35278110837869875,-0.08577824821773286,-0.016078391096955146,0.4021962380693869,-0.3641162980958024,-0.11001290069120637,1.4728290102938495,-0.8669128065047171,-0.5550231802386093,-0.40387272380744554,0.5644988738891453,3,-0.31632603250270985
1418,-0.3066517397163432,1,0,0,0,0,0,0,0,0.7881075786452122,-0.9880509142002805,4.57549,1.40704,1.85133,1.88907,1.4539,-0.07352111704029099,-0.25080946395821235,-0.11925326269653179,-0.26806516938151587,-0.43775176345431865,-0.3641162980958024,-0.11001290069120637,-0.3870370918189913,-0.8669128065047171,1.3850298141763753,-0.40387272380744554,0.5644988738891453,2,-0.31632603250270985
1419,-0.3873593695110849,1,0,0,0,0,0,0,0,0.8001284459223016,-0.9897712202921847,0.592724,2.3655,4.57549,4.38811,2.74094,-1.3392538893079564,-0.9611023983238314,-1.049383076455354,-0.43489259018102894,-0.4964464553856462,-0.3641162980958024,-0.11001290069120637,-0.3870370918189913,-0.8669128065047171,1.3850298141763753,-0.40387272380744554,-0.6357229432289523,3,-0.31632603250270985
1420,-0.7113546790212306,1,0,0,0,0,0,0,0,0.8021517932167301,-0.9902199724954796,1.4539,2.3655,4.57549,4.38811,2.74094,-1.3392538893079564,-1.4338057213452062,-0.6369106107372653,-0.7998316311151312,-0.5535869696834411,-0.3641162980958024,-0.11001290069120637,-0.3870370918189913,-0.8669128065047171,2.355056311383868,-0.40387272380744554,-0.6357229432289523,2,-0.31632603250270985
1421,-0.0443933275528222,1,0,0,0,0,0,0,0,0.8049693312927273,-0.9903918274850932,0.592724,1.4539,4.38811,4.57549,2.74094,-1.1119728727656502,-0.9611023983238314,-1.093762532772465,-0.39545477795823986,-0.4622775138605266,-0.3641162980958024,-0.11001290069120637,-0.3870370918189913,-0.8669128065047171,1.3850298141763753,-0.40387272380744554,-0.6357229432289523,3,-0.31632603250270985
1422,0.7165616374814053,1,0,0,0,0,0,0,0,0.8106023613443576,-0.9912932490139523,2.3655,0.592724,1.4539,5.01828,5.03239,-0.22880883999338217,-0.1264514691796242,-0.12307264996175185,-0.14493997780461615,-0.2351965830351399,-0.3641162980958024,-0.11001290069120637,-0.3870370918189913,-0.8669128065047171,1.3850298141763753,-0.40387272380744554,-0.6357229432289523,3,-0.31632603250270985
1423,0.9536468839281345,1,0,0,0,0,0,0,0,0.8077343094512417,-1.002429517588032,2.74094,4.38811,11.1392,2.3655,0.592724,0.3123464973293129,0.7254553023463121,0.3425903347748956,0.016563898954805232,-0.11235836738453742,-0.3641162980958024,-0.11001290069120637,-0.3870370918189913,-0.8669128065047171,1.3850298141763753,-0.40387272380744554,0.5644988738891453,2,-0.31632603250270985
1424,0.09685631131599112,1,0,0,0,0,0,0,0,0.8004532888374213,-1.0007994019103768,5.01828,11.1392,0.592724,1.4539,2.3655,0.3123464973293129,0.5334054938756956,0.04321233726082879,-0.22451379121217824,-0.4622775138605266,-0.3641162980958024,-0.11001290069120637,-0.3870370918189913,-0.8669128065047171,1.3850298141763753,-0.40387272380744554,0.5644988738891453,2,-0.31632603250270985
1425,-0.22363785516380846,1,0,0,0,0,0,0,0,0.7827278813615245,-0.9976080648889567,1.85133,1.40704,1.66842,3.56282,2.76487,-0.6165702793405642,0.5422413243384719,0.06510329584789566,-0.2332056553250031,-0.5024065659834673,-0.3641162980958024,-0.11001290069120637,1.4728290102938495,-0.8669128065047171,0.4150033169688831,-0.40387272380744554,0.5644988738891453,2,-0.31632603250270985
1426,-0.23783655900705644,1,0,0,0,0,0,0,0,0.7871587562049532,-0.9979444741521782,1.88907,1.66842,3.56282,4.57549,1.40704,-0.6165702793405642,0.3526791805891681,0.00734623896757175,-0.183782816523989,-0.2286917160851992,-0.3641162980958024,-0.11001290069120637,1.4728290102938495,-0.8669128065047171,-0.5550231802386093,-0.40387272380744554,1.764720691007243,2,-0.31632603250270985
1428,0.7379951339824607,1,0,0,0,0,0,0,0,0.8063181962382152,-0.9534209991171844,2.51225,4.43926,2.92541,2.48997,2.95996,1.2724563789111132,0.9448324659873218,0.6786084604579617,0.6010959325325275,0.39438100390504155,-0.3641162980958024,-0.11001290069120637,-0.3870370918189913,-0.8669128065047171,-0.5550231802386093,0.9628281895925127,-0.6357229432289523,4,-0.31632603250270985
1429,0.01081758365535576,1,0,0,0,0,0,0,0,0.803511223379718,-0.9438304336164159,4.03803,4.44508,1.51293,1.11243,1.86044,0.6935722044417455,0.3551983257564218,0.31782080511573374,0.4728115285531306,0.33010705541190777,2.077028990750787,-0.11001290069120637,1.4728290102938495,-0.8669128065047171,0.4150033169688831,-0.40387272380744554,-0.6357229432289523,1,-0.31632603250270985
1434,-0.5842085592560696,1,0,0,0,0,0,0,0,0.7795314450656988,-0.9457461708997855,0.871103,2.04732,0.279584,0.254157,1.11243,-0.295537935405798,-0.442915841583286,-0.4759888556505153,-0.43103108614980307,-0.6157220480332225,2.077028990750787,-0.11001290069120637,-0.3870370918189913,-0.8669128065047171,-0.5550231802386093,-0.40387272380744554,2.9649425081253407,0,-0.31632603250270985
1435,-0.6066217437488532,1,0,0,0,0,0,0,0,0.7785255578295104,-0.9406914309626974,0.279584,0.930677,2.04732,0.254157,0.169474,-0.9503941804630531,-0.8212459626084679,-1.11531530286101,-1.1892751165597097,-0.8541528966333533,0.8564563463274925,-0.11001290069120637,-0.3870370918189913,-0.8669128065047171,-0.5550231802386093,-0.40387272380744554,4.165164325243438,0,-0.31632603250270985
1436,-0.16410036488309865,1,0,0,0,0,0,0,0,0.7841310580812906,-0.9406291173301567,1.11243,0.871103,0.930677,0.279584,1.51293,-0.6225090001202336,-0.7960359260298285,-0.8091214435566622,-0.9982880729118223,-1.0819343388617861,2.077028990750787,-0.11001290069120637,-0.3870370918189913,-0.8669128065047171,-0.5550231802386093,-0.40387272380744554,2.9649425081253407,0,-0.31632603250270985
1437,-0.5158286700239062,1,0,0,0,0,0,0,0,0.7884205590712776,-0.939610456332059,1.51293,2.04732,2.49251,0.871103,0.930677,-0.8418314229286157,-1.0665677970256169,-0.39007148498359284,-0.5470112887354561,-0.6157220480332225,2.077028990750787,-0.11001290069120637,1.4728290102938495,-0.8669128065047171,-0.5550231802386093,-0.40387272380744554,1.764720691007243,0,-0.31632603250270985
1438,-0.36515085101964534,1,0,0,0,0,0,0,0,0.7919713645044529,-0.9386125013241734,1.11243,4.03803,2.49251,2.04732,1.86044,-0.8418314229286157,-0.3978430264669805,-0.6252598318426477,-0.8696186149955745,-0.6384055592813287,2.077028990750787,-0.11001290069120637,3.3326951124066904,-0.8669128065047171,0.4150033169688831,-0.40387272380744554,-0.6357229432289523,0,-0.31632603250270985
1439,0.5848530460281927,1,0,0,0,0,0,0,0,0.7990552852367451,-0.9368031172446789,1.51293,1.86044,2.51225,2.49251,1.11243,0.2687840670051,-0.16897522872887627,-0.49367955386510626,-0.4655111475952615,-0.6151935869278452,2.077028990750787,-0.11001290069120637,3.3326951124066904,-0.8669128065047171,-0.5550231802386093,-0.40387272380744554,-0.6357229432289523,1,-0.31632603250270985
1440,-0.8705916001037609,1,0,0,0,0,0,0,0,0.7692736807537415,-0.9384552132306396,0.254157,0.279584,0.871103,2.81616,0.930677,-0.8504679170439261,-0.20824308396916022,-0.33033770993913836,-0.6167846539687285,-0.3221691876012358,-0.3641162980958024,-0.11001290069120637,-0.3870370918189913,-0.8669128065047171,-0.5550231802386093,-0.40387272380744554,4.165164325243438,1,-0.31632603250270985
1441,-0.838731800486438,1,0,0,0,0,0,0,0,0.7729166678153868,-0.9379728087205221,0.169474,0.279584,0.871103,2.81616,0.930677,-0.8504679170439261,-1.0498932083328405,-0.9739917897725734,-0.9703448289242678,-0.6838785896008543,-0.3641162980958024,-0.11001290069120637,-0.3870370918189913,-0.8669128065047171,-0.5550231802386093,-0.40387272380744554,4.165164325243438,1,-0.31632603250270985
1442,-0.8291655460449366,1,0,0,0,0,0,0,0,0.7774077471916646,-0.9377348348705257,0.871103,0.254157,2.04732,2.81616,0.169474,-0.9503941804630531,-1.0498932083328405,-0.7585645692137901,-0.9685603789577656,-1.0756621948802327,0.8564563463274925,-0.11001290069120637,-0.3870370918189913,-0.8669128065047171,-0.5550231802386093,-0.40387272380744554,2.9649425081253407,1,-0.31632603250270985
1444,0.12515590069302104,1,0,0,0,0,0,0,0,0.7747367862055323,-0.9311086547967905,0.254157,0.279584,1.46501,0.353378,0.169474,0.3348679497472039,-0.34593993282336205,-0.340840828993207,-0.6256268033732308,-0.8524658629568522,-0.3641162980958024,-0.11001290069120637,-0.3870370918189913,-0.8669128065047171,-0.5550231802386093,-0.40387272380744554,4.165164325243438,1,-0.31632603250270985
1446,0.0033909166212880352,1,0,0,0,0,0,0,0,0.7905367645790827,-0.9311813805713982,1.86044,3.02744,1.51293,1.11243,1.41922,-0.0409343562280492,-0.3057698998230504,-0.6252598318426477,-0.6716004585088244,-0.7338417745191732,2.077028990750787,-0.11001290069120637,5.192561214519531,-0.8669128065047171,-0.5550231802386093,-0.40387272380744554,-0.6357229432289523,0,-0.31632603250270985
1447,-0.23440915593307682,1,0,0,0,0,0,0,0,0.7965581022423754,-0.9293569983606409,2.49251,1.41922,4.03803,3.02744,1.51293,-0.0409343562280492,-0.27763189260685783,-0.5715848740875074,-0.5830077562020798,-0.6384055592813287,0.8564563463274925,-0.11001290069120637,5.192561214519531,-0.8669128065047171,0.4150033169688831,-0.40387272380744554,-0.6357229432289523,0,-0.31632603250270985
1448,0.20464456386211022,1,0,0,0,0,0,0,0,0.7885163181897178,-0.9241866365773875,1.41922,3.60445,2.49251,1.86044,2.31944,-0.05342708134750387,-0.3283390137114485,-0.6902008637167661,-0.5830077562020798,-0.6576542114515244,0.8564563463274925,-0.11001290069120637,5.192561214519531,-0.04389014208798146,-0.5550231802386093,-0.40387272380744554,-0.6357229432289523,0,-0.31632603250270985
1449,-0.4004068270967722,1,0,0,0,0,0,0,0,0.7944590390293057,-0.922263303473339,3.02744,1.86044,2.31944,2.49251,3.60445,-0.05342708134750387,-0.27763189260685783,-0.6238987136426943,-0.4860817413589691,-0.6720730353231273,0.8564563463274925,-0.11001290069120637,5.192561214519531,-0.04389014208798146,-0.5550231802386093,-0.40387272380744554,-0.6357229432289523,0,-0.31632603250270985
1451,-0.06172221729898006,1,0,0,0,0,0,0,0,0.7926988710524,-0.9148871351066146,1.41922,3.60445,3.19744,3.02744,1.86044,0.4934137449903246,-0.12876300096663731,-0.25118954763811296,-0.40213642697357765,0.1669544130638629,0.8564563463274925,-0.11001290069120637,5.192561214519531,-0.04389014208798146,-0.5550231802386093,-0.40387272380744554,-0.6357229432289523,0,-0.31632603250270985
1452,0.42172972826572713,1,0,0,0,0,0,0,0,0.7848241114770431,-0.9179223915709396,3.02744,1.59664,2.31944,1.41922,0.353378,0.3614207501873996,-0.2814291712017842,-0.5367164603323296,-0.418023438635764,-0.3495716392758376,-0.3641162980958024,-0.11001290069120637,3.3326951124066904,-0.04389014208798146,0.4150033169688831,-0.40387272380744554,0.5644988738891453,0,-0.31632603250270985
1453,-0.33365711761428535,1,0,0,0,0,0,0,0,0.777491376316191,-0.9205464683908958,0.353378,1.46501,3.60445,3.18545,0.570439,-0.48897744972245266,-0.3408515831547025,-0.6690947812165124,-0.5802142493742773,-0.6175039648396892,0.8564563463274925,-0.11001290069120637,-0.3870370918189913,-0.8669128065047171,0.4150033169688831,-0.40387272380744554,0.5644988738891453,2,-0.31632603250270985
1454,-0.719738836815263,1,0,0,0,0,0,0,0,0.7671802002333857,-0.9242245158992733,1.46501,0.353378,5.46919,2.81616,1.59664,-0.9215608918171942,-0.6641861376983048,-0.38942992317006253,-0.4438698304237795,-0.6175039648396892,-0.3641162980958024,-0.11001290069120637,-0.3870370918189913,-0.8669128065047171,0.4150033169688831,-0.40387272380744554,0.5644988738891453,3,-0.31632603250270985
1455,-0.383179517902752,1,0,0,0,0,0,0,0,0.7704404652527636,-0.9231789741555373,0.353378,0.570439,1.59664,2.81616,5.46919,-1.1390672322981983,-1.2909422649042666,-0.7206205325018129,-0.6279550110112352,-0.8601192155625762,-0.3641162980958024,-0.11001290069120637,-0.3870370918189913,-0.8669128065047171,0.4150033169688831,-0.40387272380744554,0.5644988738891453,3,-0.31632603250270985
1456,-0.8014024524729005,1,0,0,0,0,0,0,0,0.7730277227051277,-0.9223508496351659,1.46501,1.59664,0.570439,2.81616,5.46919,-1.1390672322981983,-0.9663809351552572,-1.0009870691640612,-0.6256268033732308,-0.6943690131857552,-0.3641162980958024,-0.11001290069120637,-0.3870370918189913,-0.8669128065047171,0.4150033169688831,-0.40387272380744554,-0.6357229432289523,4,-0.31632603250270985
1459,-0.39346172712469063,1,0,0,0,0,0,0,0,0.43731144973599967,-0.8802228262953016,0.786467,1.28928,1.79841,1.92733,4.23473,-0.23420493338458007,-0.6449701196295762,-0.6009638325391025,-0.44292790909911517,-0.6066246179355189,-0.3641162980958024,-0.11001290069120637,-0.3870370918189913,0.7791325223287542,-0.5550231802386093,-0.40387272380744554,-0.6357229432289523,1,3.7926173271939483
1461,-0.2577463472260464,1,0,0,0,0,0,0,0,0.444769652508068,-0.877049736844175,1.43768,1.40125,0.981803,1.28928,0.786467,0.528666702214416,-0.031240474649846504,-0.4102222610824796,-0.22757504094359457,-0.4519684216237563,-0.3641162980958024,-0.11001290069120637,-0.3870370918189913,1.6021551867454897,-0.5550231802386093,-0.40387272380744554,0.5644988738891453,1,-0.31632603250270985
1463,1.0755435464933791,1,0,0,0,0,0,0,0,0.4376589156673838,-0.867185905635587,2.51838,4.67631,4.23473,0.786467,2.80056,0.7443607498879453,0.05679672515050257,-0.22231656865222593,-0.2418116586868599,-0.4928244132128177,-0.3641162980958024,-0.11001290069120637,-0.3870370918189913,1.6021551867454897,0.4150033169688831,-0.40387272380744554,0.5644988738891453,0,-0.31632603250270985
1464,0.013123838413148887,1,0,0,0,0,0,0,0,0.4333478070444935,-0.8599019549464394,3.03299,5.34228,2.80056,4.67631,4.23473,0.636437116287841,-0.04102446714664109,-0.1976812777117948,0.02704766704942997,-0.09431863376234083,-0.3641162980958024,-0.11001290069120637,-0.3870370918189913,2.4251778511622253,-0.5550231802386093,-0.40387272380744554,0.5644988738891453,0,-0.31632603250270985
1465,-0.5649737173723947,1,0,0,0,0,0,0,0,0.4536928817123183,-0.8751443066874195,1.40125,1.79841,4.67631,4.92774,1.43768,-0.8818615582215577,0.017117267248364407,0.7001572925580513,0.5581661958152409,0.37771299550508786,-0.3641162980958024,-0.11001290069120637,-0.3870370918189913,1.6021551867454897,-0.5550231802386093,-0.40387272380744554,0.5644988738891453,0,1.7381456473456194
1466,-0.4071675771779371,1,0,0,0,0,0,0,0,0.4520387711043034,-0.8721777793172593,0.981803,1.79841,4.67631,4.92774,5.34228,-0.8818615582215577,-0.031240474649846504,-0.008653145388497064,0.00376833076935639,0.07075459148250511,-0.3641162980958024,-0.11001290069120637,-0.3870370918189913,2.4251778511622253,-0.5550231802386093,-0.40387272380744554,-0.6357229432289523,0,1.7381456473456194
1468,0.8249894712817248,1,0,0,0,0,0,0,0,0.446039556570775,-0.8633586722553692,4.92774,5.34228,3.03299,1.40125,2.51838,0.4319273558837874,0.05679672515050257,-0.3070635757656587,-0.3334539564864584,-0.2681328847352833,-0.3641162980958024,-0.11001290069120637,-0.3870370918189913,2.4251778511622253,0.4150033169688831,-0.40387272380744554,-0.6357229432289523,0,-0.31632603250270985
1469,0.2067326085449408,1,0,0,0,0,0,0,0,0.4406940943862749,-0.8558172957344603,2.51838,4.67631,5.34228,4.92774,2.80056,0.636437116287841,0.13608570036204853,0.259869345074891,0.008345269454343518,0.6021870183182965,-0.3641162980958024,-0.11001290069120637,-0.3870370918189913,1.6021551867454897,0.4150033169688831,-0.40387272380744554,0.5644988738891453,0,-0.31632603250270985
1470,0.9195835387779578,1,0,0,0,0,0,0,0,0.4530329360017862,-0.85996868055869,4.67631,1.40125,3.03299,0.848327,3.36797,0.4319273558837874,0.9189004537937806,0.3768853488840437,0.2691460638606325,0.050346948978947516,-0.3641162980958024,-0.11001290069120637,-0.3870370918189913,3.248200515578961,-0.5550231802386093,-0.40387272380744554,-0.6357229432289523,0,-0.31632603250270985
1472,-0.6151906276580693,1,0,0,0,0,0,0,0,0.46716979738666725,-0.8565841813652563,1.21675,3.36797,5.31207,4.52104,4.92774,-1.0640576300548124,-0.7347986195013394,0.053476838489341955,0.21663648060947252,-0.048407852901463135,-0.3641162980958024,-0.11001290069120637,-0.3870370918189913,2.4251778511622253,0.4150033169688831,-0.40387272380744554,-0.6357229432289523,0,-0.31632603250270985
1473,-0.47658095447203486,1,0,0,0,0,0,0,0,0.4687281493365153,-0.8589604925426059,0.848327,3.36797,5.31207,4.92774,4.52104,-1.0640576300548124,-0.06135577812257721,0.288022474067821,0.47000515567037304,0.3571485594875417,-0.3641162980958024,-0.11001290069120637,-0.3870370918189913,3.248200515578961,-0.5550231802386093,-0.40387272380744554,-0.6357229432289523,0,-0.31632603250270985
1474,3.214762254145333,1,0,0,0,0,0,0,0,0.4749944715116963,-0.8782311772723411,11.4926,1.21675,0.981803,1.40125,0.848327,3.890632979913586,2.853935902752339,2.05499762791989,1.9003934954779222,1.5237894906000935,-0.3641162980958024,-0.11001290069120637,-0.3870370918189913,2.4251778511622253,0.4150033169688831,-0.40387272380744554,-0.6357229432289523,0,-0.31632603250270985
1475,3.389443181395466,1,0,0,0,0,0,0,0,0.4926455850270414,-0.871168960631356,11.0283,0.968707,1.21675,0.848327,5.31207,3.890632979913586,3.593609251590522,3.185966367400105,2.9606375520483104,2.4175443779603625,-0.3641162980958024,-0.11001290069120637,-0.3870370918189913,2.4251778511622253,0.4150033169688831,-0.40387272380744554,-0.6357229432289523,0,-0.31632603250270985
1476,-0.18004474932604642,1,0,0,0,0,0,0,0,0.8392654264384294,-1.1903575517544378,1.51203,0.438817,2.29503,1.69202,1.11975,-0.1035113094382056,-0.5762215927933397,-0.8793525634643266,-1.0915744445520417,-0.8952703404368568,-0.3641162980958024,-0.11001290069120637,1.4728290102938495,-0.8669128065047171,-0.5550231802386093,-0.40387272380744554,2.9649425081253407,1,-0.31632603250270985
1477,-0.3654894528601044,1,0,0,0,0,0,0,0,0.8360567372639454,-1.1854763481784714,2.00494,1.69202,0.438817,2.29503,0.464063,-0.1035113094382056,-0.34250941044392846,-0.1433181119321159,-0.030693362347473958,-0.18004440670089195,-0.3641162980958024,-0.11001290069120637,3.3326951124066904,-0.8669128065047171,-0.5550231802386093,-0.40387272380744554,1.764720691007243,1,-0.31632603250270985
1479,-0.2977728470109735,1,0,0,0,0,0,0,0,0.8436443168090381,-1.1854018844637835,0.438817,0.464063,2.00494,1.51203,1.11975,-0.5533459103454705,-0.5828345250191004,-0.863788585328291,-0.9659232119016078,-1.0732911287316012,-0.3641162980958024,-0.11001290069120637,1.4728290102938495,-0.8669128065047171,-0.5550231802386093,-0.40387272380744554,1.764720691007243,2,-0.31632603250270985
1480,-0.7597600694604496,1,0,0,0,0,0,0,0,0.8495697610702369,-1.1879878878143928,1.11975,0.438817,1.69202,2.29503,2.00494,-0.7531752618414382,-1.1458507441734003,-0.9304462946682704,-0.558461090178499,-0.6860993352095829,-0.3641162980958024,-0.11001290069120637,1.4728290102938495,-0.8669128065047171,-0.5550231802386093,-0.40387272380744554,1.764720691007243,2,-0.31632603250270985
1481,-0.7692582273095921,1,0,0,0,0,0,0,0,0.8457334979409583,-1.189290802445726,1.11975,0.464063,1.69202,2.00494,2.29503,-0.8510214790407966,-1.1458507441734003,-1.3048999722479413,-1.1455862485311443,-1.2931296772055751,-0.3641162980958024,-0.11001290069120637,3.3326951124066904,-0.8669128065047171,-0.5550231802386093,-0.40387272380744554,0.5644988738891453,2,-0.31632603250270985
1482,-0.07090585166076287,1,0,0,0,0,0,0,0,0.8435169769974854,-1.1953157100740357,1.11975,2.00494,0.438817,0.940125,0.464063,-0.031284072483807504,-0.523910343069742,-0.8759078574488048,-0.6362711098559125,-0.7995322331630798,-0.3641162980958024,-0.11001290069120637,1.4728290102938495,-0.8669128065047171,-0.5550231802386093,-0.40387272380744554,1.764720691007243,2,-0.31632603250270985
1483,-0.5130747083881729,1,0,0,0,0,0,0,0,0.8484750763002493,-1.1915851498921544,0.438817,0.464063,2.29503,1.69202,2.00494,-0.8510214790407966,-1.1646048727218201,-0.9652568012093036,-0.8600953153589508,-0.8952703404368568,-0.3641162980958024,-0.11001290069120637,3.3326951124066904,-0.8669128065047171,-0.5550231802386093,-0.40387272380744554,1.764720691007243,1,-0.31632603250270985
1486,-0.5806539923797843,1,0,0,0,0,0,0,0,0.8479293388218855,-1.20314059478016,1.01008,1.38484,2.29503,6.0766,1.11975,-0.769623046269971,-0.13169579764330472,-0.3502211200631282,-0.23460930442349764,-0.4051121951473055,-0.3641162980958024,-0.11001290069120637,-0.3870370918189913,-0.04389014208798146,-0.5550231802386093,-0.40387272380744554,2.9649425081253407,1,-0.31632603250270985
1487,-0.5543352237694396,1,0,0,0,0,0,0,0,0.8462247714873636,-1.206468255470631,0.940125,1.38484,1.42175,2.29503,6.0766,-0.769623046269971,-1.0351784846900616,-0.2944164634314401,-0.14842688670725787,-0.13897699598811103,-0.3641162980958024,-0.11001290069120637,-0.3870370918189913,-0.04389014208798146,-0.5550231802386093,-0.40387272380744554,4.165164325243438,0,-0.31632603250270985
1488,-0.41334141740230645,1,0,0,0,0,0,0,0,0.8444343341359549,-1.2103945725249714,1.01008,1.42175,0.940125,1.95526,2.40859,-0.5806725410892024,-0.8813950911832518,-0.5392595168520152,-0.4984302321629579,-0.10237059304322044,0.8564563463274925,-0.11001290069120637,-0.3870370918189913,-0.04389014208798146,-0.5550231802386093,-0.40387272380744554,2.9649425081253407,0,-0.31632603250270985
1489,-0.39945497970081517,1,0,0,0,0,0,0,0,0.8413741635402542,-1.2143674075166047,1.38484,1.95526,1.01008,2.40859,0.940125,-0.37570619543234113,-0.5659514808562918,-0.2944164634314401,-0.17629071873596558,-0.1958196134256794,0.8564563463274925,-0.11001290069120637,-0.3870370918189913,-0.04389014208798146,-0.5550231802386093,-0.40387272380744554,2.9649425081253407,0,-0.31632603250270985
1490,-0.19873557091938393,1,0,0,0,0,0,0,0,0.8441741511347992,-1.219969427400343,2.40859,1.42175,1.38484,3.755,1.01008,-0.1558747780789763,-0.5659514808562918,-0.19474105925061114,-0.047679902621258395,-0.05129837590330505,0.8564563463274925,-0.11001290069120637,-0.3870370918189913,-0.04389014208798146,-0.5550231802386093,-0.40387272380744554,2.9649425081253407,0,-0.31632603250270985
1491,-0.02818182388017906,1,0,0,0,0,0,0,0,0.8491930521886079,-1.2229682983453136,1.95526,3.755,1.42175,0.720617,1.38484,-0.1558747780789763,-0.23883635568217634,0.16862191388216577,-0.16426461391698544,-0.10237059304322044,2.077028990750787,-0.11001290069120637,-0.3870370918189913,-0.04389014208798146,-0.5550231802386093,-0.40387272380744554,1.764720691007243,0,-0.31632603250270985
1492,0.4783702916891765,1,0,0,0,0,0,0,0,0.856934999229078,-1.2209366511607231,0.720617,2.40859,0.980625,1.95526,2.5824,0.0650086821431692,-0.23883635568217634,-0.2806514181810023,-0.047679902621258395,0.002438108771959768,2.077028990750787,-0.11001290069120637,-0.3870370918189913,0.7791325223287542,-0.5550231802386093,-0.40387272380744554,-0.6357229432289523,1,-0.31632603250270985
1494,1.35181255036656,1,0,0,0,0,0,0,0,0.8596594969943825,-1.2026720073462358,6.53704,0.940125,0.980625,1.01008,1.11975,0.6871085116595745,0.6088101960014065,0.3017066253871947,0.16935477399783178,0.22299582329765574,2.077028990750787,-0.11001290069120637,-0.3870370918189913,-0.8669128065047171,-0.5550231802386093,-0.40387272380744554,1.764720691007243,1,-0.31632603250270985
1495,1.525041251945391,1,0,0,0,0,0,0,0,0.8673301727487057,-1.206543638572103,6.0766,0.980625,1.87041,3.755,5.03571,0.6871085116595745,-0.034423145600891,0.11757160936882338,0.9686685105299034,0.6822582117717472,2.077028990750787,-0.11001290069120637,-0.3870370918189913,1.6021551867454897,-0.5550231802386093,-0.40387272380744554,-0.6357229432289523,0,-0.31632603250270985
1496,-0.5654169095591288,1,0,0,0,0,0,0,0,0.8634227562502322,-1.214055400734316,6.53704,3.755,1.87041,6.0766,0.720617,0.7531591560284522,0.16654569501347238,-0.15261403838522522,-0.058304442261020994,-0.3079864674798628,2.077028990750787,-0.11001290069120637,-0.3870370918189913,1.6021551867454897,-0.5550231802386093,-0.40387272380744554,-0.6357229432289523,0,-0.31632603250270985
1498,-0.6632382288192034,1,0,0,0,0,0,0,0,0.8609047285833571,-1.225959720622329,3.755,2.5824,0.376312,2.40859,0.980625,0.0650086821431692,0.016030198190879738,-0.2848710913941878,-0.16426461391698544,-0.3079864674798628,2.077028990750787,-0.11001290069120637,-0.3870370918189913,-0.04389014208798146,-0.5550231802386093,-0.40387272380744554,-0.6357229432289523,2,-0.31632603250270985
1500,-0.7620761060491892,0,1,0,0,0,0,0,0,0.8724194932037546,-1.179449009754673,0.474469,2.64992,0.533988,3.16214,11.7233,0.5740356844859537,1.1605923156781353,1.0128062876568737,0.6150297247953823,0.7475356338828323,-0.3641162980958024,-0.11001290069120637,-0.3870370918189913,-0.8669128065047171,-0.5550231802386093,2.329529102992471,0.5644988738891453,2,-0.31632603250270985
1502,3.4762381198331265,0,1,0,0,0,0,0,0,0.8916982001920267,-1.1762478754169696,0.533988,0.474469,1.10064,12.0,0.983664,1.03340396156896,0.625099564458287,0.14037054679305108,0.23271768485782243,0.39870498399085763,-0.3641162980958024,-0.11001290069120637,-0.3870370918189913,-0.8669128065047171,-0.5550231802386093,-0.40387272380744554,0.5644988738891453,4,-0.31632603250270985
1503,-0.7558450797362091,0,1,0,0,0,0,0,0,0.8807146116749694,-1.1803101463765777,0.457907,0.533988,11.7233,0.954742,1.10064,0.5740356844859537,-0.14514493753470611,0.11696510143530238,1.105640081476483,0.9238749347291719,-0.3641162980958024,-0.11001290069120637,-0.3870370918189913,-0.8669128065047171,-0.5550231802386093,-0.40387272380744554,-0.6357229432289523,5,-0.31632603250270985
1504,-0.5202643541339194,0,1,0,0,0,0,0,0,0.8936921619294931,-1.1652493881706774,11.7233,0.954742,0.983664,12.0,0.474469,1.668163743655452,0.7516724612636132,0.34676125099458865,1.0744250851523245,0.9238749347291719,-0.3641162980958024,-0.11001290069120637,-0.3870370918189913,-0.8669128065047171,-0.5550231802386093,-0.40387272380744554,0.5644988738891453,4,-0.31632603250270985
1505,-0.5751547222664628,0,1,0,0,0,0,0,0,0.8817543789339397,-1.1622411688992564,1.10064,3.16214,3.60325,11.7233,1.67102,1.8008870036311595,1.1555046467945616,1.0645813069533494,0.8640675420112314,0.6568066561804033,-0.3641162980958024,-0.11001290069120637,-0.3870370918189913,-0.8669128065047171,-0.5550231802386093,0.9628281895925127,-0.6357229432289523,3,1.7381456473456194
1507,0.4212782591451152,0,1,0,0,0,0,0,0,0.8737485867130853,-1.1486623517736019,1.67102,0.954742,3.16214,3.113,2.07462,1.5782696446264015,1.71794419326856,1.3455818255740868,1.0794158290161628,0.7980129851567271,-0.3641162980958024,-0.11001290069120637,-0.3870370918189913,-0.8669128065047171,-0.5550231802386093,2.329529102992471,-0.6357229432289523,2,1.7381456473456194
1508,-0.30567355662168383,0,1,0,0,0,0,0,0,0.8643531327977678,-1.1550792263916871,3.113,3.16214,0.374847,3.60325,1.48215,0.33690097150061715,0.37606169474499684,-0.011154310394006542,-0.2531853846323425,-0.31239066159216683,-0.3641162980958024,-0.11001290069120637,-0.3870370918189913,-0.8669128065047171,-0.5550231802386093,3.696230016392429,-0.6357229432289523,2,-0.31632603250270985
1509,0.6651769270704141,1,0,0,0,0,0,0,0,0.6593450772604913,-0.8301189129740982,0.482446,3.94832,3.83729,1.30013,3.853,-0.3246589445845258,0.47142931767232477,0.01888446003660759,-0.033374626696219746,0.06703216544978494,0.8564563463274925,-0.11001290069120637,-0.3870370918189913,-0.04389014208798146,-0.5550231802386093,-0.40387272380744554,0.5644988738891453,2,-0.31632603250270985
1510,-0.7528439387569407,1,0,0,0,0,0,0,0,0.6639787531905964,-0.827525175706686,4.25153,3.83729,1.30013,3.25941,3.94832,-0.3246589445845258,-0.20472846030791106,0.1427520561090798,0.5410426514416273,0.25679103036644657,0.8564563463274925,-0.11001290069120637,-0.3870370918189913,-0.8669128065047171,-0.5550231802386093,-0.40387272380744554,0.5644988738891453,3,-0.31632603250270985
1511,0.5093297866351456,1,0,0,0,0,0,0,0,0.6704256576702489,-0.8322427301437065,1.30013,0.482446,3.25941,1.79247,4.25153,-0.28733211105798934,-0.20472846030791106,-0.14312441223435524,-0.3129394746519556,-0.5731616719848637,-0.3641162980958024,-0.11001290069120637,-0.3870370918189913,0.7791325223287542,-0.5550231802386093,-0.40387272380744554,0.5644988738891453,2,-0.31632603250270985
1512,-0.44521137507484315,1,0,0,0,0,0,0,0,0.6696376110851787,-0.837356559868445,3.25941,3.83729,3.04347,1.79247,0.482446,-0.45428133358150813,-0.8150892469257898,-0.10241402805379349,-0.23555515267225857,-0.47349529766193427,2.077028990750787,-0.11001290069120637,-0.3870370918189913,0.7791325223287542,-0.5550231802386093,-0.40387272380744554,-0.6357229432289523,1,-0.31632603250270985
1513,0.291917307119085,1,0,0,0,0,0,0,0,0.6687716506556604,-0.8419409399517557,1.30013,3.83729,2.63685,3.04347,2.96661,-0.45428133358150813,0.3251496201996055,0.06427430501563051,-0.24837142123527908,-0.2844886191723715,4.5181742795973765,-0.11001290069120637,-0.3870370918189913,-0.8669128065047171,-0.5550231802386093,-0.40387272380744554,-0.6357229432289523,1,-0.31632603250270985
1514,0.46532283410348924,1,0,0,0,0,0,0,0,0.6848251417795587,-0.8314260914887835,1.79247,3.04347,2.524,1.56902,1.17712,-0.2556596094511562,0.15489019945336258,-0.10010934613424094,-0.34199700657279514,-0.31562073300343796,0.8564563463274925,-0.11001290069120637,-0.3870370918189913,1.6021551867454897,-0.5550231802386093,-0.40387272380744554,-0.6357229432289523,1,-0.31632603250270985
1515,-0.2599811193730759,1,0,0,0,0,0,0,0,0.6811849641584388,-0.8354391722110596,3.04347,3.72032,2.63685,3.83729,1.30013,-0.635420741234866,-0.7913258102389551,-0.3219978919689614,-0.3129394746519556,-0.5064674366488835,4.5181742795973765,-0.11001290069120637,-0.3870370918189913,-0.8669128065047171,-0.5550231802386093,-0.40387272380744554,-0.6357229432289523,1,-0.31632603250270985
1516,0.21067543886495252,1,0,0,0,0,0,0,0,0.6801097154491889,-0.8394145272198651,1.79247,2.63685,3.72032,2.96661,1.30013,-0.635420741234866,-0.8711692633434128,-0.2907580117304694,-0.5102888616953434,-0.6707608900382284,3.2976016351740816,-0.11001290069120637,-0.3870370918189913,-0.04389014208798146,-0.5550231802386093,-0.40387272380744554,-0.6357229432289523,1,-0.31632603250270985
1517,0.05769512734557027,1,0,0,0,0,0,0,0,0.6800196124193844,-0.8443516196684983,2.96661,3.04347,1.79247,3.01173,3.25941,-0.4775861182814507,-0.8711692633434128,-0.3219978919689614,-0.5379257155188631,-0.5366400842284319,2.077028990750787,-0.11001290069120637,-0.3870370918189913,-0.04389014208798146,-0.5550231802386093,-0.40387272380744554,-0.6357229432289523,2,-0.31632603250270985
1518,0.18175884168975281,1,0,0,0,0,0,0,0,0.6795633573391616,-0.8489157637863675,2.63685,3.01173,3.04347,0.734904,1.23368,-0.4775861182814507,-0.9038022989307071,-0.20811721059053137,-0.3709496805969303,-0.6017239011332204,4.5181742795973765,-0.11001290069120637,-0.3870370918189913,-0.8669128065047171,-0.5550231802386093,-0.40387272380744554,-0.6357229432289523,1,-0.31632603250270985
1519,0.1987340806247646,1,0,0,0,0,0,0,0,0.6784161930847842,-0.853598940940394,2.96661,2.63685,1.23368,0.734904,1.04366,-0.4055710812541425,0.21424522755071215,0.011815131497218119,-0.1472368741676586,-0.2582570104607432,5.738746924020671,-0.11001290069120637,-0.3870370918189913,-0.8669128065047171,-0.5550231802386093,-0.40387272380744554,-0.6357229432289523,0,-0.31632603250270985
1521,-0.4702114776287336,1,0,0,0,0,0,0,0,0.6896856188243319,-0.8532514940287942,0.734904,1.04366,2.62608,0.712018,2.96661,-1.1937862720649015,-0.9884068271497153,-0.3095636957099575,-0.5089043383057237,-0.6017239011332204,3.2976016351740816,-0.11001290069120637,-0.3870370918189913,-0.8669128065047171,-0.5550231802386093,-0.40387272380744554,-0.6357229432289523,2,-0.31632603250270985
1522,-0.6578631127140501,1,0,0,0,0,0,0,0,0.6903089356951544,-0.8509330228550263,1.04366,1.23368,2.62608,2.40403,2.96661,-1.2982055417659264,-1.4951891749958341,-0.2341328477563773,-0.5116068559236056,-0.6293495678410755,4.5181742795973765,-0.11001290069120637,-0.3870370918189913,-0.8669128065047171,-0.5550231802386093,-0.40387272380744554,-0.6357229432289523,1,-0.31632603250270985
1523,-0.5417016128776466,1,0,0,0,0,0,0,0,0.6907083494455865,-0.8488961077777039,0.734904,1.23368,1.17712,2.40403,2.62608,-1.2982055417659264,-0.9884068271497153,-0.4177799782992475,-0.5627071371879918,-0.6262355875178429,3.2976016351740816,-0.11001290069120637,-0.3870370918189913,-0.04389014208798146,-0.5550231802386093,-0.40387272380744554,-0.6357229432289523,1,-0.31632603250270985
1525,-0.49149072218024675,1,0,0,0,0,0,0,0,0.6931430382224206,-0.8406779934669963,1.56902,2.524,1.04366,0.734904,2.40403,-0.826443254043853,-0.047516292043886785,-0.4177799782992475,-0.30738367456518395,-0.3541175538875581,3.2976016351740816,-0.11001290069120637,-0.3870370918189913,-0.04389014208798146,-0.5550231802386093,-0.40387272380744554,-0.6357229432289523,1,-0.31632603250270985
1526,-0.3440484318737053,1,0,0,0,0,0,0,0,0.6940352785225703,-0.8372628692966418,1.17712,2.524,3.72032,1.04366,1.79247,-0.826443254043853,-0.9084016880610144,-0.018289430133482443,-0.03426282931827024,-0.303421448590284,2.077028990750787,-0.11001290069120637,-0.3870370918189913,1.6021551867454897,-0.5550231802386093,-0.40387272380744554,-0.6357229432289523,0,-0.31632603250270985
1527,0.015238218794681822,1,0,0,0,0,0,0,0,0.6954550318985355,-0.8326651077843776,1.56902,1.17712,3.72032,1.79247,3.04347,-0.41170126189846046,-0.047516292043886785,-0.10010934613424094,0.2661710670433604,0.32974830086040335,2.077028990750787,-0.11001290069120637,-0.3870370918189913,0.7791325223287542,-0.5550231802386093,-0.40387272380744554,-0.6357229432289523,1,-0.31632603250270985
1531,-0.029897406538504603,1,0,0,0,0,0,0,0,0.7004528534824666,-0.8503732197098206,2.62608,1.04366,0.712018,0.734904,1.60945,-0.20384240697788875,0.1820086570871085,-0.2235237560395232,-0.5116068559236056,-0.6983077520350314,3.2976016351740816,-0.11001290069120637,-0.3870370918189913,-0.8669128065047171,-0.5550231802386093,-0.40387272380744554,-0.6357229432289523,2,-0.31632603250270985
1532,0.05364319198807743,1,0,0,0,0,0,0,0,0.6990056287327282,-0.8556238203309814,0.712018,2.40403,1.47364,1.23368,0.734904,-0.6569157624391218,-0.7524480851527647,-0.7870618207793965,-0.6002262625083562,-0.7767445177673991,3.2976016351740816,-0.11001290069120637,-0.3870370918189913,-0.8669128065047171,-0.5550231802386093,-0.40387272380744554,-0.6357229432289523,2,-0.31632603250270985
1533,-0.6664733812926555,1,0,0,0,0,0,0,0,0.6974639379912597,-0.859392016949879,1.47364,2.62608,1.4211,2.40403,1.23368,-1.0651338974724474,-1.0923827114303404,-0.3493213409154209,-0.5239475375140143,-0.7545552360980483,2.077028990750787,-0.11001290069120637,-0.3870370918189913,-0.8669128065047171,-0.5550231802386093,-0.40387272380744554,-0.6357229432289523,3,-0.31632603250270985
1534,-0.37993270247701716,1,0,0,0,0,0,0,0,0.6969455098664538,-0.8621341431108404,0.712018,2.62608,1.4211,1.23368,2.40403,-1.0651338974724474,-0.4174754363587508,-0.6285973736092553,-0.1962706366730566,-0.2951203527599238,2.077028990750787,-0.11001290069120637,-0.3870370918189913,-0.8669128065047171,-0.5550231802386093,-0.40387272380744554,-0.6357229432289523,3,-0.31632603250270985
1535,-0.39969952547448,1,0,0,0,0,0,0,0,0.7039752036173759,-0.8658115836765926,1.47364,3.75426,0.712018,2.62608,1.60945,0.4861914856699664,0.05784842976510592,-0.3493213409154209,-0.19318058170901944,-0.21097908471249094,0.8564563463274925,-0.11001290069120637,-0.3870370918189913,-0.8669128065047171,-0.5550231802386093,-0.40387272380744554,-0.6357229432289523,4,-0.31632603250270985
1538,-0.32883768475175207,1,0,0,0,0,0,0,0,0.7100392045919268,-0.8544467448357354,5.54635,1.32121,2.40403,4.81166,2.62608,0.44488787219197024,0.15312723721500698,-0.13664988340685724,-0.3797163249613421,-0.6061208385352921,2.077028990750787,-0.11001290069120637,-0.3870370918189913,-0.8669128065047171,-0.5550231802386093,-0.40387272380744554,-0.6357229432289523,3,-0.31632603250270985
1539,1.1523196326961247,1,0,0,0,0,0,0,0,0.7129553625755314,-0.8475583351055701,1.64601,1.60945,4.81166,3.78155,2.40403,0.14287498880174282,-0.2657147949550748,0.03245779390017041,-0.1031206280840145,-0.325527139741456,3.2976016351740816,-0.11001290069120637,-0.3870370918189913,-0.8669128065047171,0.4150033169688831,-0.40387272380744554,-0.6357229432289523,1,-0.31632603250270985
1540,-0.31508292554377265,1,0,0,0,0,0,0,0,0.7155707750717711,-0.8415536429179646,6.07797,5.54635,3.78155,6.37991,1.60945,0.1125586181670958,-0.49231085364794686,0.2794864877798394,0.10642191947955759,-0.007446418173306899,2.077028990750787,-0.11001290069120637,-0.3870370918189913,-0.8669128065047171,0.4150033169688831,-0.40387272380744554,-0.6357229432289523,2,-0.31632603250270985
1541,1.3523279776125918,1,0,0,0,0,0,0,0,0.7181227085775085,-0.8356250699593202,1.64601,6.37991,5.54635,3.78155,4.81166,0.1125586181670958,0.9103471469895486,0.5057910255824737,0.5255804691105761,0.9868848040956191,0.8564563463274925,-0.11001290069120637,-0.3870370918189913,-0.8669128065047171,0.4150033169688831,-0.40387272380744554,-0.6357229432289523,3,-0.31632603250270985
1542,1.4659251328439191,1,0,0,0,0,0,0,0,0.7292296249016714,-0.8420331864031921,3.78155,3.41202,6.07797,1.64601,4.81166,0.6041536569035343,0.539709085040919,0.36430605427114904,0.10642191947955759,0.22549650518696623,2.077028990750787,-0.11001290069120637,-0.3870370918189913,-0.8669128065047171,1.3850298141763753,-0.40387272380744554,-0.6357229432289523,1,-0.31632603250270985
1543,0.4883590459827175,1,0,0,0,0,0,0,0,0.7253342162316303,-0.8490385903743051,4.81166,6.37991,1.14549,5.54635,1.64601,0.43657343914122865,-0.14621989561451348,-0.0538259180575326,-0.1031206280840145,-0.3634760070497421,0.8564563463274925,-0.11001290069120637,-0.3870370918189913,-0.8669128065047171,0.4150033169688831,-0.40387272380744554,-0.6357229432289523,3,-0.31632603250270985
1544,0.8759114258440885,1,0,0,0,0,0,0,0,0.7209225620323841,-0.8551606172940447,1.32121,3.78155,2.75718,1.60945,1.14549,-0.06163761456072512,-0.2719529982344014,-0.21425643901166058,-0.3797163249613421,-0.6220437356222136,4.5181742795973765,-0.11001290069120637,-0.3870370918189913,-0.8669128065047171,-0.5550231802386093,-0.40387272380744554,-0.6357229432289523,1,-0.31632603250270985
1545,-0.43728056752275873,1,0,0,0,0,0,0,0,0.7176430423368361,-0.8601505159528389,4.81166,1.40964,1.60945,3.75426,2.75718,-0.06163761456072512,0.10864366492850046,-0.29228669343209507,-0.562898876523308,-0.5931299694630883,0.8564563463274925,-0.11001290069120637,-0.3870370918189913,-0.8669128065047171,-0.5550231802386093,-0.40387272380744554,0.5644988738891453,3,-0.31632603250270985
1547,0.47809188573146577,1,0,0,0,0,0,0,0,0.7129293664150688,-0.8682650308628898,1.4211,1.32121,1.40964,1.60945,4.81166,0.8761410149892674,0.181759235618232,0.3665608706315714,0.3495345296072856,0.19684942100974334,2.077028990750787,-0.11001290069120637,-0.3870370918189913,-0.8669128065047171,-0.5550231802386093,-0.40387272380744554,0.5644988738891453,2,-0.31632603250270985
1548,0.3493328925329184,1,0,0,0,0,0,0,0,0.7383478007115455,-0.8484851554512183,3.0219,6.37991,1.14549,2.37797,3.78155,1.1633308401506979,0.539709085040919,0.08220242309671083,-0.16904321622501478,-0.29871085784203516,4.5181742795973765,-0.11001290069120637,-0.3870370918189913,-0.8669128065047171,-0.5550231802386093,-0.40387272380744554,-0.6357229432289523,1,-0.31632603250270985
1550,-0.5033906957510452,1,0,0,0,0,0,0,0,0.7316666362993562,-0.8573918487236469,2.75718,1.40964,2.37797,3.78155,4.81166,-0.46065800315991784,0.28015516529126666,-0.1036778603668509,-0.3735018867482845,-0.6220437356222136,2.077028990750787,-0.11001290069120637,-0.3870370918189913,-0.8669128065047171,-0.5550231802386093,-0.40387272380744554,0.5644988738891453,2,-0.31632603250270985
1551,0.10296619341494036,1,0,0,0,0,0,0,0,0.728777497322239,-0.8611580083698334,1.14549,1.40964,4.81166,3.28119,1.32121,-0.46065800315991784,-0.8554391697602856,-0.21425643901166058,-0.33937298894668305,-0.5931299694630883,2.077028990750787,-0.11001290069120637,-0.3870370918189913,-0.04389014208798146,-0.5550231802386093,-0.40387272380744554,0.5644988738891453,1,-0.31632603250270985
1552,-0.4040110555763248,1,0,0,0,0,0,0,0,0.7255590212940703,-0.865151959655021,2.75718,1.32121,1.14549,4.81166,3.45068,-0.3411114954396763,0.10864366492850046,-0.18213954165491186,-0.2508539500292694,-0.44573917631870275,2.077028990750787,-0.11001290069120637,1.4728290102938495,-0.8669128065047171,-0.5550231802386093,-0.40387272380744554,-0.6357229432289523,2,-0.31632603250270985
1555,0.670327437288063,1,0,0,0,0,0,0,0,0.726896361089997,-0.8796505899807008,0.483357,1.04568,3.45068,0.290323,2.58978,0.8636200342899675,0.4140170187509252,0.275730569009259,-0.046464434484867354,0.048769928130741776,0.8564563463274925,-0.11001290069120637,1.4728290102938495,-0.8669128065047171,-0.5550231802386093,-0.40387272380744554,-0.6357229432289523,3,-0.31632603250270985
1557,0.36387772270196894,1,0,0,0,0,0,0,0,0.7357551045310067,-0.8712622159649814,3.28119,1.22112,0.290323,1.04568,1.32529,-0.42484413819891387,0.011100556463189524,-0.30371124500548313,-0.3374042139859792,-0.5793520443703359,0.8564563463274925,-0.11001290069120637,-0.3870370918189913,0.7791325223287542,-0.5550231802386093,-0.40387272380744554,-0.6357229432289523,2,-0.31632603250270985
1558,0.3001114716581932,1,0,0,0,0,0,0,0,0.7379980734777859,-0.8670058878320858,3.45068,2.37797,1.32529,2.75718,1.22112,-0.42484413819891387,0.051714007256064405,-0.05748709221660311,-0.33937298894668305,-0.5787287371393668,2.077028990750787,-0.11001290069120637,1.4728290102938495,-0.04389014208798146,-0.5550231802386093,-0.40387272380744554,-0.6357229432289523,1,-0.31632603250270985
1560,0.20256028142195145,1,0,0,0,0,0,0,0,0.7459027290424654,-0.8549943301054069,2.37797,3.41202,2.55197,1.14549,3.28119,-0.18366923766039545,0.27332295438725945,-0.005621447294258585,0.24669870844560238,0.028930748031839853,3.2976016351740816,-0.11001290069120637,-0.3870370918189913,-0.04389014208798146,-0.5550231802386093,-0.40387272380744554,0.5644988738891453,0,-0.31632603250270985
1561,-0.03970181094112899,1,0,0,0,0,0,0,0,0.7421793008136774,-0.8592297408335948,3.0219,3.28119,1.14549,3.41202,2.55197,-0.18366923766039545,0.051714007256064405,-0.1036778603668509,-0.16904321622501478,-0.3731009814742914,3.2976016351740816,-0.11001290069120637,-0.3870370918189913,-0.04389014208798146,-0.5550231802386093,-0.40387272380744554,0.5644988738891453,0,-0.31632603250270985
1562,-0.5963801667477696,1,0,0,0,0,0,0,0,0.1675056711181322,-0.37917684645431093,1.88123,1.42385,0.807966,1.92214,1.91714,0.8666997398181497,0.5123033915929786,0.2525926562434554,-0.0986660445200921,0.38047770920504725,-0.3641162980958024,-0.11001290069120637,-0.3870370918189913,0.7791325223287542,0.4150033169688831,-0.40387272380744554,0.5644988738891453,1,-0.31632603250270985
1565,0.23785011768312414,1,0,0,0,0,0,0,0,0.14820718433194202,-0.39043471145469244,0.759583,2.34811,1.91714,1.92894,2.12837,0.22825055393190413,-0.41042585636334183,0.06145271107814942,0.06328698696566483,-0.06261950338576285,-0.3641162980958024,-0.11001290069120637,-0.3870370918189913,-0.8669128065047171,1.3850298141763753,-0.40387272380744554,0.5644988738891453,2,-0.31632603250270985
1568,-0.4955163218390372,1,0,0,0,0,0,0,0,0.1334467105514589,-0.39707977467041744,1.17565,1.36421,0.604751,0.674466,2.78375,-0.010295114733924261,-0.5143512904391943,-0.461902760847764,-0.4158096988160161,-0.22102351372534018,-0.3641162980958024,-0.11001290069120637,-0.3870370918189913,-0.8669128065047171,1.3850298141763753,-0.40387272380744554,0.5644988738891453,2,-0.31632603250270985
1570,-0.42110292403416144,1,0,0,0,0,0,0,0,0.13715203529778264,-0.40245072021659656,1.16642,1.97331,0.416052,2.41782,1.17565,0.11349894446583107,-0.4518625691313546,-0.649009890386042,-0.50323738912467,-0.26120163204114455,0.8564563463274925,-0.11001290069120637,-0.3870370918189913,-0.8669128065047171,1.3850298141763753,0.9628281895925127,-0.6357229432289523,1,-0.31632603250270985
1572,-0.050935867559024614,1,0,0,0,0,0,0,0,0.15076514653598352,-0.3968185608764034,2.12837,3.1157,1.91714,2.41782,2.41376,0.2421572049800733,-0.41042585636334183,-0.38483748702510095,-0.4509367190539209,-0.6538550408322679,-0.3641162980958024,-0.11001290069120637,-0.3870370918189913,-0.8669128065047171,-0.5550231802386093,-0.40387272380744554,2.9649425081253407,2,-0.31632603250270985
1574,-0.213077239984159,1,0,0,0,0,0,0,0,0.15928287159206608,-0.39338733885246124,2.41376,0.918846,2.34811,2.12837,3.1157,0.5285720113985223,-0.12467894579550573,-0.38483748702510095,-0.32849635414309936,-0.5389103958068997,-0.3641162980958024,-0.11001290069120637,-0.3870370918189913,-0.8669128065047171,0.4150033169688831,-0.40387272380744554,1.764720691007243,2,-0.31632603250270985
1575,-0.5886596685610369,1,0,0,0,0,0,0,0,0.16459057289053802,-0.3996365655031702,2.41376,1.91714,2.59062,2.12837,1.20149,-0.687001334098343,-0.12467894579550573,-0.31167237635193235,-0.39002355308804043,-0.6011485751574619,-0.3641162980958024,-0.11001290069120637,1.4728290102938495,-0.8669128065047171,-0.5550231802386093,-0.40387272380744554,1.764720691007243,2,-0.31632603250270985
1576,-0.026236744418875572,1,0,0,0,0,0,0,0,0.1606206031699511,-0.40094971335594953,0.918846,2.12837,1.91714,2.89264,2.59062,-0.687001334098343,-0.5587195994081182,-0.6010254365228568,-0.6640165855340928,-0.7767986473918357,-0.3641162980958024,-0.11001290069120637,1.4728290102938495,-0.8669128065047171,-0.5550231802386093,-0.40387272380744554,0.5644988738891453,3,-0.31632603250270985
1577,-0.4680632370631548,1,0,0,0,0,0,0,0,0.1811523378787493,-0.4058144052740175,1.53352,1.20149,1.30227,2.59062,3.00025,-0.9216581291058832,-0.12794236337509088,-0.13146983024634565,0.30340065161615853,0.002798666338089635,0.8564563463274925,-0.11001290069120637,1.4728290102938495,-0.8669128065047171,-0.5550231802386093,-0.40387272380744554,0.5644988738891453,2,-0.31632603250270985
1579,-0.48232213678915103,1,0,0,0,0,0,0,0,0.17270108615232635,-0.4067702398172783,1.30227,2.59062,1.23939,0.918846,1.53352,-1.0910868705864614,-0.6324169419488885,-0.5360048774960271,-0.33987713933840435,-0.4844342479505269,-0.3641162980958024,-0.11001290069120637,1.4728290102938495,-0.8669128065047171,-0.5550231802386093,-0.40387272380744554,0.5644988738891453,3,-0.31632603250270985
1580,-0.44440625514308507,1,0,0,0,0,0,0,0,0.1711999157143024,-0.4090815417639158,1.20149,2.59062,2.78115,1.23939,0.918846,-1.0910868705864614,-1.0257285790838198,-0.4316267079094598,-0.44233711197067566,-0.4520339798220728,-0.3641162980958024,-0.11001290069120637,1.4728290102938495,-0.8669128065047171,-0.5550231802386093,-0.40387272380744554,-0.6357229432289523,4,-0.31632603250270985
1581,0.04030227947399229,1,0,0,0,0,0,0,0,0.16664936975120617,-0.40845580946937865,1.30227,1.20149,2.78115,2.89264,0.918846,-0.568077471005592,-0.6324169419488885,-0.7823801142094439,-0.9147421838253234,-0.8391343915266876,-0.3641162980958024,-0.11001290069120637,-0.3870370918189913,-0.8669128065047171,-0.5550231802386093,-0.40387272380744554,-0.6357229432289523,5,-0.31632603250270985
1582,0.15392953264669365,1,0,0,0,0,0,0,0,0.1588597403941139,-0.40949072736328695,2.59062,2.78115,2.12837,2.88896,2.41376,0.4312710909260175,-0.15914901789517225,-0.5331057235573291,-0.7888536210466682,-0.8953328864624465,0.8564563463274925,-0.11001290069120637,1.4728290102938495,-0.8669128065047171,-0.5550231802386093,-0.40387272380744554,0.5644988738891453,2,-0.31632603250270985
1583,0.11198428909916534,1,0,0,0,0,0,0,0,0.16478116748193222,-0.41503906078312247,2.59062,2.89264,1.30227,1.20149,2.88896,0.24981370146889742,-0.15914901789517225,-0.4316267079094598,-0.21036852685296994,-0.07212596613046214,0.8564563463274925,-0.11001290069120637,1.4728290102938495,-0.8669128065047171,-0.5550231802386093,-0.40387272380744554,-0.6357229432289523,3,-0.31632603250270985
1585,0.5557821969034505,1,0,0,0,0,0,0,0,0.14690002279900832,-0.42180487805015515,2.57949,2.88896,1.97331,0.416052,2.41782,0.5252172893183357,0.47138023260667566,0.9038628153229017,0.5993471596535803,0.3413879450858209,3.2976016351740816,-0.11001290069120637,-0.3870370918189913,-0.8669128065047171,-0.5550231802386093,0.9628281895925127,-0.6357229432289523,1,-0.31632603250270985
1586,0.036114903380315796,1,0,0,0,0,0,0,0,0.14354674194791536,-0.4148233634319042,1.97331,2.88896,3.96076,0.416052,2.41782,0.34297781153904006,-0.29883179597005327,-0.6032079527740635,-0.7480074760539634,-0.7722872705447651,3.2976016351740816,-0.11001290069120637,-0.3870370918189913,-0.8669128065047171,-0.5550231802386093,0.9628281895925127,-0.6357229432289523,1,-0.31632603250270985
1587,0.15254502734348344,1,0,0,0,0,0,0,0,0.15071381404112794,-0.41201832405472405,2.41782,2.57949,2.89264,2.12837,3.96076,0.38181600997512494,-0.29883179597005327,-0.5223292676310094,-0.4488913759777716,-0.6014930635032573,2.077028990750787,-0.11001290069120637,-0.3870370918189913,-0.8669128065047171,-0.5550231802386093,-0.40387272380744554,-0.6357229432289523,3,-0.31632603250270985
1588,-0.024709273894138264,1,0,0,0,0,0,0,0,0.1466760960133153,-0.4058722362836983,1.97331,2.88896,2.12837,2.57949,1.36421,0.18713566711422136,-0.3130367344442942,-0.5797506934378306,-0.528441926153238,-0.7494119943186378,3.2976016351740816,-0.11001290069120637,-0.3870370918189913,-0.8669128065047171,0.4150033169688831,-0.40387272380744554,-0.6357229432289523,1,-0.31632603250270985
1589,-0.19194472289684486,1,0,0,0,0,0,0,0,0.14017314517896204,-0.4084681973153014,0.416052,2.41782,1.36421,2.57949,2.88896,-0.7625698785694943,-0.4591026833603172,-0.816879238020212,-0.9656672866626879,-0.5892323222182576,2.077028990750787,-0.11001290069120637,-0.3870370918189913,-0.8669128065047171,0.4150033169688831,0.9628281895925127,-0.6357229432289523,1,-0.31632603250270985
1590,0.19441502603757624,1,0,0,0,0,0,0,0,0.1927103409397758,-0.4146206179197145,0.630788,1.53352,1.23939,52.7231,1.20149,-0.939322529059785,0.6792374638433215,0.7347008326679008,1.3079083225699903,1.090254644122885,-0.3641162980958024,-0.11001290069120637,-0.3870370918189913,-0.8669128065047171,-0.5550231802386093,0.9628281895925127,1.764720691007243,2,-0.31632603250270985
1591,-0.6970340785154174,1,0,0,0,0,0,0,0,0.19505341096359505,-0.4123326342541286,3.00025,1.53352,1.23939,1.20149,52.7231,-0.939322529059785,0.740635890317824,0.8632058837605916,1.776594943836805,1.4034543345253025,0.8564563463274925,-0.11001290069120637,-0.3870370918189913,-0.8669128065047171,-0.5550231802386093,0.9628281895925127,0.5644988738891453,2,-0.31632603250270985
1593,-0.3574043933584775,1,0,0,0,0,0,0,0,0.18454869310734637,-0.4063431471468988,1.23939,1.20149,3.00025,0.630788,1.30227,-0.9216581291058832,0.6391598184041679,0.1639086004812868,-0.1332701088856479,-0.1948929469351692,0.8564563463274925,-0.11001290069120637,-0.3870370918189913,-0.8669128065047171,-0.5550231802386093,-0.40387272380744554,0.5644988738891453,3,-0.31632603250270985
1596,-0.39866490873974414,1,0,0,0,0,0,0,0,0.17562319029648427,-0.38654241976077036,1.92214,0.898325,0.918846,1.91714,1.88123,-0.8237594667255904,0.5123033915929786,1.313813309936296,0.8547869469024293,0.5835092214925361,-0.3641162980958024,-0.11001290069120637,-0.3870370918189913,-0.04389014208798146,1.3850298141763753,-0.40387272380744554,0.5644988738891453,1,-0.31632603250270985
1597,-0.21119611864827564,1,0,0,0,0,0,0,0,0.17865589233580081,-0.3844562136267154,1.42385,0.898325,1.88123,0.918846,1.91714,-0.8237594667255904,0.7856501100079301,1.3538924107070023,1.4828579534829358,1.0741920781282914,-0.3641162980958024,-0.11001290069120637,-0.3870370918189913,-0.04389014208798146,0.4150033169688831,-0.40387272380744554,0.5644988738891453,2,-0.31632603250270985
1599,-0.13360738802842867,1,0,0,0,0,0,0,0,0.1542732402204895,-0.4027589971694753,2.41376,2.34811,2.41782,2.89264,2.88896,0.054363754735919305,-0.41782079007262807,-0.5797506934378306,-0.7984074901121978,-0.70008833242733,0.8564563463274925,-0.11001290069120637,-0.3870370918189913,-0.8669128065047171,0.4150033169688831,-0.40387272380744554,0.5644988738891453,2,-0.31632603250270985
1601,-0.3864075221151279,0,0,1,0,0,0,0,0,-0.2774232316445519,0.36761719269964943,1.0313,2.77275,2.41089,2.96032,1.32023,0.228892039369986,-0.3163077165392572,0.042358980477202456,-0.2066501230186698,0.10401422306623136,-0.3641162980958024,-0.11001290069120637,-0.3870370918189913,1.6021551867454897,0.4150033169688831,-0.40387272380744554,-0.6357229432289523,1,-0.31632603250270985
1602,0.10882400525488123,0,0,1,0,0,0,0,0,-0.2765809492384379,0.3604579925593467,1.45643,3.24563,1.0313,0.340181,2.41089,0.3774563633876415,0.06324908957078038,0.09851472166908287,-0.04200326529557094,-0.15115506860571618,-0.3641162980958024,-0.11001290069120637,-0.3870370918189913,1.6021551867454897,-0.5550231802386093,-0.40387272380744554,-0.6357229432289523,2,-0.31632603250270985
1603,0.2867329367173903,0,0,1,0,0,0,0,0,-0.27568635098772076,0.3517463855232783,2.77275,2.87197,3.21716,0.340181,0.435762,0.8833391491912934,0.44291906734107817,0.451387724721951,0.10036601154810003,-0.06567741311604396,-0.3641162980958024,-0.11001290069120637,-0.3870370918189913,0.7791325223287542,-0.5550231802386093,2.329529102992471,-0.6357229432289523,0,1.7381456473456194
1604,0.14615297704415167,0,0,1,0,0,0,0,0,-0.2740568508144177,0.3415586992511858,3.21716,1.14643,0.435762,3.24563,0.826405,-0.1881407123574958,0.0949009599794106,-0.20588159538155795,-0.3621358356697659,-0.5507721049009074,-0.3641162980958024,-0.11001290069120637,-0.3870370918189913,-0.8669128065047171,-0.5550231802386093,3.696230016392429,-0.6357229432289523,2,-0.31632603250270985
1605,-0.5030370449398991,0,0,1,0,0,0,0,0,-0.27216250368072303,0.33285704613043193,1.87534,2.87197,0.751186,3.21716,1.58471,-0.549693068489241,0.0949009599794106,-0.29583136157643847,-0.47812236951337034,-0.6510215701317388,-0.3641162980958024,-0.11001290069120637,-0.3870370918189913,-0.8669128065047171,-0.5550231802386093,0.9628281895925127,-0.6357229432289523,3,1.7381456473456194
1606,-0.2288034143521443,0,0,1,0,0,0,0,0,-0.2760179219701809,0.33041387752285506,1.14643,0.751186,1.58471,0.826405,3.21716,-0.549693068489241,-0.7968566918302579,-0.9155569690819805,-0.7442592295532211,-0.70624392767946,-0.3641162980958024,-0.11001290069120637,-0.3870370918189913,-0.8669128065047171,-0.5550231802386093,2.329529102992471,-0.6357229432289523,3,-0.31632603250270985
1607,-0.6517374291958793,0,0,1,0,0,0,0,0,-0.2777972536117652,0.32544537662682904,0.771248,1.87534,1.58471,3.25557,1.14643,-0.38894090780015245,-0.7968566918302579,-0.8217061177786564,-0.674789827569926,-0.8263883904874352,-0.3641162980958024,-0.11001290069120637,-0.3870370918189913,-0.04389014208798146,-0.5550231802386093,-0.40387272380744554,-0.6357229432289523,4,-0.31632603250270985
1610,-0.6441896179477807,0,0,1,0,0,0,0,0,-0.2807486120396618,0.321455620929961,0.751186,2.06507,1.58471,3.25557,1.87534,-0.38894090780015245,-0.27034351462472883,-0.31515993925138847,-0.5119446731652042,-0.6735389375529611,-0.3641162980958024,-0.11001290069120637,-0.3870370918189913,-0.04389014208798146,-0.5550231802386093,-0.40387272380744554,-0.6357229432289523,4,-0.31632603250270985
1611,-0.3381454731217032,0,0,1,0,0,0,0,0,-0.28261273606651177,0.33029556698823315,0.826405,0.311111,1.87534,0.751186,0.185538,-0.3700810721228791,-0.8344890636720855,-0.9155569690819805,-1.054266224885717,-1.1665518905742405,-0.3641162980958024,-0.11001290069120637,-0.3870370918189913,-0.8669128065047171,-0.5550231802386093,2.329529102992471,-0.6357229432289523,3,-0.31632603250270985
1613,-0.8645479334758347,0,0,1,0,0,0,0,0,-0.2889874297473874,0.33414941920103547,0.311111,0.826405,1.87813,1.58471,0.435762,-1.2682298598244994,-0.7354572447315721,-0.9810324620323717,-0.9628522963868134,-1.0115765870138287,-0.3641162980958024,-0.11001290069120637,-0.3870370918189913,-0.8669128065047171,-0.5550231802386093,3.696230016392429,-0.6357229432289523,1,1.7381456473456194
1614,-0.22775374864672132,0,0,1,0,0,0,0,0,-0.28974152582491386,0.33998332986805907,0.435762,0.185538,0.311111,0.826405,3.21716,-0.25223562386351217,-0.6411733556279895,-0.7436320804117644,-0.8390055218582484,-0.7437062292113108,-0.3641162980958024,-0.11001290069120637,-0.3870370918189913,-0.8669128065047171,-0.5550231802386093,5.062930929792387,-0.6357229432289523,1,-0.31632603250270985
1616,0.2904726059331266,0,0,1,0,0,0,0,0,-0.2707513596231101,0.31987497818626487,1.51715,0.751186,0.771248,1.87534,1.14643,0.3392429182084023,0.036207435733106634,-0.20998491248228443,-0.11036261202951725,-0.15169033172864954,-0.3641162980958024,-0.11001290069120637,-0.3870370918189913,-0.04389014208798146,-0.5550231802386093,-0.40387272380744554,-0.6357229432289523,4,-0.31632603250270985
1617,-0.3635631846121598,0,0,1,0,0,0,0,0,-0.267163618821644,0.31363884566871886,3.25557,0.975764,0.940489,0.771248,0.871707,0.3392429182084023,-0.05884186868953029,0.8940537833364731,0.5123706393976242,0.19977190346166024,-0.3641162980958024,-0.11001290069120637,3.3326951124066904,-0.04389014208798146,-0.5550231802386093,-0.40387272380744554,-0.6357229432289523,2,-0.31632603250270985
1620,-0.15742238414071258,0,0,1,0,0,0,0,0,-0.2869185513264514,0.316856986148992,0.771248,0.751186,1.58471,3.25557,0.311111,0.4387185990726525,0.8885227168999006,0.7514415986986471,0.6086993643746919,0.47466545707749763,-0.3641162980958024,-0.11001290069120637,-0.3870370918189913,-0.04389014208798146,-0.5550231802386093,0.9628281895925127,-0.6357229432289523,3,-0.31632603250270985
1621,0.03367697012901097,0,0,1,0,0,0,0,0,-0.2977199326654619,0.33055696683176206,0.185538,4.34169,0.311111,1.87813,1.58471,0.9452659965968881,0.3918018078165951,0.04460703179912487,-0.035826310302714236,0.03949261102393739,-0.3641162980958024,-0.11001290069120637,-0.3870370918189913,-0.8669128065047171,-0.5550231802386093,0.9628281895925127,-0.6357229432289523,3,1.7381456473456194
1622,0.6990973069990637,0,0,1,0,0,0,0,0,-0.3081343922125984,0.32800564863267756,2.57301,0.185538,0.311111,1.87813,0.925044,1.3212424135089125,2.5679350272636214,2.188213386375411,1.6522853840120468,1.4990277070450204,-0.3641162980958024,-0.11001290069120637,-0.3870370918189913,-0.8669128065047171,0.4150033169688831,0.9628281895925127,-0.6357229432289523,2,1.7381456473456194
1623,-0.5863278305530759,0,0,1,0,0,0,0,0,-0.303011392811991,0.3501983699201308,1.00082,0.38377,0.340181,1.87813,0.15277,-0.171694181930876,1.487912405461353,0.9199797679846654,0.7296802952373579,0.41519309211480393,-0.3641162980958024,-0.11001290069120637,-0.3870370918189913,1.6021551867454897,-0.5550231802386093,-0.40387272380744554,-0.6357229432289523,1,1.7381456473456194
1624,-0.5578190604834956,0,0,1,0,0,0,0,0,-0.3061754953444847,0.35485422642228154,0.925044,0.15277,0.38377,1.32023,0.340181,-0.171694181930876,1.4373969378842684,0.9586496059500874,0.7463734249145115,0.45997950858072667,-0.3641162980958024,-0.11001290069120637,-0.3870370918189913,0.7791325223287542,1.3850298141763753,-0.40387272380744554,-0.6357229432289523,1,-0.31632603250270985
1626,-0.8063674841268313,0,0,1,0,0,0,0,0,-0.2884897017273224,0.3560608419888753,0.38377,1.32023,2.41089,0.15277,2.77275,-0.6819222243054841,0.2956823053392281,0.037790340468115795,-0.2818116775309566,-0.330802520335936,-0.3641162980958024,-0.11001290069120637,-0.3870370918189913,0.7791325223287542,0.4150033169688831,-0.40387272380744554,-0.6357229432289523,2,-0.31632603250270985
1628,-0.5463517448199504,0,0,1,0,0,0,0,0,-0.28456234014902004,0.36846249631127614,2.41089,1.45643,1.32023,2.96032,2.61348,-0.5621895715176403,-0.4277734590164565,-0.4492189007207501,-0.6886571952323246,-0.7484176879263125,-0.3641162980958024,-0.11001290069120637,-0.3870370918189913,0.7791325223287542,0.4150033169688831,-0.40387272380744554,-0.6357229432289523,2,-0.31632603250270985
1629,-0.027316508065672537,0,0,1,0,0,0,0,0,-0.2887882013045513,0.3667297212125074,1.32023,1.0313,0.15277,0.38377,2.61348,-0.6495966472775636,-1.0213109701296157,-0.9017738787753529,-0.8570079913205851,-0.7439061081614834,-0.3641162980958024,-0.11001290069120637,-0.3870370918189913,0.7791325223287542,0.4150033169688831,-0.40387272380744554,-0.6357229432289523,2,-0.31632603250270985
1630,-0.43764926730459186,0,0,1,0,0,0,0,0,-0.29266854058788794,0.36493482378131076,0.15277,2.41089,0.38377,1.0313,0.340181,-1.2203537569352207,-1.0868912812962643,-0.9841930443966834,-0.7240376112593041,-0.7240764586358526,-0.3641162980958024,-0.11001290069120637,-0.3870370918189913,1.6021551867454897,-0.5550231802386093,-0.40387272380744554,-0.6357229432289523,2,-0.31632603250270985
1631,-0.7899682445448668,0,0,1,0,0,0,0,0,-0.2908942182606716,0.359314182909602,0.340181,1.32023,0.15277,2.41089,1.0313,-0.6819222243054841,-0.6448183180512126,-0.791167254026021,-0.8570079913205851,-0.5180094987240269,-0.3641162980958024,-0.11001290069120637,-0.3870370918189913,1.6021551867454897,0.4150033169688831,-0.40387272380744554,-0.6357229432289523,1,-0.31632603250270985
1632,-0.8768760502626803,0,0,1,0,0,0,0,0,-0.29512700558337285,0.36479905280384134,1.32023,2.41089,0.38377,1.0313,0.340181,-1.2203537569352207,-0.5497678725904843,-0.791167254026021,-0.31303195776789716,-0.5484491950205648,-0.3641162980958024,-0.11001290069120637,-0.3870370918189913,0.7791325223287542,0.4150033169688831,-0.40387272380744554,-0.6357229432289523,2,-0.31632603250270985
1634,0.17939239104921134,0,0,1,0,0,0,0,0,-0.2838009181198624,0.37700058640843076,2.61348,1.0313,7.51898,1.45643,2.41089,0.12590104137314168,0.018168261840573196,0.02138970032445331,-0.2066501230186698,-0.4531797911689479,-0.3641162980958024,-0.11001290069120637,-0.3870370918189913,1.6021551867454897,-0.5550231802386093,-0.40387272380744554,-0.6357229432289523,2,-0.31632603250270985
1635,-0.6938978730242326,0,0,0,1,0,0,0,0,-0.2487308581818609,0.3708531135374139,0.375637,1.34964,2.49651,0.395989,1.27745,-1.1218101036106674,0.08591333869125009,-0.2523621943190393,-0.4042181737766294,-0.6015107006342169,-0.3641162980958024,-0.11001290069120637,-0.3870370918189913,-0.8669128065047171,-0.5550231802386093,0.9628281895925127,1.764720691007243,2,-0.31632603250270985
1636,-0.7930280765098149,0,0,0,1,0,0,0,0,-0.2459677693690474,0.370529683000762,0.639124,0.395989,1.34964,1.27745,2.49651,-1.1218101036106674,0.2738976067756087,-0.10097281154095798,-0.2948113233937344,-0.4612296069751984,-0.3641162980958024,-0.11001290069120637,-0.3870370918189913,-0.8669128065047171,-0.5550231802386093,0.9628281895925127,1.764720691007243,2,-0.31632603250270985
1639,-0.4265845116069257,0,0,0,1,0,0,0,0,-0.2507384084476723,0.37949485260600385,2.49651,1.20914,0.639124,0.375637,1.76126,-0.7760759361128061,-1.0792476031014415,-0.3505685184949103,-0.41529997419621795,-0.5734767226161175,-0.3641162980958024,-0.11001290069120637,-0.3870370918189913,0.7791325223287542,-0.5550231802386093,-0.40387272380744554,0.5644988738891453,2,-0.31632603250270985
1640,0.0048958136899947624,0,0,0,1,0,0,0,0,-0.2544854633203041,0.37843564861207457,1.34964,1.20914,0.639124,0.375637,1.76126,-0.7760759361128061,-0.23811694182171553,-0.2523621943190393,-0.18571100907235905,-0.41601481543921826,-0.3641162980958024,-0.11001290069120637,-0.3870370918189913,0.7791325223287542,-0.5550231802386093,-0.40387272380744554,-0.6357229432289523,3,-0.31632603250270985
1641,-0.7853711602242349,0,0,0,1,0,0,0,0,-0.24675643184712767,0.3609464521501733,1.27745,0.375637,0.639124,1.34964,2.49651,-1.0435031002809172,0.2738976067756087,-0.08847289836579783,1.261089925005588,0.8537415632243317,-0.3641162980958024,-0.11001290069120637,-0.3870370918189913,-0.8669128065047171,-0.5550231802386093,0.9628281895925127,0.5644988738891453,3,-0.31632603250270985
1643,0.1937190111432995,0,0,0,1,0,0,0,0,-0.23782987158968466,0.3233473308633736,0.339409,2.05823,1.78364,3.24961,1.77832,1.137829194799288,0.28533011054206825,0.12606331839166143,0.19813390195968733,1.2986365155915602,-0.3641162980958024,-0.11001290069120637,-0.3870370918189913,2.4251778511622253,-0.5550231802386093,0.9628281895925127,-0.6357229432289523,0,-0.31632603250270985
1644,-0.8066579292610917,0,0,0,1,0,0,0,0,-0.23561725891892613,0.33265007366454674,2.05823,2.9984,1.78364,3.24961,0.395989,-1.0292033476264688,0.25418942517504234,2.1385886318393617,1.9705591627519459,2.773468197132888,-0.3641162980958024,-0.11001290069120637,-0.3870370918189913,2.4251778511622253,-0.5550231802386093,-0.40387272380744554,0.5644988738891453,0,-0.31632603250270985
1645,-0.15999575812820105,0,0,0,1,0,0,0,0,-0.23868524814116426,0.33297235968083,0.339409,2.9984,1.78364,3.24961,0.395989,-1.0292033476264688,0.28533011054206825,2.1650812347828348,1.880558718149703,2.5712866014827807,-0.3641162980958024,-0.11001290069120637,-0.3870370918189913,2.4251778511622253,-0.5550231802386093,-0.40387272380744554,0.5644988738891453,0,-0.31632603250270985
1647,0.2882303093007536,0,0,0,1,0,0,0,0,-0.24370268308965387,0.31126662539310873,1.78364,1.77832,2.9984,0.615255,0.661624,-0.39211356968214195,0.1303862008801247,0.590960800356329,0.6955313460961694,0.40665329967331415,-0.3641162980958024,-0.11001290069120637,-0.3870370918189913,0.7791325223287542,-0.5550231802386093,0.9628281895925127,1.764720691007243,0,-0.31632603250270985
1648,-0.26330317965224603,0,0,0,1,0,0,0,0,-0.23865014455355615,0.3122859570170582,3.24961,1.77832,2.9984,0.661624,0.615255,-0.39211356968214195,0.534361102822251,0.12606331839166143,0.7421446458540106,0.5261633356714813,-0.3641162980958024,-0.11001290069120637,-0.3870370918189913,0.7791325223287542,-0.5550231802386093,0.9628281895925127,1.764720691007243,0,-0.31632603250270985
1650,-0.17708010210069414,0,0,1,0,0,0,0,0,-0.26267180159752046,0.2920827487650816,0.940489,0.871707,2.5403,0.996144,1.45003,0.40866566274313165,-0.20762536692801944,-0.1650524282934944,-0.4246134849021953,-0.6212122419736363,-0.3641162980958024,-0.11001290069120637,3.3326951124066904,-0.04389014208798146,-0.5550231802386093,-0.40387272380744554,-0.6357229432289523,2,-0.31632603250270985
1651,-0.580517046746532,0,0,1,0,0,0,0,0,-0.2635238957810661,0.2993371027105279,0.871707,2.01282,0.975764,1.51715,2.5403,-0.8634939563584274,-0.292891814048162,-0.6381866631456715,0.4668410440731497,0.5220928576855834,-0.3641162980958024,-0.11001290069120637,3.3326951124066904,-0.04389014208798146,-0.5550231802386093,-0.40387272380744554,-0.6357229432289523,2,-0.31632603250270985
1652,-0.6063945042914786,0,0,1,0,0,0,0,0,-0.26704990085735497,0.29853370909540267,0.940489,0.975764,2.01282,1.51715,0.565699,-0.8634939563584274,-0.37028680455335644,-0.6050987847912572,0.5425965698637399,0.31688316999217964,-0.3641162980958024,-0.11001290069120637,3.3326951124066904,0.7791325223287542,-0.5550231802386093,-0.40387272380744554,-0.6357229432289523,1,-0.31632603250270985
1653,-0.5672457357218746,0,0,1,0,0,0,0,0,-0.26815864867098355,0.30543819122284555,0.871707,0.940489,1.51715,2.01282,3.25557,0.305511687438934,-0.24578418051498346,-0.47608716655422867,0.3931541031777478,0.12020810524869828,-0.3641162980958024,-0.11001290069120637,5.192561214519531,0.7791325223287542,-0.5550231802386093,-0.40387272380744554,-0.6357229432289523,0,-0.31632603250270985
1655,-0.7028779700574729,0,0,0,1,0,0,0,0,-0.24150577792332023,0.29548291330971654,0.661624,0.682768,1.77832,2.21819,2.24118,-0.5903425732291486,-0.7457302342932112,-0.7644392386330036,-0.5428944301254204,-0.517654105601092,-0.3641162980958024,-0.11001290069120637,-0.3870370918189913,-0.04389014208798146,-0.5550231802386093,0.9628281895925127,1.764720691007243,1,-0.31632603250270985
1656,-0.6854328270127573,0,0,0,1,0,0,0,0,-0.23704842760248523,0.2961908102862311,0.682768,0.615255,1.77832,2.24118,2.21819,-0.9267630156777152,-1.0424337750794919,-0.5179825911468945,-0.46641747281804913,-0.6249404907194157,-0.3641162980958024,-0.11001290069120637,-0.3870370918189913,-0.04389014208798146,-0.5550231802386093,0.9628281895925127,1.764720691007243,1,-0.31632603250270985
1658,-0.6774779411075735,0,0,0,1,0,0,0,0,-0.236299171202104,0.2930602028001696,0.661624,0.615255,2.24118,2.21819,1.77832,-0.9267630156777152,-0.7457302342932112,-0.8400203149593497,-0.8731488397634877,-0.5035246701710083,-0.3641162980958024,-0.11001290069120637,-0.3870370918189913,-0.04389014208798146,-0.5550231802386093,0.9628281895925127,1.764720691007243,1,-0.31632603250270985
1661,0.017886837635605633,0,1,0,0,0,0,0,0,1.438193993651904,-1.151613722099913,5.36702,1.60265,0.310547,0.143829,0.758171,4.391672981967731,4.982697696599952,4.000666924591447,3.6963855303718645,3.8709630624434292,-0.3641162980958024,-0.11001290069120637,-0.3870370918189913,-0.04389014208798146,-0.5550231802386093,0.9628281895925127,-0.6357229432289523,3,-0.31632603250270985
1662,0.3099045893328022,1,0,0,0,0,0,0,0,1.4146928341735971,-1.278490266331791,0.627955,0.542783,0.21362,0.43135,1.71971,0.3349609461960548,0.14113131742164206,-0.03235693137901643,-0.10562774175801348,-0.3035876443527573,2.077028990750787,-0.11001290069120637,-0.3870370918189913,-0.8669128065047171,-0.5550231802386093,-0.40387272380744554,-0.6357229432289523,3,-0.31632603250270985
1663,-0.6980999218643289,1,0,0,0,0,0,0,0,1.421755056636826,-1.2810244013337944,0.920544,3.30722,0.21362,0.689082,0.290147,0.21553331405546824,-0.3481914360019165,-0.6706826824696595,-0.0244284430634807,0.1350261782603005,4.5181742795973765,-0.11001290069120637,1.4728290102938495,-0.8669128065047171,-0.5550231802386093,-0.40387272380744554,-0.6357229432289523,0,-0.31632603250270985
1664,-0.8539828036049791,1,0,0,0,0,0,0,0,1.4247848777432133,-1.2742557470336051,0.689082,0.627955,0.290147,0.920544,2.0644,-0.3409881879050926,-0.2832604287778765,-0.4683939435205214,-0.5140493000678964,-0.614495197619486,4.5181742795973765,-0.11001290069120637,1.4728290102938495,-0.8669128065047171,-0.5550231802386093,-0.40387272380744554,-0.6357229432289523,0,-0.31632603250270985
1669,-0.7301436951483012,1,0,0,0,0,0,0,0,1.4081443934787283,-1.2717988385183523,0.43135,0.193108,0.576906,1.71971,3.30722,-1.1274616558443675,-0.7880628257900664,-0.9584665456180433,-0.843844352429855,-0.8319057604078407,0.8564563463274925,-0.11001290069120637,-0.3870370918189913,-0.04389014208798146,-0.5550231802386093,-0.40387272380744554,0.5644988738891453,2,-0.31632603250270985
1670,-0.2873551970528512,1,0,0,0,0,0,0,0,1.414024982956993,-1.2663456428907878,0.951969,0.922003,0.290147,0.542783,0.43135,0.10461182995073869,-0.48840328365837005,-0.5911764163297787,-0.843844352429855,-1.0027115216811961,0.8564563463274925,-0.11001290069120637,-0.3870370918189913,-0.8669128065047171,-0.5550231802386093,-0.40387272380744554,-0.6357229432289523,4,-0.31632603250270985
1671,-0.5880208397553709,1,0,0,0,0,0,0,0,1.4285903497745163,-1.2830589331350717,0.627955,0.21362,0.806924,0.689082,3.30722,0.21553331405546824,0.24530453316198808,0.22487539337225634,0.009925470029108418,-0.02792411413488922,4.5181742795973765,-0.11001290069120637,-0.3870370918189913,-0.8669128065047171,-0.5550231802386093,-0.40387272380744554,-0.6357229432289523,1,-0.31632603250270985
1673,-0.3288978806345003,1,0,0,0,0,0,0,0,1.444330250919372,-1.2510183891031996,0.381175,4.0382,2.20648,2.83159,1.58886,-1.0578863340801266,0.2496187075101835,-0.12798321336737664,0.1001402898461562,0.18159079544569953,5.738746924020671,-0.11001290069120637,-0.3870370918189913,-0.8669128065047171,-0.5550231802386093,-0.40387272380744554,-0.6357229432289523,0,-0.31632603250270985
1676,0.5742811441205278,0,1,0,0,0,0,0,0,1.4738229626618227,-1.2083920420247432,3.34805,5.6025,0.758171,0.143829,2.28997,1.2553221389813105,0.44719458259256256,5.049873125667152,4.40856896983132,3.9925388736501968,-0.3641162980958024,-0.11001290069120637,-0.3870370918189913,0.7791325223287542,-0.5550231802386093,-0.40387272380744554,-0.6357229432289523,3,-0.31632603250270985
1677,1.1734446252980952,0,1,0,0,0,0,0,0,1.4653021231677388,-1.2018346891171854,4.00993,3.34805,0.758171,0.143829,2.28997,1.3950712864627457,2.764303682777833,2.8602960759520264,2.492625358561234,2.4026238387636036,-0.3641162980958024,-0.11001290069120637,-0.3870370918189913,0.7791325223287542,-0.5550231802386093,-0.40387272380744554,-0.6357229432289523,3,-0.31632603250270985
1679,1.00625432320745,0,0,1,0,0,0,0,0,-0.32005875021580144,0.44153797790633315,4.7271,3.10451,3.96939,3.90987,2.09261,0.06967327714527749,-0.4333860667173421,0.07221705855822314,0.17989219639338214,-0.07190039900923985,-0.3641162980958024,-0.11001290069120637,-0.3870370918189913,-0.8669128065047171,-0.5550231802386093,2.329529102992471,-0.6357229432289523,2,1.7381456473456194
1680,0.23364016813341704,0,0,1,0,0,0,0,0,-0.3210835012655556,0.4348822572766005,5.15811,3.90987,3.96939,4.7271,1.68706,0.2214114157225105,-0.38982265895653784,0.1454137982765707,0.07382181486070792,-0.19686624553808357,-0.3641162980958024,-0.11001290069120637,-0.3870370918189913,-0.8669128065047171,-0.5550231802386093,0.9628281895925127,0.5644988738891453,3,-0.31632603250270985
1681,0.5590290123291853,0,0,1,0,0,0,0,0,-0.30943898467434044,0.4372725321399288,1.68706,5.15811,3.10451,3.90987,2.10948,-0.4737002119209222,0.5734935893565277,0.1454137982765707,-0.005232894047792376,-0.11437789975894702,-0.3641162980958024,-0.11001290069120637,-0.3870370918189913,-0.8669128065047171,-0.5550231802386093,-0.40387272380744554,0.5644988738891453,3,1.7381456473456194
1683,2.664933061122644,0,0,1,0,0,0,0,0,-0.3124857976524312,0.4653233021693603,4.70264,3.70533,2.09261,4.7271,4.29079,2.4548456198772746,2.28567337633543,1.9410102731634453,1.479738034931627,1.324506308796598,-0.3641162980958024,-0.11001290069120637,-0.3870370918189913,-0.8669128065047171,-0.5550231802386093,2.329529102992471,-0.6357229432289523,0,5.847089007042277
1687,0.5366361439468292,0,0,1,0,0,0,0,0,-0.3184171661834727,0.42844855183715824,3.10451,2.48439,1.68706,3.96939,4.99667,0.2794738130300351,-0.19954924159311976,0.13424458571616948,-0.005232894047792376,-0.20630508608244594,-0.3641162980958024,-0.11001290069120637,-0.3870370918189913,-0.8669128065047171,-0.5550231802386093,0.9628281895925127,0.5644988738891453,2,1.7381456473456194
1688,-0.2996389193761699,0,0,1,0,0,0,0,0,-0.30759739570662414,0.43301342229764017,3.96939,2.10948,3.90987,3.10451,5.15811,-0.4737002119209222,0.04591358060586119,0.13424458571616948,0.10557098754581042,0.09035710126506935,-0.3641162980958024,-0.11001290069120637,-0.3870370918189913,-0.8669128065047171,-0.5550231802386093,-0.40387272380744554,-0.6357229432289523,4,1.7381456473456194
1689,0.00033597557181341874,0,0,1,0,0,0,0,0,-0.31843317266472626,0.4207693490080447,0.441053,3.90987,4.99667,2.99206,3.10451,0.3203725405955811,-0.19954924159311976,-0.4406460273698399,-0.4470312453730733,0.06723321613102935,-0.3641162980958024,-0.11001290069120637,-0.3870370918189913,-0.04389014208798146,-0.5550231802386093,0.9628281895925127,-0.6357229432289523,2,1.7381456473456194
1691,-0.1407142644353961,0,0,1,0,0,0,0,0,-0.3034485911533588,0.4252530400812568,1.68706,0.441053,2.99206,3.96939,2.53363,0.8602339501082474,0.7145998066624243,0.5792267348332591,0.1964586579312255,0.06375202364646616,-0.3641162980958024,-0.11001290069120637,-0.3870370918189913,-0.04389014208798146,-0.5550231802386093,-0.40387272380744554,0.5644988738891453,3,-0.31632603250270985
1693,-0.768416989848185,0,0,1,0,0,0,0,0,-0.31201160735214595,0.4171467215228858,2.99206,2.48439,2.51941,2.10948,3.90987,-0.8786935999088494,-0.35913691347483984,-0.21573990811647237,-0.1532849913125995,-0.19445345444566772,-0.3641162980958024,-0.11001290069120637,-0.3870370918189913,-0.04389014208798146,-0.5550231802386093,-0.40387272380744554,-0.6357229432289523,4,-0.31632603250270985
1694,0.19133374928939925,0,0,1,0,0,0,0,0,-0.3108195009597722,0.4139827500870486,0.441053,2.51941,2.48439,2.53363,2.10948,-0.8786935999088494,-0.5780811178416395,-0.13676466120710468,-0.2775886655420744,-0.12229893887611863,-0.3641162980958024,-0.11001290069120637,-0.3870370918189913,-0.8669128065047171,-0.5550231802386093,-0.40387272380744554,-0.6357229432289523,5,-0.31632603250270985
1697,0.018861258487593274,0,0,1,0,0,0,0,0,-0.29969618040865686,0.4113827410152419,2.51941,2.99206,0.441053,2.10948,1.14624,0.7561527626659422,0.55290108708593,0.512640414103469,0.3927265502174745,0.16041745996376983,-0.3641162980958024,-0.11001290069120637,-0.3870370918189913,-0.04389014208798146,-0.5550231802386093,-0.40387272380744554,-0.6357229432289523,4,-0.31632603250270985
1698,0.013511349408340902,0,0,1,0,0,0,0,0,-0.30803906565209144,0.4084303920966031,2.99206,1.14624,2.53363,0.441053,2.48439,0.028558239659214422,-0.07053656967493978,-0.45296587265122196,-0.5170467656469672,0.3056045950291433,-0.3641162980958024,-0.11001290069120637,-0.3870370918189913,-0.04389014208798146,-0.5550231802386093,-0.40387272380744554,-0.6357229432289523,4,-0.31632603250270985
1699,-0.5031085275506627,0,0,1,0,0,0,0,0,-0.31060760277290594,0.4005860644724045,2.51941,0.804657,2.59372,2.99206,2.53363,0.7050262829475462,0.13544083643224075,0.5843370549879593,0.22104443035379173,0.16041745996376983,-0.3641162980958024,-0.11001290069120637,-0.3870370918189913,-0.04389014208798146,-0.5550231802386093,-0.40387272380744554,-0.6357229432289523,4,-0.31632603250270985
1703,0.04146857470223996,0,0,1,0,0,0,0,0,-0.29762025819491433,0.3953796640093955,4.77374,0.0684861,7.51898,1.14624,2.53363,-0.5241367986308362,0.8242751705230357,0.4192949517866229,0.19226161923469093,0.3733569604836573,-0.3641162980958024,-0.11001290069120637,-0.3870370918189913,-0.04389014208798146,-0.5550231802386093,-0.40387272380744554,-0.6357229432289523,4,-0.31632603250270985
1704,0.8616450016327489,0,0,1,0,0,0,0,0,-0.2954429917370382,0.3914352786977148,2.59372,7.51898,0.0684861,2.04477,2.61348,-0.5241367986308362,-0.11028277493697629,-0.1492624656271575,0.14505230973598626,0.3412911032152724,-0.3641162980958024,-0.11001290069120637,-0.3870370918189913,-0.04389014208798146,-0.5550231802386093,-0.40387272380744554,-0.6357229432289523,4,-0.31632603250270985
1707,-0.908585698774973,0,0,1,0,0,0,0,0,-0.3029447483944239,0.3846238742079329,2.04477,0.860865,0.803714,4.77374,7.51898,-0.20484886470302027,-0.3614847503834398,-0.364957002943533,-0.45811117627541753,-0.6788732094834136,-0.3641162980958024,-0.11001290069120637,-0.3870370918189913,-0.04389014208798146,0.4150033169688831,-0.40387272380744554,-0.6357229432289523,3,-0.31632603250270985
1708,-0.1650597367643991,0,0,1,0,0,0,0,0,-0.30098573942167406,0.3795254109662484,0.860865,0.0684861,7.51898,2.61348,0.803714,-0.6170473064543812,-0.7532032163617242,-0.2694513792428642,-0.3620868015102163,-0.4597901435303015,-0.3641162980958024,-0.11001290069120637,-0.3870370918189913,-0.04389014208798146,0.4150033169688831,-0.40387272380744554,-0.6357229432289523,3,-0.31632603250270985
1709,-0.6104735277962081,0,0,1,0,0,0,0,0,-0.3050623416479274,0.37789243017185076,2.04477,0.0684861,0.803714,7.51898,2.61348,-0.6170473064543812,-0.3614847503834398,-0.37666592883043204,0.21581691310358325,-0.04557023179628482,-0.3641162980958024,-0.11001290069120637,-0.3870370918189913,-0.04389014208798146,-0.5550231802386093,-0.40387272380744554,-0.6357229432289523,4,-0.31632603250270985
1712,1.8944709088568614,0,0,1,0,0,0,0,0,-0.2923435411434178,0.38393518860930254,2.61348,4.77374,2.04477,0.0684861,2.96032,0.6190997227702221,-0.11028277493697629,-0.2694513792428642,-0.4255160363088748,-0.5711459049544676,-0.3641162980958024,-0.11001290069120637,-0.3870370918189913,-0.04389014208798146,-0.5550231802386093,-0.40387272380744554,-0.6357229432289523,4,-0.31632603250270985
1713,0.04890276622165127,0,0,1,0,0,0,0,0,-0.2906017472440636,0.3761622769961768,2.96032,7.51898,1.0313,2.41089,2.04477,0.12590104137314168,-0.13500607062685704,-0.19892763094573498,-0.4971708695272113,-0.6213057459276814,-0.3641162980958024,-0.11001290069120637,-0.3870370918189913,1.6021551867454897,-0.5550231802386093,-0.40387272380744554,-0.6357229432289523,2,-0.31632603250270985
1714,-0.47944402114524937,0,0,0,1,0,0,0,0,-0.2476658322009086,0.3823955190552502,1.34964,2.49651,1.85233,1.76126,0.639124,-0.6394089621755276,-0.23811694182171553,-0.5316173631817919,-0.6079408022310765,-0.40189459389678595,-0.3641162980958024,-0.11001290069120637,-0.3870370918189913,-0.04389014208798146,-0.5550231802386093,-0.40387272380744554,1.764720691007243,2,-0.31632603250270985
1716,-0.2717230787516601,0,0,0,1,0,0,0,0,-0.2530259194748454,0.3898568541067433,1.85233,1.20914,1.34964,2.49651,2.8153,-0.6669275082127429,0.12316706801455911,0.01849290807538073,-0.13589224945423603,-0.3537632165167405,-0.3641162980958024,-0.11001290069120637,-0.3870370918189913,-0.04389014208798146,-0.5550231802386093,-0.40387272380744554,2.9649425081253407,1,-0.31632603250270985
1717,-0.23746033473987974,0,0,0,1,0,0,0,0,-0.24878442216994814,0.3903185373791055,1.76126,1.20914,1.34964,2.8153,2.49651,-0.6669275082127429,-0.12288243360160325,0.10261243125571709,-0.09146337936731896,-0.1549707354084747,-0.3641162980958024,-0.11001290069120637,-0.3870370918189913,0.7791325223287542,-0.5550231802386093,-0.40387272380744554,1.764720691007243,1,-0.31632603250270985
1718,0.12483234782324913,0,0,0,1,0,0,0,0,-0.2519340190109552,0.40167971551298615,0.310907,5.9444,1.85233,1.76126,1.20914,-0.21048012182901552,-0.1429589919269368,0.2643044146348095,-0.0673019201126789,0.9842806255049033,-0.3641162980958024,-0.11001290069120637,-0.3870370918189913,0.7791325223287542,-0.5550231802386093,0.9628281895925127,1.764720691007243,0,-0.31632603250270985
1719,-0.8173810733241614,0,0,0,1,0,0,0,0,-0.2553853776934309,0.40600484335606757,2.8153,5.9444,1.76126,1.85233,0.837699,-0.21048012182901552,-0.32537885451538906,1.2330143630304844,0.8736905138580071,1.4293798870256216,-0.3641162980958024,-0.11001290069120637,-0.3870370918189913,0.7791325223287542,-0.5550231802386093,0.9628281895925127,1.764720691007243,0,-0.31632603250270985
1722,-0.6191891391696231,0,0,0,1,0,0,0,0,-0.26354374155570987,0.42695042110330017,1.17327,1.72284,4.96455,0.647511,0.310907,-0.9915178295780268,-0.31349316627614654,-0.2053216812948331,0.14194036000235888,1.4293798870256216,-0.3641162980958024,-0.11001290069120637,-0.3870370918189913,0.7791325223287542,0.4150033169688831,-0.40387272380744554,1.764720691007243,0,-0.31632603250270985
1723,-0.49293918560887695,0,0,0,1,0,0,0,0,-0.26650442187034157,0.4257878474314057,0.837699,1.72284,4.96455,0.647511,0.792479,-0.9915178295780268,-0.6700563651605393,-0.7009070940970412,0.2662960187844329,1.4368070440589362,-0.3641162980958024,-0.11001290069120637,-0.3870370918189913,0.7791325223287542,0.4150033169688831,-0.40387272380744554,1.764720691007243,0,-0.31632603250270985
1726,-0.6907424800954218,0,0,0,1,0,0,0,0,-0.2674656459416866,0.43939645573928243,1.72284,0.95964,0.792479,2.11685,4.96455,1.1422412987059058,0.340523795456548,-0.09233666697437239,-0.01387641840401043,-0.30494352367590005,-0.3641162980958024,-0.11001290069120637,-0.3870370918189913,-0.8669128065047171,0.4150033169688831,-0.40387272380744554,1.764720691007243,2,-0.31632603250270985
1727,0.9334323540527315,0,0,0,1,0,0,0,0,-0.27353854725665544,0.428660918409985,1.72284,1.17327,0.837699,0.647511,0.792479,-0.8773011762504033,-0.3181169305067359,-0.2053216812948331,-0.013511192351985023,0.7128462553379669,-0.3641162980958024,-0.11001290069120637,-0.3870370918189913,1.6021551867454897,-0.5550231802386093,-0.40387272380744554,1.764720691007243,0,-0.31632603250270985
1728,-0.28617761509658823,0,0,0,1,0,0,0,0,-0.2703831609878288,0.430252246691236,4.96455,1.17327,0.837699,0.647511,0.792479,-0.8773011762504033,-0.6700563651605393,-0.6968977831667481,-0.5046743825512736,0.5221468210961421,-0.3641162980958024,-0.11001290069120637,-0.3870370918189913,1.6021551867454897,0.4150033169688831,-0.40387272380744554,0.5644988738891453,0,-0.31632603250270985
1730,-0.6362020005313526,0,0,0,1,0,0,0,0,-0.27480976922273775,0.4467288235947951,2.11685,0.95964,0.647511,0.316893,1.72284,-0.11454037111413319,0.0022448331084281947,-0.09233666697437239,0.5883553265115234,0.5221468210961421,-0.3641162980958024,-0.11001290069120637,-0.3870370918189913,0.7791325223287542,-0.5550231802386093,-0.40387272380744554,0.5644988738891453,2,-0.31632603250270985
1731,-0.13794149158630403,0,0,0,1,0,0,0,0,-0.2709240613250535,0.45110635081684336,0.95964,0.792479,0.647511,0.316893,2.92992,-0.38135676882295244,-0.6854460118212423,0.3518200022510235,0.3673220468912887,0.05087824377974752,-0.3641162980958024,-0.11001290069120637,-0.3870370918189913,0.7791325223287542,-0.5550231802386093,-0.40387272380744554,0.5644988738891453,2,-0.31632603250270985
1733,-0.5733119758058314,0,0,0,1,0,0,0,0,-0.26613512551332624,0.44920104602938754,2.11685,0.792479,0.647511,2.92992,0.316893,-0.38135676882295244,0.0022448331084281947,-0.12979331535573158,0.7684729773564143,0.8455398346343272,-0.3641162980958024,-0.11001290069120637,-0.3870370918189913,0.7791325223287542,-0.5550231802386093,-0.40387272380744554,0.5644988738891453,2,-0.31632603250270985
1734,0.16795517332704032,0,0,0,1,0,0,0,0,-0.2692068451438814,0.4652493747840334,0.951354,0.316893,2.11685,0.95964,6.23696,1.9295864460624073,1.1832911186046806,0.7944552053772157,0.7684729773564143,0.6372110171810487,-0.3641162980958024,-0.11001290069120637,-0.3870370918189913,-0.04389014208798146,-0.5550231802386093,-0.40387272380744554,-0.6357229432289523,4,-0.31632603250270985
1736,-0.8151289948608419,0,0,0,1,0,0,0,0,-0.28240645453855834,0.460323491862919,2.92992,2.11685,0.792479,0.95964,0.951354,2.376159124340357,1.3918242893810424,1.0311179716913432,1.2541194197829537,0.9074902309846914,-0.3641162980958024,-0.11001290069120637,-0.3870370918189913,-0.8669128065047171,-0.5550231802386093,-0.40387272380744554,0.5644988738891453,4,-0.31632603250270985
1737,0.8237103087733241,0,0,0,0,0,1,0,0,-1.1201706417991923,1.3940309102831174,4.31073,6.09193,3.69382,1.83358,1.48519,1.1991337555342203,0.9142494873189944,0.4394453661298532,0.7217791750180776,0.7762484261729478,2.077028990750787,-0.11001290069120637,-0.3870370918189913,-0.04389014208798146,-0.5550231802386093,-0.40387272380744554,-0.6357229432289523,2,-0.31632603250270985
1738,0.6874494036872738,0,0,0,0,0,1,0,0,-1.130333690949857,1.3958489669339036,3.69382,4.67291,4.81916,4.04891,1.10699,0.7507327488308968,0.300185382984844,0.20849113696997199,-0.13632340042474916,0.8078287163189868,4.5181742795973765,-0.11001290069120637,-0.3870370918189913,-0.8669128065047171,-0.5550231802386093,-0.40387272380744554,-0.6357229432289523,1,-0.31632603250270985
1741,0.4553528910233072,0,0,0,0,0,1,0,0,-1.1316567612432933,1.3875962435674876,4.31073,4.81916,4.67291,4.04891,0.475914,0.7507327488308968,0.3800104885138055,0.4394453661298532,0.5525286725676166,0.8297049978957309,4.5181742795973765,-0.11001290069120637,-0.3870370918189913,-0.8669128065047171,-0.5550231802386093,-0.40387272380744554,-0.6357229432289523,1,-0.31632603250270985
1742,0.8787331078479138,0,0,0,0,0,1,0,0,-1.1415733264474546,1.3913531750527879,4.04891,1.70687,0.475914,1.10699,3.69382,0.5899350658674127,0.08675239995492465,-0.26417075977009974,-0.4212108811503145,-0.665241188580744,4.5181742795973765,-0.11001290069120637,-0.3870370918189913,-0.8669128065047171,-0.5550231802386093,-0.40387272380744554,-0.6357229432289523,1,-0.31632603250270985
1743,-0.5178753300373474,0,0,0,0,0,1,0,0,-1.150142523967626,1.3972654070705641,1.70687,0.672078,0.475914,0.801195,1.22395,-0.735918705627995,-1.1094841282178642,-0.8029125022814434,-0.9809802667489663,-1.1152338982750007,5.738746924020671,-0.11001290069120637,-0.3870370918189913,-0.8669128065047171,-0.5550231802386093,-0.40387272380744554,-0.6357229432289523,0,-0.31632603250270985
1744,-0.29218591664339977,0,0,0,0,0,1,0,0,-1.1507076085402814,1.3935098185903223,0.475914,1.10699,0.801195,0.636246,0.672078,-1.0184690407241703,-1.15165751901729,-0.8462633738514113,-1.0711913630858183,-1.0869330077833554,5.738746924020671,-0.11001290069120637,-0.3870370918189913,-0.8669128065047171,-0.5550231802386093,-0.40387272380744554,-0.6357229432289523,0,-0.31632603250270985
1745,0.588946366055075,0,0,0,0,0,1,0,0,-1.1420465399207962,1.3991939342372894,1.10699,4.81916,0.672078,1.70687,4.31073,0.587646809843647,-0.1568879063721473,-0.32961641197710995,-0.4330123284650063,-0.4164061218748204,5.738746924020671,-0.11001290069120637,-0.3870370918189913,-0.8669128065047171,-0.5550231802386093,-0.40387272380744554,-0.6357229432289523,0,-0.31632603250270985
1746,-0.6814997785236923,0,0,0,0,0,1,0,0,-1.1513558568915154,1.4010631011019887,1.10699,1.22395,1.70687,0.801195,4.04891,-0.6797089576246501,-0.9036772482164528,-0.6196420312562635,-0.7989412309924008,-0.8535725256972786,4.5181742795973765,-0.11001290069120637,-0.3870370918189913,-0.8669128065047171,-0.5550231802386093,-0.40387272380744554,-0.6357229432289523,1,-0.31632603250270985
1747,-0.47387213974836273,0,0,0,0,0,1,0,0,-1.1564166842872574,1.4017598158437852,0.672078,0.801195,1.10699,0.636246,1.70687,-0.4054044105406278,-0.5076212908540084,-0.6548150100640607,-0.5320033712247418,-0.7002406062257133,5.738746924020671,-0.11001290069120637,-0.3870370918189913,-0.8669128065047171,-0.5550231802386093,-0.40387272380744554,-0.6357229432289523,0,-0.31632603250270985
1749,-0.6329228298186407,0,0,0,0,0,1,0,0,-1.1573408990370355,1.3953970445797752,0.636246,1.22395,1.70687,1.10699,0.475914,-1.0006830231709287,-0.5076212908540084,-0.8462633738514113,-0.9809802667489663,-1.1293766851938778,5.738746924020671,-0.11001290069120637,-0.3870370918189913,-0.8669128065047171,-0.5550231802386093,-0.40387272380744554,-0.6357229432289523,0,-0.31632603250270985
1750,-0.6949806464651671,0,0,0,0,0,1,0,0,-1.1575689282451962,1.3924226689127988,0.801195,0.475914,1.70687,0.501637,1.10699,-1.0006830231709287,-0.5948650686008861,-0.8407971273590932,-1.0046319750816193,-0.9305605680805694,4.5181742795973765,-0.11001290069120637,-0.3870370918189913,-0.04389014208798146,-0.5550231802386093,-0.40387272380744554,-0.6357229432289523,0,-0.31632603250270985
1751,-0.7553014356701387,0,0,0,0,0,1,0,0,-1.1513928101909,1.3906538500704608,1.70687,0.636246,1.10699,0.801195,4.81916,-1.0184690407241703,-0.5948650686008861,-0.8029125022814434,-0.9218917487942213,-0.8009136296058761,5.738746924020671,-0.11001290069120637,-0.3870370918189913,-0.8669128065047171,-0.5550231802386093,-0.40387272380744554,-0.6357229432289523,0,-0.31632603250270985
1755,-0.26592546279446744,0,0,0,0,0,1,0,0,-1.1800761480905317,1.3985251281467137,0.955121,10.1192,0.435555,0.25665,0.440931,0.09714759271624726,-0.1534129777623766,-0.4175080688062572,-0.48294972599558345,-0.47637921558444085,0.8564563463274925,-0.11001290069120637,1.4728290102938495,-0.8669128065047171,2.355056311383868,-0.40387272380744554,-0.6357229432289523,0,-0.31632603250270985
1756,-0.9179675280807045,0,0,0,0,0,1,0,0,-1.16976275115854,1.3901600692356726,0.501637,0.25665,1.41371,0.955121,0.636246,-0.4074155706132535,-0.7905027372105263,-1.0276696880518887,-0.42562945285508713,-0.3863498286454948,3.2976016351740816,-0.11001290069120637,-0.3870370918189913,-0.04389014208798146,0.4150033169688831,-0.40387272380744554,-0.6357229432289523,0,-0.31632603250270985
1757,-0.745623818845553,0,0,0,0,0,1,0,0,-1.1647037830493183,1.3908262161932163,0.0435493,0.636246,0.801195,0.25665,1.41371,-0.4074155706132535,-0.39286317095339396,-0.4681949771079432,-0.4087394089184786,-0.6581185764815387,4.5181742795973765,-0.11001290069120637,-0.3870370918189913,-0.04389014208798146,-0.5550231802386093,-0.40387272380744554,-0.6357229432289523,0,-0.31632603250270985
1758,-0.8377938733883666,0,0,0,0,0,1,0,0,-1.1753645225205238,1.3899386952609207,1.41371,0.955121,0.0435493,0.435555,1.77667,-0.8587243857160167,-0.850225214846248,-1.110517421025721,-0.5704823999705785,-0.7309992023068483,0.8564563463274925,-0.11001290069120637,-0.3870370918189913,-0.04389014208798146,2.355056311383868,-0.40387272380744554,-0.6357229432289523,0,-0.31632603250270985
1759,-0.4024798228089157,0,0,0,0,0,1,0,0,-1.174466373507955,1.386627679388565,0.25665,0.0435493,0.955121,0.501637,0.440931,-0.8587243857160167,-0.6949580436285255,-0.5929379352661154,-0.40264807568452965,-0.5169796500805744,0.8564563463274925,-0.11001290069120637,1.4728290102938495,0.7791325223287542,0.4150033169688831,-0.40387272380744554,-0.6357229432289523,0,-0.31632603250270985
1763,-0.5750121332692028,0,0,0,0,0,1,0,0,-1.1801492816462704,1.3921813108547412,0.435555,0.25665,0.440931,1.77667,1.41371,-0.45385609977456837,-0.850225214846248,-0.8817831107176813,-1.1074553056489775,-1.065446351778888,2.077028990750787,-0.11001290069120637,1.4728290102938495,-0.8669128065047171,1.3850298141763753,-0.40387272380744554,-0.6357229432289523,0,-0.31632603250270985
1764,-0.7684628892087806,0,0,0,0,0,1,0,0,-1.1858530258477322,1.3887852368482205,0.435555,0.360251,0.955121,0.25665,1.41371,-1.0909634276649423,-1.2382947743791843,-0.8817831107176813,-0.4339353817451888,-0.5169796500805744,2.077028990750787,-0.11001290069120637,1.4728290102938495,-0.8669128065047171,1.3850298141763753,-0.40387272380744554,-0.6357229432289523,0,-0.31632603250270985
1765,-0.7988166630845953,0,0,0,0,0,1,0,0,-1.1886064164987415,1.3865184563864468,0.440931,0.435555,0.955121,0.25665,1.41371,-0.8513910022416173,-0.6336642434844941,-0.1568261803748585,0.12746933485555664,-0.11160743134527665,2.077028990750787,-0.11001290069120637,1.4728290102938495,-0.8669128065047171,1.3850298141763753,-0.40387272380744554,-0.6357229432289523,0,-0.31632603250270985
1766,-0.7704854708691224,0,0,0,0,0,1,0,0,-1.1850320944083328,1.391378594726476,0.440931,0.955121,0.360251,1.77667,0.25665,-1.0909634276649423,-0.9400298756083014,-0.974521237866888,-0.6959243671518285,-0.8104426014742286,0.8564563463274925,-0.11001290069120637,3.3326951124066904,-0.8669128065047171,1.3850298141763753,-0.40387272380744554,-0.6357229432289523,0,-0.31632603250270985
1767,2.8727367728550117,0,0,0,0,0,1,0,0,-1.1881809968163057,1.4005063460464944,1.77667,0.435555,0.955121,8.92821,0.440931,0.594566537460811,0.2698339851424543,0.1573850954029897,-0.13725947971316196,-0.34414503677850017,-0.3641162980958024,-0.11001290069120637,1.4728290102938495,-0.8669128065047171,2.355056311383868,-0.40387272380744554,-0.6357229432289523,1,-0.31632603250270985
1769,-0.35989499800718716,0,0,0,0,0,1,0,0,-1.2039614538014618,1.396960561347366,8.92821,3.24806,10.1192,0.360251,0.435555,0.6917435496043387,1.2459427402007,1.0086822691015398,1.0515136627707906,0.8036229156824051,-0.3641162980958024,-0.11001290069120637,1.4728290102938495,-0.8669128065047171,1.3850298141763753,-0.40387272380744554,-0.6357229432289523,2,-0.31632603250270985
1770,2.4246574328902564,0,0,0,0,0,1,0,0,-1.199795110701559,1.4041264484270366,1.5269,10.1192,3.24806,0.435555,1.77667,0.6917435496043387,0.7354463723190721,1.2002064561799402,1.2454660674009284,0.9258062935090905,-0.3641162980958024,-0.11001290069120637,-0.3870370918189913,-0.8669128065047171,2.355056311383868,-0.40387272380744554,-0.6357229432289523,2,-0.31632603250270985
1771,0.28764716168662974,0,0,0,0,0,1,0,0,-1.216934494785292,1.4029495688841458,0.934683,0.513473,0.702482,0.440184,1.5269,0.3485248225365812,0.7491359355306417,0.25697990198107257,-0.025438503162723378,-0.06108542523464278,-0.3641162980958024,-0.11001290069120637,-0.3870370918189913,0.7791325223287542,-0.5550231802386093,-0.40387272380744554,-0.6357229432289523,3,-0.31632603250270985
1772,-0.5827014048417598,0,0,0,0,0,1,0,0,-1.2229638483269938,1.4072537186793188,0.702482,0.513473,0.440184,3.24806,6.96907,-0.44521398065698053,-0.7990010584610928,-0.8439270885041814,-0.9624679253132051,-0.48237299030665187,-0.3641162980958024,-0.11001290069120637,-0.3870370918189913,-0.04389014208798146,-0.5550231802386093,-0.40387272380744554,-0.6357229432289523,4,-0.31632603250270985
1775,1.687581422093733,0,0,0,0,0,1,0,0,-1.2297466170659364,1.416360456365362,1.16607,0.702482,1.36026,0.513473,0.934683,0.3465532823967962,-0.2205270256703555,-0.20612203829168996,-0.4945607828648681,-0.48237299030665187,-0.3641162980958024,-0.11001290069120637,-0.3870370918189913,-0.04389014208798146,0.4150033169688831,-0.40387272380744554,-0.6357229432289523,3,-0.31632603250270985
1776,-0.6700610559044524,0,0,0,0,0,1,0,0,-1.2275686228279838,1.409047730893757,0.513473,0.440184,0.934683,1.36026,6.96907,-1.1947832879435452,-1.0418319549295685,-1.23455146403222,-0.8889181982169951,-1.0842326276836387,-0.3641162980958024,-0.11001290069120637,-0.3870370918189913,0.7791325223287542,-0.5550231802386093,-0.40387272380744554,-0.6357229432289523,3,-0.31632603250270985
1777,-0.7411708284192499,0,0,0,0,0,1,0,0,-1.2285153547914558,1.4068319177873796,0.440184,0.702482,0.934683,1.36026,1.16607,-1.3638738498227139,-1.4959372221189198,-1.1178863980279707,-1.0184867974286549,-1.0048782717084825,-0.3641162980958024,-0.11001290069120637,-0.3870370918189913,0.7791325223287542,0.4150033169688831,-0.40387272380744554,-0.6357229432289523,2,-0.31632603250270985
1778,-0.7687439287363617,0,0,0,0,0,1,0,0,-1.2295689540456844,1.4052455750857633,0.513473,0.702482,1.36026,0.934683,1.16607,-1.3638738498227139,-1.0418319549295685,-0.8472835671920163,-1.0739662307384883,-0.9432884661042891,-0.3641162980958024,-0.11001290069120637,-0.3870370918189913,-0.04389014208798146,0.4150033169688831,-0.40387272380744554,-0.6357229432289523,3,-0.31632603250270985
1779,-0.4225890098895093,0,0,0,0,0,1,0,0,-1.235538808347424,1.4085435837911633,1.16607,0.433894,0.274236,0.440184,0.513473,-0.9634045433069613,-1.1339417849019506,-0.8676625571564026,-1.0769419175620658,-1.2170449655945195,-0.3641162980958024,-0.11001290069120637,-0.3870370918189913,0.7791325223287542,0.4150033169688831,-0.40387272380744554,-0.6357229432289523,2,-0.31632603250270985
1780,-0.4956480003325491,0,0,0,0,0,1,0,0,-1.2354005427799901,1.411637104181522,1.36026,0.433894,0.274236,6.96907,0.702482,-0.9634045433069613,-0.8765508572000243,-0.8892336779460894,-0.9636050547194706,-1.0489390552281106,-0.3641162980958024,-0.11001290069120637,-0.3870370918189913,-0.04389014208798146,-0.5550231802386093,-0.40387272380744554,-0.6357229432289523,4,-0.31632603250270985
1781,-0.7711103793769029,0,0,0,0,0,1,0,0,-1.239646461932166,1.4087640153040557,0.274236,1.36026,1.16607,0.831431,0.624283,-1.0408210800328186,-1.1339417849019506,-1.1851305826836402,-1.0175874808602756,-0.7259009411480511,-0.3641162980958024,-0.11001290069120637,-0.3870370918189913,-0.8669128065047171,1.3850298141763753,-0.40387272380744554,-0.6357229432289523,3,-0.31632603250270985
1782,-0.8311775934257974,0,0,0,0,0,1,0,0,-1.2420167674234446,1.4105573858830762,0.433894,0.831431,1.16607,1.36026,0.624283,-1.0408210800328186,-1.0610605882050834,-0.8892336779460894,-1.095008915018249,-1.1706253662316215,-0.3641162980958024,-0.11001290069120637,-0.3870370918189913,-0.04389014208798146,1.3850298141763753,-0.40387272380744554,-0.6357229432289523,2,-0.31632603250270985
1783,-0.6994814173734016,0,0,0,0,0,1,0,0,-1.2448719176125012,1.4171184290233019,7.29002,0.831431,0.274236,0.433894,1.16607,-0.18721526294287766,-0.6250571120559705,-0.7236567636175809,-0.47733233755891624,-0.5958533458656095,-0.3641162980958024,-0.11001290069120637,-0.3870370918189913,0.7791325223287542,0.4150033169688831,-0.40387272380744554,-0.6357229432289523,2,-0.31632603250270985
1785,-0.6215473128762865,0,0,0,0,0,1,0,0,-1.2463678022903595,1.4113446048553868,0.274236,0.624283,0.530509,0.433894,1.16607,-0.6151688547314924,-0.6250571120559705,-0.8652295488390889,-1.0175874808602756,-0.6203614109731622,-0.3641162980958024,6.9251710563310676,-0.3870370918189913,-0.04389014208798146,1.3850298141763753,-0.40387272380744554,-0.6357229432289523,1,-0.31632603250270985
1786,-0.7347614718036278,0,0,0,0,0,1,0,0,-1.2526501961344803,1.4088138471168823,0.831431,0.274236,0.895529,0.624283,0.433894,0.12246673324844165,0.4034743839878576,0.04755623469409606,-0.21896725739397493,-0.2940457923244769,-0.3641162980958024,-0.11001290069120637,-0.3870370918189913,-0.04389014208798146,0.4150033169688831,-0.40387272380744554,-0.6357229432289523,3,-0.31632603250270985
1787,-0.5974320897987956,0,0,0,0,0,1,0,0,-1.2596432780259441,1.4172829403663636,1.51533,2.12425,0.530509,3.05186,2.27977,-1.2808072077258539,-0.7331495139738289,0.04755623469409606,-0.2452709438346668,-0.3288825644432205,-0.3641162980958024,6.9251710563310676,-0.3870370918189913,-0.04389014208798146,1.3850298141763753,-0.40387272380744554,-0.6357229432289523,1,-0.31632603250270985
1788,-0.13515743200919655,0,0,0,0,0,1,0,0,-1.2586687561460395,1.4227074012375969,1.51533,0.895529,2.27977,3.05186,0.624283,-0.871359607184575,-0.7331495139738289,-0.8459801014129443,-0.60384320504604,0.03052339031809218,-0.3641162980958024,-0.11001290069120637,-0.3870370918189913,-0.04389014208798146,1.3850298141763753,-0.40387272380744554,-0.6357229432289523,2,-0.31632603250270985
1789,-0.36424791277842133,0,0,0,0,0,1,0,0,-1.2592095546957758,1.419367690940925,0.895529,2.12425,2.27977,3.05186,0.530509,-1.2808072077258539,-1.2532769404605655,-0.12872652742698928,-0.43354669301237053,-0.29324501512524964,-0.3641162980958024,6.9251710563310676,-0.3870370918189913,-0.04389014208798146,0.4150033169688831,-0.40387272380744554,-0.6357229432289523,2,-0.31632603250270985
1791,1.808330600644089,0,0,0,0,0,1,0,0,-1.243386111682559,1.4224107693497254,0.624283,0.831431,0.274236,1.16607,0.433894,-0.18721526294287766,0.7157324975035128,0.30342628719702686,0.1702363045652567,0.026487528926185434,-0.3641162980958024,-0.11001290069120637,-0.3870370918189913,-0.04389014208798146,1.3850298141763753,-0.40387272380744554,-0.6357229432289523,2,-0.31632603250270985
1792,3.5803393745609142,0,1,0,0,0,0,0,0,0.9057428628542662,-1.1791946228630021,0.983664,0.525949,11.7233,5.637,0.533988,1.8247570715691295,1.160427474150453,0.629970191170762,0.41143491744974225,0.6432161995625136,-0.3641162980958024,-0.11001290069120637,-0.3870370918189913,-0.8669128065047171,-0.5550231802386093,-0.40387272380744554,-0.6357229432289523,5,-0.31632603250270985
1793,-0.5642735640111788,0,1,0,0,0,0,0,0,0.9064190187436533,-1.167576819702603,0.525949,12.0,1.10064,11.7233,1.2418,0.6682647598340364,0.7695818406740484,0.34676125099458865,0.7617858878348366,0.6486356908351201,-0.3641162980958024,-0.11001290069120637,-0.3870370918189913,-0.8669128065047171,-0.5550231802386093,-0.40387272380744554,-0.6357229432289523,5,-0.31632603250270985
1794,-0.7364770544619536,0,1,0,0,0,0,0,0,0.9149145492051577,-1.1691208703623504,0.983664,1.2418,12.0,5.637,1.10064,0.6682647598340364,0.28719039651370754,0.5811531379750026,1.0981767836611738,1.0740221659168032,-0.3641162980958024,-0.11001290069120637,-0.3870370918189913,-0.8669128065047171,-0.5550231802386093,-0.40387272380744554,-0.6357229432289523,5,-0.31632603250270985
1797,-0.325338799067009,1,0,0,0,0,0,0,0,0.9093313199288714,-1.209594625320892,0.273908,1.21805,2.73574,0.941347,5.03571,-0.5466503273440173,-0.7594000974414368,2.2756204230161634,1.8938514269918336,1.529277343554504,-0.3641162980958024,-0.11001290069120637,-0.3870370918189913,3.248200515578961,-0.5550231802386093,-0.40387272380744554,-0.6357229432289523,0,-0.31632603250270985
1798,-0.8313009949854314,1,0,0,0,0,0,0,0,0.913782332233111,-1.2082542659185047,1.61875,1.21805,0.941347,5.637,1.22789,-0.5466503273440173,0.25323424040944104,1.5984929809316308,1.8346536646825937,1.5281509763987382,-0.3641162980958024,-0.11001290069120637,-0.3870370918189913,2.4251778511622253,-0.5550231802386093,-0.40387272380744554,-0.6357229432289523,1,-0.31632603250270985
1799,-0.4760918629247051,1,0,0,0,0,0,0,0,0.9036148932169475,-1.2088713114042855,1.61875,0.273908,2.73574,5.03571,7.6676,-0.2131082224946181,0.25323424040944104,1.1303899804907092,1.0467786762097129,1.9983109754280453,0.8564563463274925,-0.11001290069120637,-0.3870370918189913,2.4251778511622253,-0.5550231802386093,-0.40387272380744554,-0.6357229432289523,0,-0.31632603250270985
1803,1.95038535944466,1,0,0,0,0,0,0,0,0.8817927602633069,-1.2243763542844783,1.87041,5.03571,2.5824,0.376312,2.73574,1.7483441566662503,0.7761168155538409,0.27726551533438404,0.6759374057305593,0.8418950178191904,-0.3641162980958024,-0.11001290069120637,-0.3870370918189913,1.6021551867454897,-0.5550231802386093,-0.40387272380744554,-0.6357229432289523,2,-0.31632603250270985
1804,0.9602044729050241,1,0,0,0,0,0,0,0,0.8851554393940835,-1.2131465797928291,2.73574,1.87041,7.6676,1.21805,6.53704,0.3777709744658589,0.6254412157261858,0.24791362849786203,1.0467786762097129,0.6822582117717472,2.077028990750787,-0.11001290069120637,-0.3870370918189913,1.6021551867454897,-0.5550231802386093,-0.40387272380744554,-0.6357229432289523,0,-0.31632603250270985
1805,0.09489994512667226,1,0,0,0,0,0,0,0,0.8869548134314748,-1.2061422347440678,5.03571,1.87041,1.21805,6.53704,7.6676,0.3777709744658589,1.7757904920712,1.1303899804907092,1.154600892318076,0.8418950178191904,2.077028990750787,-0.11001290069120637,-0.3870370918189913,1.6021551867454897,-0.5550231802386093,-0.40387272380744554,-0.6357229432289523,0,-0.31632603250270985
1807,-0.23065819998932538,1,0,0,0,0,0,0,0,0.8737005256650253,-1.215848346937166,0.980625,5.03571,6.53704,7.6676,2.5824,1.2178203125316516,0.6254412157261858,0.11757160936882338,-0.1550911460246266,-0.21002826379625278,3.2976016351740816,-0.11001290069120637,-0.3870370918189913,-0.04389014208798146,-0.5550231802386093,-0.40387272380744554,-0.6357229432289523,1,-0.31632603250270985
1808,0.03720971599779993,1,0,0,0,0,0,0,0,0.8697895930092437,-1.228018826976813,0.376312,0.720617,7.6676,1.87041,3.755,-0.2692853047961258,0.016030198190879738,0.27726551533438404,0.09106875494851344,0.002438108771959768,2.077028990750787,-0.11001290069120637,-0.3870370918189913,0.7791325223287542,-0.5550231802386093,-0.40387272380744554,-0.6357229432289523,1,-0.31632603250270985
1809,-0.3489769697737199,0,0,1,0,0,0,0,0,-0.3061396064652354,0.562098272319269,2.80494,0.668045,0.663182,2.11817,1.48166,0.40881601100982345,-0.03376669334898897,-0.45307245425316095,0.67826463933455,0.36730633721282635,-0.3641162980958024,-0.11001290069120637,-0.3870370918189913,-0.04389014208798146,-0.5550231802386093,-0.40387272380744554,-0.6357229432289523,4,-0.31632603250270985
1811,-0.684846669604496,0,0,1,0,0,0,0,0,-0.3121981126201692,0.5559644847007084,2.80494,1.48166,0.668045,1.55592,2.11817,-0.5687042672568242,-0.10501126926964041,-0.4768875579654925,-0.727453979881547,-0.7205179102913873,-0.3641162980958024,-0.11001290069120637,-0.3870370918189913,-0.04389014208798146,-0.5550231802386093,-0.40387272380744554,-0.6357229432289523,3,1.7381456473456194
1812,0.12093466441529875,0,0,1,0,0,0,0,0,-0.3077366698597651,0.5549550010292404,0.668045,0.663182,1.55592,2.11817,1.48166,-0.6862806911213091,-1.0261988555784458,-0.678936336675072,-0.6962449452835129,-0.7547227231841481,-0.3641162980958024,-0.11001290069120637,-0.3870370918189913,-0.8669128065047171,-0.5550231802386093,-0.40387272380744554,-0.6357229432289523,4,1.7381456473456194
1813,-0.6830170909932158,0,0,1,0,0,0,0,0,-0.30363608554311033,0.5540791591773794,2.80494,0.663182,1.55592,2.11817,1.48166,-0.6862806911213091,-0.05976492535493142,-0.4543442381612222,-0.5541014798697317,-0.3064338104599723,-0.3641162980958024,-0.11001290069120637,-0.3870370918189913,-0.04389014208798146,-0.5550231802386093,-0.40387272380744554,-0.6357229432289523,3,1.7381456473456194
1814,-0.13744487555363072,0,0,1,0,0,0,0,0,-0.3094746822086764,0.5465846875593728,1.17923,1.48166,2.80494,0.668045,0.663182,-0.44239034892024703,-0.7267803968459716,-0.41786967059118263,-0.5541014798697317,-0.7205179102913873,-0.3641162980958024,-0.11001290069120637,-0.3870370918189913,0.7791325223287542,-0.5550231802386093,-0.40387272380744554,-0.6357229432289523,3,-0.31632603250270985
1815,-0.49069688897650393,0,0,1,0,0,0,0,0,-0.31303383383694694,0.5432880835605034,2.11817,1.48166,2.80494,0.663182,0.668045,-0.44239034892024703,-0.7547889272321471,0.4644442025632721,0.08967386619789908,-0.0004699525286141843,-0.3641162980958024,-0.11001290069120637,-0.3870370918189913,-0.04389014208798146,-0.5550231802386093,-0.40387272380744554,-0.6357229432289523,4,-0.31632603250270985
1816,-0.3769153838542602,0,0,1,0,0,0,0,0,-0.31505562178026914,0.5483578321715702,1.17923,2.11817,0.663182,2.80494,0.668045,-0.20696233973414938,-0.7267803968459716,-0.5161211027930847,-0.509088879660402,-0.3064338104599723,-0.3641162980958024,-0.11001290069120637,-0.3870370918189913,0.7791325223287542,-0.5550231802386093,-0.40387272380744554,-0.6357229432289523,3,-0.31632603250270985
1819,-0.16992431653899373,0,0,0,0,1,0,0,0,-0.3037335747848272,0.585204918608398,1.97755,1.55592,1.23801,1.61091,2.99608,4.3070421477905745,3.606976311299342,2.743747043543118,2.1254349793762315,2.139143272461235,-0.3641162980958024,-0.11001290069120637,-0.3870370918189913,-0.8669128065047171,-0.5550231802386093,5.062930929792387,-0.6357229432289523,0,1.7381456473456194
1823,-0.7178532007881734,0,0,0,0,1,0,0,0,-0.28384153099012976,0.6157057221682056,1.92426,0.389387,1.02031,1.61091,1.23801,0.6007068377988309,0.3409040412652366,0.35207744134328783,0.01933705113385455,-0.04619290218024773,-0.3641162980958024,-0.11001290069120637,-0.3870370918189913,-0.8669128065047171,-0.5550231802386093,2.329529102992471,-0.6357229432289523,3,-0.31632603250270985
1825,-0.21039852320186103,0,0,0,0,1,0,0,0,-0.2876317475409135,0.6227449661744116,0.575451,0.389387,1.02031,0.955472,1.23801,0.6007068377988309,1.0066368493768476,0.8938266920033027,0.5148906844648273,0.5392332490809909,-0.3641162980958024,-0.11001290069120637,-0.3870370918189913,-0.8669128065047171,-0.5550231802386093,0.9628281895925127,-0.6357229432289523,4,-0.31632603250270985
1827,-0.7878549928361354,0,0,0,0,1,0,0,0,-0.2932797540825907,0.6113103523003405,1.23801,0.955472,1.61091,0.575451,0.214794,-0.5086464413485628,-0.2607337067061705,-0.6369085405349965,-0.44055848861998864,-0.296287118899094,-0.3641162980958024,-0.11001290069120637,-0.3870370918189913,-0.8669128065047171,-0.5550231802386093,2.329529102992471,-0.6357229432289523,3,-0.31632603250270985
1828,0.2648780690370969,0,0,0,1,0,0,0,0,-0.28287269355379524,0.5507822138596186,2.24098,0.875891,4.56264,2.81654,0.415398,0.6649008245775172,-0.04405542902960172,-0.4111337864507788,-0.0830866188728542,0.07367292234863014,-0.3641162980958024,-0.11001290069120637,-0.3870370918189913,0.7791325223287542,-0.5550231802386093,-0.40387272380744554,-0.6357229432289523,3,-0.31632603250270985
1829,0.7822240588317515,0,0,0,1,0,0,0,0,-0.28632321776141517,0.5428584623293475,2.81654,3.18754,2.24098,2.68463,0.967832,0.3038140675498052,0.01606604461522519,0.026181788999249278,0.4092048164114424,0.10243469457902453,-0.3641162980958024,-0.11001290069120637,-0.3870370918189913,1.6021551867454897,-0.5550231802386093,-0.40387272380744554,-0.6357229432289523,2,-0.31632603250270985
1831,0.07567112283127207,0,0,0,1,0,0,0,0,-0.28423497606902026,0.5285950930961182,2.1593,0.574987,2.09447,1.81555,0.516027,-0.39650578845465806,0.3129332093367296,-0.13976416903969727,-0.4039515905824132,-0.5342730615602711,-0.3641162980958024,-0.11001290069120637,-0.3870370918189913,-0.04389014208798146,-0.5550231802386093,-0.40387272380744554,2.9649425081253407,1,-0.31632603250270985
1832,-0.12197077144465387,0,0,0,1,0,0,0,0,-0.2794543168855028,0.5267940425392527,2.68463,0.574987,0.516027,0.810019,2.09447,-0.39650578845465806,-0.21167282845249538,-0.5726417411650658,-0.7859594301574128,-0.7182768831396622,-0.3641162980958024,-0.11001290069120637,-0.3870370918189913,-0.04389014208798146,-0.5550231802386093,-0.40387272380744554,2.9649425081253407,1,-0.31632603250270985
1834,-0.2352631850195679,0,0,0,1,0,0,0,0,-0.27468933599452877,0.5174965430571105,0.516027,0.574987,2.09447,2.1593,0.810019,-0.5933865019179239,-0.5628642720376492,-0.0754076472780068,-0.3594329828448302,-0.3939232111880427,-0.3641162980958024,-0.11001290069120637,-0.3870370918189913,-0.04389014208798146,-0.5550231802386093,-0.40387272380744554,2.9649425081253407,1,-0.31632603250270985
1835,-0.6296030268850736,0,0,0,1,0,0,0,0,-0.27109693476567354,0.5286299661919935,2.1593,0.967832,1.85817,0.516027,2.68463,0.6545529502899285,0.6718577787496077,0.24164602243373062,-0.026234643507907177,-0.2757718077474812,-0.3641162980958024,-0.11001290069120637,-0.3870370918189913,1.6021551867454897,-0.5550231802386093,-0.40387272380744554,1.764720691007243,0,-0.31632603250270985
1838,0.1252988659145481,0,0,0,1,0,0,0,0,-0.27990473631204194,0.5393325113070528,4.56264,2.24098,0.967832,2.68463,0.66596,0.3038140675498052,-0.09581871444549069,-0.4829238934400847,-0.14021242212587579,-0.3753920082461543,-0.3641162980958024,-0.11001290069120637,-0.3870370918189913,1.6021551867454897,-0.5550231802386093,-0.40387272380744554,-0.6357229432289523,2,-0.31632603250270985
1839,-0.09124077330166255,0,0,0,1,0,0,0,0,-0.27564489455982877,0.5463813525736043,0.66596,0.967832,0.875891,3.18754,2.81654,0.3639537134420908,-0.18065745737814656,-0.5539078746671879,-0.7799910646611676,-0.9972243833124566,-0.3641162980958024,-0.11001290069120637,-0.3870370918189913,0.7791325223287542,-0.5550231802386093,-0.40387272380744554,-0.6357229432289523,3,-0.31632603250270985
1840,-0.6838015185902792,0,0,0,1,0,0,0,0,-0.26843372779703606,0.5440298487564557,1.69967,0.967832,2.24098,1.56175,2.81654,-0.4842954631810241,-0.8839211080908934,-0.7081228657429585,-0.7350722584283946,-0.3753920082461543,-0.3641162980958024,-0.11001290069120637,-0.3870370918189913,0.7791325223287542,-0.5550231802386093,-0.40387272380744554,-0.6357229432289523,3,-0.31632603250270985
1842,-0.57022994660912,0,0,0,1,0,0,0,0,-0.27115849078947224,0.5398659266232947,0.66596,2.24098,2.81654,1.56175,1.69967,-0.37907293382209983,-0.18065745737814656,-0.4829238934400847,-0.5963719850350941,-0.7933692897045784,-0.3641162980958024,-0.11001290069120637,-0.3870370918189913,-0.04389014208798146,-0.5550231802386093,-0.40387272380744554,-0.6357229432289523,4,-0.31632603250270985
1843,-0.3467835822960798,0,0,0,1,0,0,0,0,-0.26157530265305756,0.53875165799319,5.16099,0.66596,1.69967,0.967832,0.810019,0.7368145921441561,-0.04221013271927918,-0.41302406803299785,-0.5963719850350941,-0.07486990784161864,-0.3641162980958024,-0.11001290069120637,-0.3870370918189913,0.7791325223287542,-0.5550231802386093,-0.40387272380744554,0.5644988738891453,2,-0.31632603250270985
1845,1.0073378490969187,0,0,0,1,0,0,0,0,-0.25421295652083764,0.5433614713809715,1.03564,1.56175,1.69967,3.34226,0.66596,0.6660523929733607,-0.04668624416695427,-0.03560074650317966,-0.32509403146558885,-0.09926526986820607,-0.3641162980958024,-0.11001290069120637,-0.3870370918189913,-0.04389014208798146,-0.5550231802386093,-0.40387272380744554,-0.6357229432289523,4,-0.31632603250270985
1846,-0.2948947313670719,0,0,0,1,0,0,0,0,-0.26458580190632813,0.5468222977703712,0.66596,1.56175,3.34226,0.967832,5.16099,-0.4842954631810241,0.013886064933537794,-0.31561269658204544,-0.5516706088278365,-0.6170015717022957,-0.3641162980958024,-0.11001290069120637,-0.3870370918189913,0.7791325223287542,-0.5550231802386093,-0.40387272380744554,-0.6357229432289523,3,-0.31632603250270985
1849,0.3230874876546731,0,0,0,1,0,0,0,0,-0.25788692579817213,0.5532780153589623,1.69967,1.03564,5.16099,8.53695,1.46594,0.9672768412556264,0.42394968517582066,0.0007765801935486141,-0.2966998945762103,-0.265464254779499,-0.3641162980958024,-0.11001290069120637,-0.3870370918189913,0.7791325223287542,-0.5550231802386093,-0.40387272380744554,0.5644988738891453,2,-0.31632603250270985
1850,-0.5447189315004036,0,0,0,1,0,0,0,0,-0.2480022379098445,0.5489696112796703,0.50664,5.16099,0.49196,3.34226,8.53695,0.6651394411349246,-0.09977813632913186,-0.21164962950898022,-0.37671828819122266,-0.3135799924954207,-0.3641162980958024,-0.11001290069120637,-0.3870370918189913,-0.04389014208798146,-0.5550231802386093,-0.40387272380744554,-0.6357229432289523,4,-0.31632603250270985
1853,2.277455926114708,0,0,0,1,0,0,0,0,-0.24998886238351023,0.560927483283822,4.38431,0.50664,0.49196,3.34226,2.02808,1.0430519646771164,0.28860117506047545,-0.1439318388314204,-0.2966998945762103,-0.42476483880406174,-0.3641162980958024,-0.11001290069120637,-0.3870370918189913,0.7791325223287542,-0.5550231802386093,-0.40387272380744554,-0.6357229432289523,3,-0.31632603250270985
1854,0.715131985266134,0,0,0,1,0,0,0,0,-0.2582859351165548,0.5659095147023675,2.07895,1.14222,8.53695,3.34226,1.46594,-0.16809669388848877,-0.14828247039898695,-0.26631489057857594,0.07770078377039435,-0.2120874035695989,-0.3641162980958024,-0.11001290069120637,1.4728290102938495,-0.8669128065047171,-0.5550231802386093,-0.40387272380744554,1.764720691007243,2,-0.31632603250270985
1855,-0.15220039131230026,0,0,0,1,0,0,0,0,-0.2628037844280845,0.5694649482084813,1.14222,4.38431,1.08131,2.24471,0.415398,-1.2048866587457459,-0.7256285746395045,-0.32735387385897896,-0.16370614126474434,-0.29619415118085984,-0.3641162980958024,-0.11001290069120637,-0.3870370918189913,-0.04389014208798146,-0.5550231802386093,-0.40387272380744554,0.5644988738891453,3,-0.31632603250270985
1856,-0.5046209491047129,0,0,0,1,0,0,0,0,-0.26474692698828056,0.5709587817025795,2.07895,1.08131,4.38431,2.24471,0.415398,-1.2048866587457459,-0.46311061847953927,-0.5536419821032929,-0.23077465453931964,-0.3251320723398809,-0.3641162980958024,-0.11001290069120637,1.4728290102938495,-0.04389014208798146,-0.5550231802386093,-0.40387272380744554,-0.6357229432289523,3,-0.31632603250270985
1858,-0.5275367692184446,0,0,0,1,0,0,0,0,-0.2705549962623106,0.5746898344014841,1.14222,2.07895,2.24471,0.415398,4.38431,0.18179379113994473,0.1126857804797982,0.543182449732801,0.21621938112066477,0.09216382304290777,-0.3641162980958024,-0.11001290069120637,1.4728290102938495,-0.04389014208798146,-0.5550231802386093,-0.40387272380744554,0.5644988738891453,2,-0.31632603250270985
1860,-0.6048203819576113,0,0,0,1,0,0,0,0,-0.27480727191312215,0.554229344679432,1.46594,0.415398,2.24098,3.18754,0.66596,0.24340033697396293,-0.2399803126228103,-0.5539078746671879,-0.7364908046730152,-0.3613818085209421,-0.3641162980958024,-0.11001290069120637,-0.3870370918189913,-0.8669128065047171,-0.5550231802386093,-0.40387272380744554,0.5644988738891453,4,-0.31632603250270985
1861,-0.3828296293342776,0,0,0,1,0,0,0,0,-0.26961512403434956,0.5589634163197157,0.415398,0.875891,2.07895,3.34226,4.38431,-0.7445786943169798,-0.41688808545722117,0.381929029000058,0.029988028593973322,-0.2120874035695989,-0.3641162980958024,-0.11001290069120637,1.4728290102938495,-0.04389014208798146,-0.5550231802386093,-0.40387272380744554,-0.6357229432289523,3,-0.31632603250270985
1862,-0.7780690234226028,0,0,0,1,0,0,0,0,-0.27262268659190797,0.5614587068521506,1.46594,0.875891,1.14222,2.07895,1.08131,-0.7445786943169798,-0.2399803126228103,0.32714118625498645,-0.003870920433602569,-0.09644335087696972,-0.3641162980958024,-0.11001290069120637,1.4728290102938495,-0.8669128065047171,-0.5550231802386093,-0.40387272380744554,1.764720691007243,2,-0.31632603250270985
1867,-0.738324315613791,0,0,0,1,0,0,0,0,-0.2548475785635506,0.5829228002484975,2.24471,4.93632,3.444,8.02395,1.14222,-0.6180387804494336,-0.3723097098173698,0.4372034319524629,0.4067404570216316,0.20653151686015153,-0.3641162980958024,-0.11001290069120637,-0.3870370918189913,-0.04389014208798146,-0.5550231802386093,-0.40387272380744554,0.5644988738891453,3,-0.31632603250270985
1868,-0.08983745678509353,0,0,0,1,0,0,0,0,-0.2577437238584622,0.5797804971829584,0.521039,4.93632,1.14222,2.07895,1.08131,-0.6180387804494336,-0.12957531630817065,0.1071657929273893,-0.16370614126474434,-0.15130090004215932,-0.3641162980958024,-0.11001290069120637,1.4728290102938495,-0.8669128065047171,-0.5550231802386093,-0.40387272380744554,0.5644988738891453,3,-0.31632603250270985
1869,0.9228115429903339,0,0,0,1,0,0,0,0,-0.24943464247384056,0.5781422322809063,3.444,0.521039,2.24471,1.59278,1.89852,-0.15024616846407476,-0.3723097098173698,-0.5374208268647119,-0.6502852452265284,-0.2942918539144141,-0.3641162980958024,-0.11001290069120637,1.4728290102938495,-0.04389014208798146,0.4150033169688831,-0.40387272380744554,-0.6357229432289523,2,-0.31632603250270985
1870,0.3613645445972286,0,0,0,1,0,0,0,0,-0.2448189834918611,0.5746120419270596,1.59278,4.93632,1.89852,3.98222,2.02808,-0.925896678944235,-0.7122355741113024,0.06133922403027998,-0.14220008727771938,-0.30487717652459656,-0.3641162980958024,-0.11001290069120637,1.4728290102938495,0.7791325223287542,0.4150033169688831,-0.40387272380744554,-0.6357229432289523,1,-0.31632603250270985
1871,-0.33510934328558734,0,0,0,1,0,0,0,0,-0.24185549589145117,0.5730048196335525,3.444,3.98222,4.93632,2.02808,1.89852,-0.925896678944235,-0.033924895918244276,-0.3660286124131975,-0.5142337513457795,-0.5523801164449893,-0.3641162980958024,-0.11001290069120637,1.4728290102938495,1.6021551867454897,-0.5550231802386093,-0.40387272380744554,-0.6357229432289523,1,-0.31632603250270985
1873,0.563855969677062,0,0,0,1,0,0,0,0,-0.23319269522822586,0.5710620117899399,1.59278,2.02808,3.444,1.89852,4.55203,0.753823235642954,-0.020262944534330214,0.20707504579033661,0.04444230105202869,0.4215743147078286,-0.3641162980958024,-0.11001290069120637,1.4728290102938495,0.7791325223287542,0.4150033169688831,0.9628281895925127,-0.6357229432289523,0,-0.31632603250270985
1875,-0.17133891978357796,0,0,0,1,0,0,0,0,-0.2382671222224908,0.5641275420106658,3.98222,0.49196,1.59278,0.50664,8.53695,0.7720322254814996,0.042602893965314796,-0.2125669187831529,-0.4226657128863142,-0.42476483880406174,-0.3641162980958024,-0.11001290069120637,-0.3870370918189913,-0.04389014208798146,0.4150033169688831,-0.40387272380744554,-0.6357229432289523,3,-0.31632603250270985
1878,-0.7492645410790217,0,0,0,1,0,0,0,0,-0.24102801324650414,0.5558558694112405,0.50664,2.02808,1.03564,8.53695,3.34226,-1.5120055197300404,0.042602893965314796,-0.21164962950898022,-0.453385308068664,0.3565877232490572,-0.3641162980958024,-0.11001290069120637,-0.3870370918189913,0.7791325223287542,-0.5550231802386093,-0.40387272380744554,-0.6357229432289523,3,-0.31632603250270985
1879,-0.743741568836868,0,0,0,1,0,0,0,0,-0.2420209829077155,0.5547891424745168,0.49196,1.03564,8.53695,2.02808,3.34226,-1.5120055197300404,-0.10046311137404984,-0.1748159244468746,-0.4226657128863142,0.17477729348190488,-0.3641162980958024,-0.11001290069120637,-0.3870370918189913,0.7791325223287542,-0.5550231802386093,-0.40387272380744554,-0.6357229432289523,3,-0.31632603250270985
1881,-0.22008253583898885,0,0,0,1,0,0,0,0,-0.23742893732870582,0.5828717955192311,4.55203,4.96056,1.59278,3.444,4.93632,0.39179395095213243,-0.05263527214402894,0.04471224142083114,-0.27140220797236836,-0.2942918539144141,-0.3641162980958024,-0.11001290069120637,-0.3870370918189913,-0.04389014208798146,0.4150033169688831,0.9628281895925127,-0.6357229432289523,2,-0.31632603250270985
1882,0.9319312192266965,0,0,0,1,0,0,0,0,-0.2405196111691848,0.590626402227116,8.02395,1.89852,4.55203,2.80221,2.78354,0.6695924697746082,-0.05263527214402894,-0.2812552231930387,0.07323223173216437,-0.11220160525726112,-0.3641162980958024,-0.11001290069120637,1.4728290102938495,-0.8669128065047171,-0.5550231802386093,0.9628281895925127,-0.6357229432289523,2,1.7381456473456194
1883,2.0844528770530704,0,0,0,1,0,0,0,0,-0.24741106620421682,0.5955020531429404,4.96056,2.80221,0.521039,1.89852,4.55203,0.6695924697746082,1.3801861642262525,0.8262622610679259,0.6588772273721344,0.5398275881721784,-0.3641162980958024,-0.11001290069120637,1.4728290102938495,-0.8669128065047171,-0.5550231802386093,0.9628281895925127,-0.6357229432289523,2,1.7381456473456194
1884,-0.5748800785514239,0,0,0,0,1,0,0,0,-0.3006285301584308,0.6140795418387928,0.214794,0.389387,1.23801,1.61091,1.92426,-0.40999965986507003,-0.2607337067061705,-0.42355664970774065,0.3311159729228828,0.1746264393386258,-0.3641162980958024,-0.11001290069120637,-0.3870370918189913,-0.8669128065047171,-0.5550231802386093,2.329529102992471,-0.6357229432289523,3,-0.31632603250270985
1886,-0.8535411163153138,0,0,0,0,1,0,0,0,-0.30513342880333577,0.6163363968834891,0.955472,0.389387,1.23801,1.92426,1.61091,-0.40999965986507003,0.9088297892831826,0.5294957477266536,1.0171772085521391,0.8076562777745379,-0.3641162980958024,-0.11001290069120637,-0.3870370918189913,-0.8669128065047171,-0.5550231802386093,2.329529102992471,-0.6357229432289523,3,-0.31632603250270985
1887,-0.8021082491981241,0,0,0,1,0,0,0,0,-0.2765883401422963,0.7804872274844923,6.61931,2.29586,2.24109,5.52852,1.40553,1.5496706944265914,0.7040121827339648,0.27774044968170386,0.9570703166026118,0.7940076975255242,-0.3641162980958024,-0.11001290069120637,1.4728290102938495,-0.04389014208798146,-0.5550231802386093,-0.40387272380744554,0.5644988738891453,2,-0.31632603250270985
1889,-0.15966468077308557,0,0,0,1,0,0,0,0,-0.29354340083752933,0.7608958525019272,2.97042,0.624527,3.7919,1.9889,5.52852,1.071506512238084,0.4860887907485471,0.2618158348588812,0.24712955211059792,0.13797740180886114,-0.3641162980958024,-0.11001290069120637,1.4728290102938495,-0.8669128065047171,1.3850298141763753,-0.40387272380744554,0.5644988738891453,1,-0.31632603250270985
1890,0.18319225614769583,0,0,0,1,0,0,0,0,-0.28550083466323817,0.7554132713427646,0.624527,2.05911,5.52852,3.89258,2.96787,-0.7137596497397395,0.20442844047264738,0.0017288019271537577,0.01651329347215529,0.6185255397704543,-0.3641162980958024,-0.11001290069120637,-0.3870370918189913,-0.04389014208798146,0.4150033169688831,-0.40387272380744554,2.9649425081253407,0,-0.31632603250270985
1891,-0.6993896186522106,0,0,0,1,0,0,0,0,-0.2827336671945594,0.7582704010332522,2.97042,5.52852,3.89258,2.05911,2.96787,-0.7137596497397395,-0.45362040106217555,-0.08163307725402,-0.3289497025385137,0.07254220293547015,-0.3641162980958024,-0.11001290069120637,-0.3870370918189913,-0.04389014208798146,0.4150033169688831,-0.40387272380744554,2.9649425081253407,0,-0.31632603250270985
1893,1.1456115540123646,0,0,0,1,0,0,0,0,-0.27803001549561523,0.7632339311465476,0.624527,2.24109,3.89258,2.96787,2.97042,0.19444258981169468,-0.07612077820367956,-0.23261283507508967,-0.4011382707851096,-0.5869654616530885,-0.3641162980958024,-0.11001290069120637,-0.3870370918189913,0.7791325223287542,1.3850298141763753,-0.40387272380744554,0.5644988738891453,0,-0.31632603250270985
1894,-0.09119938863227317,0,0,0,1,0,0,0,0,-0.2722913740133824,0.769395348286297,5.52852,1.90578,2.96787,0.351502,3.89258,0.697583510425616,0.16668170463051024,-0.14872933164452498,-0.07955165992304593,-0.0022688440949162145,-0.3641162980958024,6.9251710563310676,-0.3870370918189913,-0.04389014208798146,-0.5550231802386093,-0.40387272380744554,1.764720691007243,1,-0.31632603250270985
1899,-0.21735114765928612,0,0,0,1,0,0,0,0,-0.26407519522457645,0.7644233658763444,2.96787,2.24109,1.95471,3.89258,5.52852,-0.32317708415317,0.16668170463051024,0.17929252667079476,-0.0670627671434076,-0.13467804776944242,-0.3641162980958024,-0.11001290069120637,-0.3870370918189913,0.7791325223287542,-0.5550231802386093,-0.40387272380744554,1.764720691007243,1,-0.31632603250270985
1900,0.18223288426639536,0,0,0,1,0,0,0,0,-0.26763707686777916,0.760628489758335,1.90578,3.89258,2.24109,5.52852,1.95471,-0.32317708415317,-0.41211076045666245,-0.14872933164452498,-0.4011382707851096,-0.3023824761842975,-0.3641162980958024,-0.11001290069120637,-0.3870370918189913,-0.04389014208798146,-0.5550231802386093,-0.40387272380744554,1.764720691007243,2,-0.31632603250270985
1901,0.5301312263673444,0,0,0,1,0,0,0,0,-0.2723801595438901,0.7554721006121291,2.96787,5.52852,0.624527,1.62466,4.06509,0.2497676749878449,0.22194650730145166,-0.08163307725402,-0.3417209468022881,-0.5627505245559673,-0.3641162980958024,-0.11001290069120637,-0.3870370918189913,-0.04389014208798146,0.4150033169688831,-0.40387272380744554,0.5644988738891453,1,1.7381456473456194
1902,-0.19894249426633112,0,0,0,1,0,0,0,0,-0.2554439774889017,0.7564882624715694,1.90578,4.06509,2.96787,3.89258,1.62466,1.727990297170576,0.8010878767247146,0.35541489247290564,0.6969016739743412,0.6663991198213226,-0.3641162980958024,-0.11001290069120637,-0.3870370918189913,-0.04389014208798146,-0.5550231802386093,-0.40387272380744554,0.5644988738891453,2,1.7381456473456194
1904,0.5950336746979935,0,0,0,1,0,0,0,0,-0.2642147687310346,0.7480831217232452,1.62466,1.67472,1.86874,3.89258,1.95471,0.08154961689525599,-0.11841191350671662,-0.1410591744855465,-0.2975692310690907,-0.37145800819132757,-0.3641162980958024,-0.11001290069120637,-0.3870370918189913,-0.8669128065047171,-0.5550231802386093,-0.40387272380744554,0.5644988738891453,4,-0.31632603250270985
1905,-0.3231153136479948,0,0,0,1,0,0,0,0,-0.2702138779897279,0.7452624665213469,1.86874,4.06509,1.67472,3.89258,2.96787,-0.3585555590061525,-0.5383224257898197,-0.7481992608069302,-0.3417209468022881,0.27662005036989784,-0.3641162980958024,-0.11001290069120637,-0.3870370918189913,-0.04389014208798146,-0.5550231802386093,-0.40387272380744554,0.5644988738891453,2,1.7381456473456194
1906,-0.23128649451551037,0,0,0,1,0,0,0,0,-0.27065790548581375,0.740331441372841,1.62466,1.67472,4.06509,3.38615,3.89258,-0.3585555590061525,-0.8228223370183662,-0.1410591744855465,0.17930857113549448,0.22048008605271874,-0.3641162980958024,-0.11001290069120637,-0.3870370918189913,-0.04389014208798146,-0.5550231802386093,-0.40387272380744554,0.5644988738891453,2,1.7381456473456194
1907,-0.3042815268331301,0,0,0,1,0,0,0,0,-0.2651897404353304,0.7401251340757493,1.86874,1.62466,4.06509,3.38615,3.89258,-0.2976389665692801,-0.3726569331710507,-0.5277409317318605,-0.6018375110033517,0.48336690559708806,-0.3641162980958024,-0.11001290069120637,-0.3870370918189913,-0.04389014208798146,-0.5550231802386093,-0.40387272380744554,0.5644988738891453,2,1.7381456473456194
1908,0.3395999707410577,0,0,0,1,0,0,0,0,-0.2586471635172163,0.7335045850779153,1.67472,1.86874,3.67327,4.06509,1.62466,0.9737811333149845,1.1472495535070697,1.0107170261810767,0.6143224890332871,0.352914735688348,-0.3641162980958024,-0.11001290069120637,-0.3870370918189913,-0.8669128065047171,-0.5550231802386093,-0.40387272380744554,0.5644988738891453,3,1.7381456473456194
1910,-0.5316677116720445,0,0,0,1,0,0,0,0,-0.2391147851536301,0.7410059042085521,3.67327,5.40819,0.970681,1.60842,3.38615,-0.4541407956539567,0.9310698718267281,1.530370136487267,1.0480831246826223,1.002815969188916,-0.3641162980958024,-0.11001290069120637,1.4728290102938495,-0.04389014208798146,-0.5550231802386093,-0.40387272380744554,2.9649425081253407,0,-0.31632603250270985
1911,0.4476214823328264,0,0,0,1,0,0,0,0,-0.2432799215706485,0.7384756605508973,1.07033,5.40819,3.38615,1.60842,0.970681,-0.4541407956539567,0.3571078156552671,1.0107170261810767,0.8997784987243396,0.659304352967425,-0.3641162980958024,-0.11001290069120637,1.4728290102938495,-0.04389014208798146,-0.5550231802386093,-0.40387272380744554,1.764720691007243,1,-0.31632603250270985
1913,1.1003404879429945,0,0,0,1,0,0,0,0,-0.2407606573852408,0.7288091356028463,1.60842,3.67327,0.970681,1.07033,3.38615,0.651720220977172,0.3571078156552671,-0.0776213025402044,0.013123404072915837,0.5967241720862233,-0.3641162980958024,-0.11001290069120637,1.4728290102938495,-0.04389014208798146,-0.5550231802386093,-0.40387272380744554,1.764720691007243,1,-0.31632603250270985
1915,-0.5691580836719337,0,0,0,1,0,0,0,0,-0.23068497958133646,0.725173207519567,1.60842,5.40819,1.07033,3.67327,3.38615,-0.8775283899912495,0.4006915127746577,1.530370136487267,1.0489206257965722,2.3232336489934102,-0.3641162980958024,-0.11001290069120637,1.4728290102938495,-0.04389014208798146,-0.5550231802386093,-0.40387272380744554,1.764720691007243,1,-0.31632603250270985
1917,-0.3292251957469441,0,0,0,1,0,0,0,0,-0.2339886908969788,0.7238789998503457,0.970681,5.40819,3.67327,1.07033,3.38615,-0.8775283899912495,-0.11053136529866728,1.38239325783638,1.0480831246826223,1.9012722502049622,-0.3641162980958024,-0.11001290069120637,-0.3870370918189913,-0.04389014208798146,-0.5550231802386093,-0.40387272380744554,2.9649425081253407,1,-0.31632603250270985
1919,-0.3658807260979681,0,0,0,0,1,0,0,0,-0.2885648638399274,0.7017543985279472,2.74907,3.75314,0.617532,1.21163,0.278737,-0.0456956792669137,-0.5060521657924955,-0.6247446545711471,-0.7270217700073787,-0.8846500341713451,-0.3641162980958024,-0.11001290069120637,-0.3870370918189913,-0.04389014208798146,-0.5550231802386093,-0.40387272380744554,-0.6357229432289523,4,-0.31632603250270985
1920,0.09991501460813752,0,0,0,0,1,0,0,0,-0.2838793046698596,0.7056991908024358,0.278737,1.51099,0.669661,2.00728,0.965502,-0.8531213542500964,-0.6337927986887789,-0.9738593688555145,-0.6636702335818172,-0.8763476250600161,-0.3641162980958024,-0.11001290069120637,-0.3870370918189913,-0.8669128065047171,-0.5550231802386093,-0.40387272380744554,0.5644988738891453,4,-0.31632603250270985
1921,-0.8294842079992353,0,0,0,0,1,0,0,0,-0.28021948073612646,0.7056844395461669,0.669661,2.74907,2.00728,0.375942,1.51099,-1.125029342982801,-1.2395930333834733,-0.5603296560587053,-0.8122159654149914,-0.8846500341713451,-0.3641162980958024,-0.11001290069120637,-0.3870370918189913,-0.8669128065047171,-0.5550231802386093,-0.40387272380744554,0.5644988738891453,4,-0.31632603250270985
1922,-0.6824091125774583,0,0,0,0,1,0,0,0,-0.27768339666208625,0.7046335975641681,0.278737,2.74907,0.375942,4.677,3.12469,-1.125029342982801,-0.6329009386888991,-0.9248922984142864,-0.9192571175055485,-0.9737105193367258,-0.3641162980958024,-0.11001290069120637,-0.3870370918189913,-0.8669128065047171,-0.5550231802386093,-0.40387272380744554,-0.6357229432289523,5,-0.31632603250270985
1923,-0.792913328108326,0,0,0,0,1,0,0,0,-0.2764652546651624,0.6986000228268343,0.669661,0.278737,3.12469,3.75314,2.74907,0.030759767376413498,-0.1425614595842345,-0.5021598081710642,-0.49519241524400465,-0.6832777755691999,-0.3641162980958024,-0.11001290069120637,-0.3870370918189913,-0.8669128065047171,-0.5550231802386093,-0.40387272380744554,-0.6357229432289523,5,-0.31632603250270985
1924,0.2412323738450426,0,0,0,0,1,0,0,0,-0.2691010401901933,0.7028856658565621,4.677,0.375942,0.669661,0.278737,2.74907,-0.03343042127055288,-0.0889103143154439,-0.47892659377294433,-0.2680609839940437,0.03623260967260274,-0.3641162980958024,-0.11001290069120637,-0.3870370918189913,-0.8669128065047171,-0.5550231802386093,-0.40387272380744554,-0.6357229432289523,5,-0.31632603250270985
1925,0.8252490660260766,0,0,0,0,1,0,0,0,-0.27105605662742344,0.708539845960686,3.12469,0.669661,0.278737,2.00728,1.4335,-0.03343042127055288,-0.2818044654111023,-0.30484076495439605,-0.48644457307296146,-0.5344763584748101,-0.3641162980958024,-0.11001290069120637,-0.3870370918189913,-0.8669128065047171,-0.5550231802386093,-0.40387272380744554,0.5644988738891453,4,-0.31632603250270985
1926,-0.39503434456148917,0,0,0,0,1,0,0,0,-0.27615679766448253,0.7182324996714823,2.00728,2.13121,4.677,0.278737,0.669661,-0.06869844761181382,0.029886377888776103,0.0669634317093822,0.16758597294922123,-0.0448924131856077,-0.3641162980958024,-0.11001290069120637,-0.3870370918189913,-0.04389014208798146,-0.5550231802386093,-0.40387272380744554,0.5644988738891453,3,-0.31632603250270985
1927,0.477670514552228,0,0,0,0,1,0,0,0,-0.28621845944502516,0.6957150203482795,1.51099,0.375942,2.74907,0.278737,1.21163,0.12456022496039443,0.26983425161259295,-0.057803276373034056,-0.14611378633159772,-0.3673313148701265,-0.3641162980958024,-0.11001290069120637,-0.3870370918189913,-0.8669128065047171,-0.5550231802386093,-0.40387272380744554,-0.6357229432289523,5,-0.31632603250270985
1928,-0.19601923171036828,0,0,0,0,1,0,0,0,-0.2995616257576507,0.6946355740680816,1.21163,1.51099,3.75314,0.720942,0.617532,0.20531569869417937,0.9901885567132144,0.44000365881611175,0.2986455522877389,0.13348212083776073,-0.3641162980958024,-0.11001290069120637,-0.3870370918189913,-0.04389014208798146,-0.5550231802386093,-0.40387272380744554,-0.6357229432289523,4,-0.31632603250270985
1929,-0.4785072227199795,0,0,0,0,1,0,0,0,-0.29744374433286347,0.7010084023695824,1.96248,0.720942,0.617532,1.51099,0.0923603,0.20531569869417937,-0.3010113893988331,-0.5006288921575104,-0.7270217700073787,-0.5099784128911111,-0.3641162980958024,-0.11001290069120637,-0.3870370918189913,-0.04389014208798146,-0.5550231802386093,-0.40387272380744554,-0.6357229432289523,4,-0.31632603250270985
1931,-0.7020213074011115,0,0,0,0,1,0,0,0,-0.29305200497822304,0.7080260513316374,0.0923603,0.720942,0.965502,1.51099,0.562841,-0.9062169127856583,-1.1198849173247516,-1.1186035551986706,-0.87965000195441,-1.0360059075035288,-0.3641162980958024,-0.11001290069120637,-0.3870370918189913,-0.8669128065047171,-0.5550231802386093,-0.40387272380744554,-0.6357229432289523,5,-0.31632603250270985
1933,-0.6631159559323709,0,0,0,0,1,0,0,0,-0.2972244760911382,0.7082705601296703,0.617532,0.0923603,0.562841,1.21163,0.965502,-0.6935713889741831,-0.9323120741342302,-0.9148993505410168,-0.9340221770469861,-1.024116053959142,-0.3641162980958024,-0.11001290069120637,-0.3870370918189913,-0.04389014208798146,-0.5550231802386093,-0.40387272380744554,-0.6357229432289523,4,-0.31632603250270985
1934,-0.8996036453755434,0,0,0,0,1,0,0,0,-0.29339464110087077,0.7112815989193658,0.617532,0.965502,0.720942,0.562841,1.05207,-0.9062169127856583,-1.2512291057725935,-1.2334816761632188,-1.3032802062218618,-1.391717629299179,-0.3641162980958024,-0.11001290069120637,-0.3870370918189913,-0.04389014208798146,-0.5550231802386093,-0.40387272380744554,-0.6357229432289523,4,-0.31632603250270985
1936,-0.5385375667906908,0,0,0,0,1,0,0,0,-0.29190530656689484,0.716905257320929,0.965502,0.0923603,0.562841,2.13121,0.617532,-0.38757502312127534,-0.6612431389028312,-0.9137236247584485,-1.086959686112315,-0.853381843438227,-0.3641162980958024,-0.11001290069120637,-0.3870370918189913,0.7791325223287542,-0.5550231802386093,-0.40387272380744554,-0.6357229432289523,3,-0.31632603250270985
1937,-0.5711065491516417,0,0,0,0,1,0,0,0,-0.2899849455975907,0.7123919242902372,0.0923603,1.05207,0.617532,2.13121,0.562841,-0.8686302019937318,-0.8903001072389487,-1.1186035551986706,-1.1796200244074304,-1.0582579855311463,-0.3641162980958024,-0.11001290069120637,-0.3870370918189913,0.7791325223287542,-0.5550231802386093,-0.40387272380744554,-0.6357229432289523,3,-0.31632603250270985
1938,-0.1325389111096469,0,0,0,0,1,0,0,0,-0.2850725376899197,0.7161718690697788,2.00728,0.965502,1.05207,1.4335,0.0923603,-0.15608711546298515,-0.6204939605705742,-0.8585832867633613,-0.6796490541434279,-0.8073378318118419,-0.3641162980958024,-0.11001290069120637,-0.3870370918189913,-0.8669128065047171,-0.5550231802386093,-0.40387272380744554,0.5644988738891453,4,-0.31632603250270985
1940,-0.1791643845408529,0,0,0,0,1,0,0,0,-0.27984602557401006,0.7135336178587854,2.13121,1.4335,0.278737,2.74907,0.669661,-0.15608711546298515,-0.6510514552979565,-0.5603296560587053,-0.6636702335818172,-0.8218874287733327,-0.3641162980958024,-0.11001290069120637,-0.3870370918189913,-0.04389014208798146,-0.5550231802386093,-0.40387272380744554,-0.6357229432289523,4,-0.31632603250270985
1942,-0.7225973887972713,0,0,0,0,1,0,0,0,-0.29795163294297033,0.714420747193951,0.0923603,0.720942,1.05207,0.965502,0.617532,-0.24237106692056334,-0.5649049093319201,-0.9137236247584485,-0.8435314316835761,-1.0360059075035288,-0.3641162980958024,-0.11001290069120637,-0.3870370918189913,-0.04389014208798146,-0.5550231802386093,-0.40387272380744554,-0.6357229432289523,4,-0.31632603250270985
1944,0.9762353889294224,0,0,0,0,1,0,0,0,-0.29802026613144905,0.7252323139529692,3.82876,1.05207,0.562841,0.66634,0.0923603,0.7593136470575946,0.3965683605222851,0.06736312519111562,0.20854096434129848,0.11512182489357294,-0.3641162980958024,-0.11001290069120637,-0.3870370918189913,-0.04389014208798146,-0.5550231802386093,-0.40387272380744554,-0.6357229432289523,3,1.7381456473456194
1945,0.5061205936361285,0,0,0,0,1,0,0,0,-0.2997333356852339,0.7334486302015851,0.66634,5.07832,2.02833,1.05207,0.562841,0.23218542409625914,-0.029805516727547846,0.256046831940038,1.10668790027614,0.8827475214961331,-0.3641162980958024,-0.11001290069120637,-0.3870370918189913,-0.04389014208798146,-0.5550231802386093,-0.40387272380744554,0.5644988738891453,2,1.7381456473456194
1946,-0.683658553368752,0,0,0,0,1,0,0,0,-0.30640404898076157,0.7359957126459027,3.82876,2.02833,5.07832,1.78888,0.562841,0.23218542409625914,-0.3322055657059005,0.6026996308038318,0.8177885821294405,1.5468656711278284,-0.3641162980958024,-0.11001290069120637,-0.3870370918189913,0.7791325223287542,-0.5550231802386093,-0.40387272380744554,0.5644988738891453,2,-0.31632603250270985
1947,-0.17124486371678382,0,0,0,0,1,0,0,0,-0.3067401982855609,0.7431264839418215,0.66634,1.78888,3.82876,5.07832,2.05911,0.3562673131710682,0.3601236077154859,0.256046831940038,1.4033949746734495,1.3198970079494827,-0.3641162980958024,-0.11001290069120637,-0.3870370918189913,-0.04389014208798146,-0.5550231802386093,-0.40387272380744554,1.764720691007243,1,1.7381456473456194
1949,-0.4765546187733325,0,0,0,1,0,0,0,0,-0.2062384247543621,0.6169373213740491,1.25317,1.9101,4.30938,2.05358,1.08113,0.5534661803770324,-0.0512475297312761,-0.46916086983222116,-0.4088555351273741,-0.41616044119664464,-0.3641162980958024,-0.11001290069120637,-0.3870370918189913,-0.04389014208798146,-0.5550231802386093,-0.40387272380744554,-0.6357229432289523,4,-0.31632603250270985
1950,0.6869415009265851,0,0,0,1,0,0,0,0,-0.2128503612995142,0.6224313234488955,1.9101,1.48968,2.05358,1.21682,1.99865,-0.3709906195228679,-0.16798964858467333,-0.555557576384872,-0.741717167794631,-0.4591296396446515,-0.3641162980958024,-0.11001290069120637,-0.3870370918189913,-0.04389014208798146,-0.5550231802386093,-0.40387272380744554,0.5644988738891453,3,-0.31632603250270985
1951,-0.21572585882508288,0,0,0,1,0,0,0,0,-0.21500238830319515,0.6179550338772312,2.05358,4.30938,1.99865,1.21682,1.25317,-0.9940297732350524,-0.8778570602768911,-0.8825458947053738,-0.742019633503497,-0.7625923146257183,-0.3641162980958024,-0.11001290069120637,-0.3870370918189913,-0.04389014208798146,-0.5550231802386093,-0.40387272380744554,-0.6357229432289523,4,-0.31632603250270985
1952,3.95069454316964,0,0,0,1,0,0,0,0,-0.22572943190044634,0.6247528705098627,1.9101,4.30938,2.05358,1.99865,3.57757,1.991071926035615,0.933355844248228,0.41610040166501944,0.4571225051958431,0.21973428908254755,-0.3641162980958024,-0.11001290069120637,-0.3870370918189913,-0.04389014208798146,-0.5550231802386093,-0.40387272380744554,-0.6357229432289523,3,1.7381456473456194
1953,-0.46287886666146016,0,0,0,1,0,0,0,0,-0.2096810016398082,0.6099014736805715,1.21682,1.99865,2.05358,1.9101,4.30938,0.5534661803770324,-0.14658029073823692,-0.3712504378718579,-0.517759787365648,-0.1810097034368129,-0.3641162980958024,-0.11001290069120637,-0.3870370918189913,-0.04389014208798146,-0.5550231802386093,-0.40387272380744554,-0.6357229432289523,4,-0.31632603250270985
1954,-0.18241119996658772,0,0,0,1,0,0,0,0,-0.21774532018349374,0.6121604856652955,2.05358,1.9101,1.25317,5.62962,4.30938,-0.8496138473333861,-0.5275930733507029,-0.5521660055658175,-0.40245887040632133,-0.4591296396446515,-0.3641162980958024,-0.11001290069120637,-0.3870370918189913,-0.04389014208798146,-0.5550231802386093,0.9628281895925127,-0.6357229432289523,3,-0.31632603250270985
1955,-0.16174520097057254,0,0,0,1,0,0,0,0,-0.21684487801868563,0.6155000356810196,1.9101,1.99865,4.30938,1.25317,1.21682,-0.9940297732350524,-1.2369613998112803,-0.555557576384872,-0.6549146555870575,-0.6637523776204607,-0.3641162980958024,-0.11001290069120637,-0.3870370918189913,-0.8669128065047171,-0.5550231802386093,-0.40387272380744554,-0.6357229432289523,5,-0.31632603250270985
1956,-0.6034877956032715,0,0,0,1,0,0,0,0,-0.2155350774194417,0.5961762417242806,5.62962,2.78354,1.25317,1.99865,4.55203,1.268207730539429,0.6411856079856703,0.9110241358875496,0.7333133605179122,0.570079893733283,-0.3641162980958024,-0.11001290069120637,-0.3870370918189913,-0.8669128065047171,-0.5550231802386093,2.329529102992471,-0.6357229432289523,3,-0.31632603250270985
1958,0.411616819964018,0,0,0,1,0,0,0,0,-0.23547682347137985,0.6125833145085385,2.80221,5.62962,12.9844,1.99865,2.05358,1.6635550662230543,1.5956745152425935,1.0043132699055084,0.8315575299280415,0.6468186275612273,-0.3641162980958024,-0.11001290069120637,-0.3870370918189913,-0.04389014208798146,0.4150033169688831,0.9628281895925127,-0.6357229432289523,1,1.7381456473456194
1960,0.11990757216590636,0,0,0,1,0,0,0,0,-0.23380301746572202,0.6015532062640458,2.78354,5.62962,3.57757,4.96056,8.02395,0.8149327426043951,0.46128768014547944,0.13737223183510444,0.07323223173216437,0.03257541042352348,-0.3641162980958024,-0.11001290069120637,-0.3870370918189913,-0.8669128065047171,-0.5550231802386093,0.9628281895925127,-0.6357229432289523,3,1.7381456473456194
1961,0.11288346509771766,0,0,0,1,0,0,0,0,-0.22735832559389454,0.5955182284233299,2.80221,5.62962,4.55203,0.879433,4.96056,0.8149327426043951,0.0851210915508963,-0.32335419366419543,-0.2097211502384971,-0.11220160525726112,-0.3641162980958024,-0.11001290069120637,-0.3870370918189913,-0.8669128065047171,-0.5550231802386093,2.329529102992471,-0.6357229432289523,2,1.7381456473456194
1963,1.7571039044253118,0,0,0,1,0,0,0,0,-0.21621442050524353,0.6376012828361908,2.63127,0.807909,1.62305,1.48968,0.923743,0.37289568982994087,0.28299699717345356,-0.1411683307107049,-0.37678538172317116,-0.382996479105853,-0.3641162980958024,-0.11001290069120637,-0.3870370918189913,-0.8669128065047171,-0.5550231802386093,2.329529102992471,1.764720691007243,0,1.7381456473456194
1964,-0.5276044895865364,0,0,0,1,0,0,0,0,-0.197291447105367,0.6248015423821,2.06433,3.09444,1.55693,1.21682,1.48968,-0.33665585175398954,-0.11626495839803636,0.16822201086489502,-0.13605270346401863,-0.265598802060556,-0.3641162980958024,-0.11001290069120637,-0.3870370918189913,-0.8669128065047171,-0.5550231802386093,-0.40387272380744554,1.764720691007243,3,-0.31632603250270985
1967,-0.37389806523150326,0,0,0,1,0,0,0,0,-0.2094737206567986,0.6295678830897928,3.09444,4.30938,7.15386,1.55693,0.923743,0.11112972669853553,-0.16798964858467333,-0.05752959440461861,-0.2725721880365183,-0.43457746162566835,-0.3641162980958024,-0.11001290069120637,-0.3870370918189913,-0.8669128065047171,-0.5550231802386093,-0.40387272380744554,0.5644988738891453,3,1.7381456473456194
1968,0.22985158976294795,0,0,0,1,0,0,0,0,-0.20281952560711047,0.6309179469412889,1.55693,1.48968,2.06433,1.08113,0.923743,-0.17971228172197704,-0.5161288815214946,-0.5365225396632329,-0.792000890580847,-0.8672149754174111,-0.3641162980958024,-0.11001290069120637,-0.3870370918189913,-0.8669128065047171,-0.5550231802386093,-0.40387272380744554,0.5644988738891453,3,1.7381456473456194
1969,-0.1577007900984233,0,0,0,1,0,0,0,0,-0.19454758033402075,0.6291062560120165,1.08113,3.09444,1.55693,0.923743,1.48968,-0.33665585175398954,-0.12853936067808655,-0.43277084842865493,0.29682402533607166,0.012633013789501353,-0.3641162980958024,-0.11001290069120637,-0.3870370918189913,-0.8669128065047171,-0.5550231802386093,-0.40387272380744554,1.764720691007243,2,1.7381456473456194
1970,-0.34859698326387145,0,0,0,1,0,0,0,0,-0.20008608168125813,0.6357793382166846,0.923743,3.09444,2.06433,1.62305,1.48968,-0.2260699406037026,-0.7343435883598578,-0.43277084842865493,-0.6631771529062479,-0.5400635669039239,-0.3641162980958024,-0.11001290069120637,-0.3870370918189913,-0.8669128065047171,-0.5550231802386093,-0.40387272380744554,2.9649425081253407,1,1.7381456473456194
1971,-0.5868172983246728,0,0,0,1,0,0,0,0,-0.20395322775838517,0.6397171262146855,1.62305,1.55693,3.09444,2.63127,1.48968,-0.8733780028101075,-0.769125093952965,-0.3465715531955219,-0.45541839070001155,-0.43457746162566835,-0.3641162980958024,-0.11001290069120637,-0.3870370918189913,-0.8669128065047171,-0.5550231802386093,0.9628281895925127,2.9649425081253407,1,-0.31632603250270985
1972,-0.32372103471814917,0,0,0,1,0,0,0,0,-0.20675507395217327,0.6418290897319878,0.923743,2.63127,1.55693,7.15386,3.09444,-0.8733780028101075,-0.47981296912439614,-0.3805702681511789,-0.45093531941493964,-0.4132809452150817,-0.3641162980958024,-0.11001290069120637,-0.3870370918189913,-0.8669128065047171,-0.5550231802386093,0.9628281895925127,0.5644988738891453,2,1.7381456473456194
1974,-0.002075621980789035,0,0,0,0,1,0,0,0,-0.2650109317307669,0.6443594018499195,0.770319,1.68216,0.970416,1.13744,2.30242,-0.4740887946495119,-0.30512707563218366,-0.6192184443902276,-0.4280491266011086,-0.40730649334939306,-0.3641162980958024,-0.11001290069120637,-0.3870370918189913,-0.04389014208798146,0.4150033169688831,-0.40387272380744554,-0.6357229432289523,3,-0.31632603250270985
1975,-0.644539130291988,0,0,0,0,1,0,0,0,-0.2602482482823027,0.6432886033829996,0.970416,2.47798,1.68216,1.13744,2.30242,-0.9953756729713183,-0.9552101846862884,-0.8095638696127236,-0.9149815100105712,-0.9440867326080914,-0.3641162980958024,-0.11001290069120637,-0.3870370918189913,-0.8669128065047171,1.3850298141763753,-0.40387272380744554,-0.6357229432289523,3,-0.31632603250270985
1976,-0.5692577831027354,0,0,0,0,1,0,0,0,-0.2570730862929402,0.6429475634182787,0.770319,2.30242,4.07542,1.13744,2.47798,-0.9953756729713183,-0.38899757421023073,-0.752641192650084,-0.9321377860016107,-1.08659218121945,-0.3641162980958024,-0.11001290069120637,-0.3870370918189913,-0.04389014208798146,2.355056311383868,-0.40387272380744554,-0.6357229432289523,1,-0.31632603250270985
1977,0.5989200713779289,0,0,0,0,1,0,0,0,-0.24993373233452348,0.641086554361903,0.970416,2.7302,2.30242,0.770319,1.13744,0.2955250755496,-0.22340911561993343,-0.3552380623696498,-0.4332099740481489,-0.6456611779724498,-0.3641162980958024,-0.11001290069120637,-0.3870370918189913,-0.04389014208798146,0.4150033169688831,-0.40387272380744554,-0.6357229432289523,3,-0.31632603250270985
1979,-0.5064193011018174,0,0,0,0,1,0,0,0,-0.25929347263426206,0.635977096095072,1.68216,0.970416,0.770319,1.18321,1.14847,-0.6572004183877683,-0.29856010530681093,-0.6645974552287757,-0.6425639089576819,-0.7602649515333179,-0.3641162980958024,-0.11001290069120637,-0.3870370918189913,-0.04389014208798146,-0.5550231802386093,-0.40387272380744554,-0.6357229432289523,4,-0.31632603250270985
1980,-0.30148241828533556,0,0,0,0,1,0,0,0,-0.263363683531098,0.6372777947821993,1.13744,0.770319,2.47798,0.970416,1.39229,-0.6572004183877683,-0.44342607234569487,-0.6896434646094224,-0.7609765581531932,-0.7600683200784851,-0.3641162980958024,-0.11001290069120637,-0.3870370918189913,-0.04389014208798146,1.3850298141763753,-0.40387272380744554,-0.6357229432289523,2,-0.31632603250270985
1981,-0.4105385466118402,0,0,0,0,1,0,0,0,-0.26614781623366146,0.6281542436359192,1.18321,1.14847,1.02031,0.848941,1.68216,-0.028669373707741058,-0.02889318941301248,-0.2729108628248603,-0.5675891331753925,-0.7600683200784851,-0.3641162980958024,-0.11001290069120637,-0.3870370918189913,-0.8669128065047171,-0.5550231802386093,-0.40387272380744554,-0.6357229432289523,5,-0.31632603250270985
1983,-0.48919951639314074,0,0,0,0,1,0,0,0,-0.2598812818930122,0.627181731225564,1.14847,1.39229,1.13744,1.95583,1.68216,-1.1844555451372343,-0.6210181988422417,-0.3573191943310786,-0.612032126645068,-0.5683829683600228,-0.3641162980958024,-0.11001290069120637,-0.3870370918189913,-0.8669128065047171,0.4150033169688831,-0.40387272380744554,-0.6357229432289523,4,-0.31632603250270985
1984,-0.5022695474348586,0,0,0,0,1,0,0,0,-0.2573625663162628,0.6266626873943496,1.18321,1.39229,1.95583,1.13744,1.68216,-1.1844555451372343,-0.02889318941301248,-0.359032703107557,-0.5151954419710193,-0.3283622883201342,-0.3641162980958024,-0.11001290069120637,-0.3870370918189913,-0.8669128065047171,0.4150033169688831,-0.40387272380744554,-0.6357229432289523,4,-0.31632603250270985
1986,-0.19852112308709324,0,0,0,0,1,0,0,0,-0.2599799748342037,0.6182074582461409,0.848941,1.14847,1.18321,2.03762,1.39229,0.649973917644295,0.07615196205234734,-0.3228803293867184,-0.28115258956495165,-0.41524917818406876,-0.3641162980958024,-0.11001290069120637,-0.3870370918189913,-0.8669128065047171,-0.5550231802386093,-0.40387272380744554,-0.6357229432289523,4,1.7381456473456194
1988,-0.6149596259580229,0,0,0,0,1,0,0,0,-0.26848061477575025,0.6192072898590802,1.02031,2.03762,1.95583,1.39229,1.18321,-0.7477332080318413,-0.15717084769565082,-0.5220437423688862,-0.5675891331753925,-0.4432623285853835,-0.3641162980958024,-0.11001290069120637,-0.3870370918189913,-0.8669128065047171,-0.5550231802386093,-0.40387272380744554,-0.6357229432289523,4,1.7381456473456194
1989,-0.5504864495162222,0,0,0,0,1,0,0,0,-0.2720942380828558,0.6208260459741454,0.848941,1.39229,2.03762,1.95583,0.575451,-0.7477332080318413,0.17547254144740793,-0.11342303439007582,-0.10580772531186453,-0.30506785689818783,-0.3641162980958024,-0.11001290069120637,-0.3870370918189913,-0.8669128065047171,-0.5550231802386093,-0.40387272380744554,-0.6357229432289523,4,1.7381456473456194
1990,-0.16774974027471246,0,0,0,0,1,0,0,0,-0.2687884458834511,0.611360405528163,0.848941,1.02031,1.95583,0.575451,2.99608,0.5895579546085741,0.35940292977406596,0.05034110831647102,0.48038516052362124,0.5031098540052873,-0.3641162980958024,-0.11001290069120637,-0.3870370918189913,-0.8669128065047171,-0.5550231802386093,0.9628281895925127,-0.6357229432289523,4,-0.31632603250270985
1991,0.088015041037339,0,0,1,0,0,0,0,0,-0.3152554493684036,0.5277166334073116,0.515653,3.28132,0.675934,0.978755,3.42242,0.08274159354938505,0.45379315639246076,0.22675661695650548,0.48300897141424737,0.25510032886421796,-0.3641162980958024,-0.11001290069120637,-0.3870370918189913,-0.04389014208798146,-0.5550231802386093,-0.40387272380744554,-0.6357229432289523,4,-0.31632603250270985
1992,-0.07715493673856755,0,0,1,0,0,0,0,0,-0.34165879469998045,0.5240874255944851,1.70615,2.05167,0.953139,0.806654,0.978755,0.2110267888613293,-0.06407376082400011,-0.24262511444646864,-0.27452237706740196,-0.41104178753206005,-0.3641162980958024,-0.11001290069120637,-0.3870370918189913,1.6021551867454897,-0.5550231802386093,-0.40387272380744554,-0.6357229432289523,0,3.7926173271939483
1993,-0.16246378932088004,0,0,1,0,0,0,0,0,-0.33421575302100365,0.5197252057676638,0.978755,0.806654,2.27842,0.953139,3.42242,-0.43702641830043665,-0.9190478694145644,-0.4806237911039996,-0.7418395703839162,-0.9516741504090147,-0.3641162980958024,-0.11001290069120637,-0.3870370918189913,0.7791325223287542,-0.5550231802386093,-0.40387272380744554,-0.6357229432289523,2,1.7381456473456194
1994,-0.6308690215441232,0,0,1,0,0,0,0,0,-0.33533659150503586,0.5151008215847034,2.05167,0.978755,3.42242,3.04619,2.27842,-0.42589075815990646,-0.008145291098915156,-0.3846278743224658,-0.45892429733563983,-0.5418335304911964,-0.3641162980958024,-0.11001290069120637,-0.3870370918189913,-0.04389014208798146,-0.5550231802386093,-0.40387272380744554,-0.6357229432289523,3,1.7381456473456194
1995,-0.5661204489387491,0,0,1,0,0,0,0,0,-0.3296396725970382,0.5216602612970966,2.05167,3.42242,0.953139,0.806654,0.515653,-0.43702641830043665,-0.5110638835242055,-0.7917247033576702,-0.7088853783680782,-0.7491007184250018,-0.3641162980958024,-0.11001290069120637,-0.3870370918189913,-0.04389014208798146,-0.5550231802386093,-0.40387272380744554,-0.6357229432289523,2,3.7926173271939483
1996,0.35324562491155576,0,0,1,0,0,0,0,0,-0.3261464848857594,0.5161536436757511,0.675934,0.978755,2.05167,0.806654,0.515653,-0.08596072136182008,-0.5110638835242055,-0.45153930228386563,-0.6667744244345692,-0.8207784222534751,-0.3641162980958024,-0.11001290069120637,-0.3870370918189913,0.7791325223287542,-0.5550231802386093,-0.40387272380744554,-0.6357229432289523,2,1.7381456473456194
1997,-0.7403506595168047,0,0,1,0,0,0,0,0,-0.31953438078961954,0.522860488918266,0.675934,2.71744,3.28132,3.42242,0.978755,-0.0762931491998434,-0.537428102313127,-0.791308069826475,-0.5818706592849563,-0.7491007184250018,-0.3641162980958024,-0.11001290069120637,-0.3870370918189913,-0.04389014208798146,-0.5550231802386093,-0.40387272380744554,-0.6357229432289523,4,-0.31632603250270985
1998,-0.6800490577494589,0,0,1,0,0,0,0,0,-0.32005818708968636,0.5170682625251005,3.28132,3.42242,0.515653,4.88696,0.978755,-0.5171760376271609,-0.6640030987905117,-0.9945388219062589,-0.4842745738050437,-0.6571185609731719,-0.3641162980958024,-0.11001290069120637,-0.3870370918189913,-0.04389014208798146,-0.5550231802386093,-0.40387272380744554,-0.6357229432289523,3,1.7381456473456194
2000,0.3001603808129261,0,0,1,0,0,0,0,0,-0.31531117469383396,0.5173707476691035,0.675934,0.515653,4.88696,3.42242,2.71744,-0.5171760376271609,-0.4223724510326963,-0.10749717902554333,-0.3745312426211657,-0.6137634616025615,-0.3641162980958024,-0.11001290069120637,-0.3870370918189913,-0.8669128065047171,-0.5550231802386093,-0.40387272380744554,-0.6357229432289523,4,1.7381456473456194
2001,0.9042411131624928,0,0,1,0,0,0,0,0,-0.31778090180845037,0.5076544442855199,0.675934,3.28132,3.04619,3.42242,1.75114,1.1776102211570598,0.366236961493369,-0.0038702240615634373,-0.12374285803212084,-0.15027946038825396,-0.3641162980958024,-0.11001290069120637,-0.3870370918189913,-0.8669128065047171,-0.5550231802386093,0.9628281895925127,-0.6357229432289523,4,-0.31632603250270985
2002,0.2116987688716731,0,0,1,0,0,0,0,0,-0.32894603775603626,0.507363238902211,1.28881,1.75114,3.42242,0.806654,4.88696,0.4813239146671022,0.12458591691845625,-0.28050496685791243,-0.45892429733563983,-0.5914705512627133,-0.3641162980958024,-0.11001290069120637,-0.3870370918189913,-0.04389014208798146,-0.5550231802386093,0.9628281895925127,-0.6357229432289523,2,1.7381456473456194
2003,-0.4494702337792832,0,0,1,0,0,0,0,0,-0.3360341351915038,0.5038473318106463,2.23669,3.04619,1.75114,0.806654,2.85511,0.1011278209725741,-0.23837733992153187,-0.20224143323533736,-0.1792901042108784,-0.42408967715041396,-0.3641162980958024,-0.11001290069120637,-0.3870370918189913,-0.04389014208798146,-0.5550231802386093,3.696230016392429,-0.6357229432289523,1,-0.31632603250270985
2006,0.6799474917997708,0,0,1,0,0,0,0,0,-0.32703870923695594,0.482174644843668,0.819035,2.65979,1.21579,3.70533,2.85511,-0.138047922138826,0.0794167441756373,0.06472640698966585,-0.14191203319867987,-0.19807056928593578,-0.3641162980958024,-0.11001290069120637,-0.3870370918189913,-0.8669128065047171,-0.5550231802386093,5.062930929792387,-0.6357229432289523,0,1.7381456473456194
2007,0.45968323233851077,0,0,1,0,0,0,0,0,-0.3148408246575569,0.4830092580389801,4.29079,0.819035,1.21579,9.56686,2.65979,1.7711939306672966,0.9472187211135076,0.9625902427254197,1.0544562802735757,0.8811479042600817,-0.3641162980958024,-0.11001290069120637,-0.3870370918189913,-0.8669128065047171,-0.5550231802386093,3.696230016392429,-0.6357229432289523,0,3.7926173271939483
2008,0.8348954562364868,0,0,1,0,0,0,0,0,-0.3268839652697302,0.46403997485540993,2.09261,9.56686,4.7271,4.29079,3.70533,1.8012262378451975,1.242328499927191,1.4135480017211384,1.1131980544969808,1.3914862949989286,-0.3641162980958024,-0.11001290069120637,-0.3870370918189913,-0.8669128065047171,-0.5550231802386093,2.329529102992471,-0.6357229432289523,0,5.847089007042277
2009,-0.5764293700836574,0,0,0,1,0,0,0,0,-0.2720050533077619,0.47691381782655684,6.23696,2.92992,0.677364,3.30968,0.316893,0.15691163799539107,0.8482338598487527,1.4532998229750966,1.0264755654827002,0.9074902309846914,-0.3641162980958024,-0.11001290069120637,-0.3870370918189913,0.7791325223287542,-0.5550231802386093,-0.40387272380744554,-0.6357229432289523,3,-0.31632603250270985
2010,1.4121438738510126,0,0,0,1,0,0,0,0,-0.2772206976445767,0.48123526850517656,0.951354,3.30968,0.677364,2.92992,0.931195,0.15691163799539107,0.6784798166535385,0.4736405978461421,1.0245776498076618,1.0441075808251536,-0.3641162980958024,-0.11001290069120637,-0.3870370918189913,-0.04389014208798146,-0.5550231802386093,-0.40387272380744554,-0.6357229432289523,4,-0.31632603250270985
2012,-0.6795110570473963,0,0,0,1,0,0,0,0,-0.2757687892164424,0.49388643310030583,0.931195,6.23696,3.30968,0.951354,1.85817,0.4167439509812464,1.036437929305827,0.6406835524529543,0.9626407276290412,1.6571622099166374,-0.3641162980958024,-0.11001290069120637,-0.3870370918189913,-0.04389014208798146,-0.5550231802386093,-0.40387272380744554,0.5644988738891453,3,-0.31632603250270985
2013,-0.5840136750856721,0,0,0,1,0,0,0,0,-0.2751609901980568,0.501187162843699,0.677364,1.85817,0.516027,3.30968,0.574987,0.4167439509812464,1.9162342181851364,1.6298215275982362,1.255387800197365,0.8533822518953779,-0.3641162980958024,-0.11001290069120637,-0.3870370918189913,-0.04389014208798146,-0.5550231802386093,-0.40387272380744554,1.764720691007243,2,-0.31632603250270985
2015,-0.7402099516408805,0,0,0,1,0,0,0,0,-0.2788988804154973,0.5190124242767856,0.574987,1.85817,2.09447,2.1593,2.68463,-1.3214978877602201,-1.0447175923659466,-0.9319710871060103,-0.8334581540948028,-0.5342730615602711,-0.3641162980958024,-0.11001290069120637,-0.3870370918189913,0.7791325223287542,-0.5550231802386093,-0.40387272380744554,1.764720691007243,1,-0.31632603250270985
2016,-0.7180277688481433,0,0,0,1,0,0,0,0,-0.28100779121656555,0.5193047436550733,0.516027,2.09447,1.85817,2.1593,1.81555,-1.3214978877602201,-1.0630015220009672,-0.9131298940980266,-0.8653443829055786,-0.8176504129879534,-0.3641162980958024,-0.11001290069120637,-0.3870370918189913,-0.04389014208798146,-0.5550231802386093,-0.40387272380744554,4.165164325243438,0,-0.31632603250270985
2017,-0.25129786328663806,0,0,0,1,0,0,0,0,-0.2906786299276118,0.520528621262751,2.09447,0.574987,2.68463,0.516027,2.1593,-0.26618768771573675,0.16156340768511004,-0.08817220112748904,-0.20185945346014508,-0.288066865315015,-0.3641162980958024,-0.11001290069120637,-0.3870370918189913,0.7791325223287542,-0.5550231802386093,-0.40387272380744554,1.764720691007243,1,-0.31632603250270985
2018,-0.14636139068571818,0,0,0,1,0,0,0,0,-0.2854070810345854,0.5188199841340717,0.574987,1.81555,0.516027,2.1593,2.68463,-0.6177557797448657,-0.7992248806811972,-0.9319710871060103,-0.468931964576276,-0.7008135692743483,-0.3641162980958024,-0.11001290069120637,-0.3870370918189913,0.7791325223287542,-0.5550231802386093,-0.40387272380744554,1.764720691007243,1,-0.31632603250270985
2019,-0.5757578097667471,0,0,1,0,0,0,0,0,-0.33253476306295254,0.5278593035051907,1.70615,0.978755,2.05167,2.27842,0.806654,-0.01220753462833682,-0.42285293639596644,-0.46929893600202643,-0.5408818504682391,-0.1556189329640644,-0.3641162980958024,-0.11001290069120637,-0.3870370918189913,1.6021551867454897,-0.5550231802386093,-0.40387272380744554,-0.6357229432289523,1,1.7381456473456194
2020,-0.29245679811576697,0,0,1,0,0,0,0,0,-0.3384867003890392,0.530082640273723,0.953139,2.27842,2.05167,0.978755,0.806654,-0.01220753462833682,-0.44117750757021246,0.12969677326316098,-0.07548131746526644,0.22795729262907233,-0.3641162980958024,-0.11001290069120637,-0.3870370918189913,0.7791325223287542,-0.5550231802386093,-0.40387272380744554,-0.6357229432289523,1,3.7926173271939483
2022,0.3081062373356976,0,0,0,0,1,0,0,0,-0.6316979560639956,0.9480747856965734,2.97022,0.947836,0.583568,0.425826,2.69273,0.06742324153239705,-0.3047852951880116,-0.4998994790375801,-0.6919506845267812,-0.5957785839718336,-0.3641162980958024,-0.11001290069120637,-0.3870370918189913,1.6021551867454897,-0.5550231802386093,-0.40387272380744554,0.5644988738891453,1,-0.31632603250270985
2024,0.07871853939540328,0,0,0,0,1,0,0,0,-0.6229932134793771,0.9545910527303205,2.20946,2.20712,2.97022,3.30244,0.583568,0.21742014404557874,-0.30845626238359297,-0.46068571998368013,-0.33396035213359393,-0.10358358426387271,-0.3641162980958024,-0.11001290069120637,-0.3870370918189913,0.7791325223287542,-0.5550231802386093,-0.40387272380744554,-0.6357229432289523,3,-0.31632603250270985
2025,0.1831170112942605,0,0,0,0,1,0,0,0,-0.631858509333898,0.9543261272729655,0.583568,3.30244,2.69273,2.09213,2.20712,-0.33935881386678557,-0.5489212484125752,-0.46068571998368013,-0.3889862492510919,-0.3855477669835044,-0.3641162980958024,-0.11001290069120637,-0.3870370918189913,-0.04389014208798146,-0.5550231802386093,-0.40387272380744554,0.5644988738891453,3,-0.31632603250270985
2026,-0.7147993884115003,0,0,0,0,1,0,0,0,-0.6371926616522298,0.9543739981961219,2.97022,2.09213,3.30244,0.805327,0.870149,-0.33935881386678557,-0.8077651864777246,-0.4998994790375801,-0.569376164802931,-0.5680279597063007,-0.3641162980958024,-0.11001290069120637,-0.3870370918189913,-0.04389014208798146,-0.5550231802386093,-0.40387272380744554,-0.6357229432289523,4,-0.31632603250270985
2027,-0.6257128679624668,0,0,0,0,1,0,0,0,-0.6444965275218354,0.945661498049851,0.805327,0.870149,1.2866,0.425826,2.09213,-1.0941090451380089,-0.9044485173004402,-0.5887506699071804,-0.7107189531749262,-0.6918014974496144,-0.3641162980958024,-0.11001290069120637,-0.3870370918189913,0.7791325223287542,-0.5550231802386093,-0.40387272380744554,-0.6357229432289523,3,-0.31632603250270985
2028,-0.6313682711466666,0,0,0,0,1,0,0,0,-0.6446071072784768,0.9483554606100152,0.820359,0.870149,2.09213,0.583568,1.2866,-1.0941090451380089,-1.3786397490582916,-0.6828436576321537,-0.569376164802931,-0.7375296315399307,-0.3641162980958024,-0.11001290069120637,-0.3870370918189913,0.7791325223287542,0.4150033169688831,-0.40387272380744554,-0.6357229432289523,2,-0.31632603250270985
2029,-0.6069806616997397,0,0,0,0,1,0,0,0,-0.6473245635616681,0.9496629770433438,0.805327,0.820359,2.09213,1.2866,0.583568,-1.038446287830744,-0.9044485173004402,-0.6927423102290038,-0.5022138121607062,-0.5680279597063007,-0.3641162980958024,-0.11001290069120637,-0.3870370918189913,0.7791325223287542,0.4150033169688831,-0.40387272380744554,-0.6357229432289523,2,-0.31632603250270985
2030,-0.4503016894097437,0,0,0,0,1,0,0,0,-0.6507757967216834,0.9406708962308181,0.820359,0.870149,0.805327,0.425826,0.947836,0.5474394221552487,0.26070056430924715,-0.1853957112823109,0.1460726201613251,0.20967073115176385,-0.3641162980958024,-0.11001290069120637,-0.3870370918189913,-0.04389014208798146,0.4150033169688831,-0.40387272380744554,-0.6357229432289523,3,-0.31632603250270985
2031,-0.14724175547091153,0,0,0,0,1,0,0,0,-0.6426211564755497,0.9553930203713574,0.583568,0.870149,0.805327,0.820359,2.97022,-0.2775704204672338,-0.3087008397480268,-0.6828436576321537,-0.4397607391723062,-0.6457192988013309,-0.3641162980958024,-0.11001290069120637,-0.3870370918189913,0.7791325223287542,0.4150033169688831,-0.40387272380744554,-0.6357229432289523,2,-0.31632603250270985
2035,-0.1039797269882649,0,0,0,0,1,0,0,0,-0.6222912248132962,0.9617956641140526,2.69273,2.20946,0.779958,0.57136,2.97022,0.38792097747685783,-0.2823020772356368,-0.5067399410222471,-0.7041925076454153,-0.3855477669835044,-0.3641162980958024,-0.11001290069120637,-0.3870370918189913,-0.04389014208798146,-0.5550231802386093,-0.40387272380744554,0.5644988738891453,3,-0.31632603250270985
2036,-0.10309936220307155,0,0,0,0,1,0,0,0,-0.6163345750261977,0.9570384244799898,2.69273,2.20712,0.57136,0.779958,1.03651,0.21742014404557874,-0.2823020772356368,0.17275002001566794,0.0020284100332201276,-0.06785778401321033,-0.3641162980958024,-0.11001290069120637,-0.3870370918189913,-0.04389014208798146,-0.5550231802386093,-0.40387272380744554,0.5644988738891453,3,-0.31632603250270985
2037,-0.7193923342651933,0,0,0,0,1,0,0,0,-0.6165432451550386,0.9683445790556102,0.779958,1.13646,2.20712,1.67287,2.20946,-1.316266350672169,-0.14046525944006466,-0.4268342644041471,-0.4209710109109587,-0.4493583288788275,-0.3641162980958024,-0.11001290069120637,-0.3870370918189913,-0.8669128065047171,0.4150033169688831,-0.40387272380744554,-0.6357229432289523,4,-0.31632603250270985
2038,-0.6409127045806718,0,0,0,0,1,0,0,0,-0.618534737343801,0.9690980950617445,0.57136,1.13646,2.20712,1.67287,1.48097,-1.316266350672169,-0.30427010346447825,-0.5067399410222471,-0.6887682311296569,-0.6906350121018697,-0.3641162980958024,-0.11001290069120637,-0.3870370918189913,-0.8669128065047171,0.4150033169688831,-0.40387272380744554,-0.6357229432289523,4,-0.31632603250270985
2040,-0.37717497859861215,0,0,0,0,1,0,0,0,-0.6281722381271048,0.9731091838366498,1.59053,2.22685,0.951253,1.67287,0.779958,-0.3930547879286175,-0.7727229101283285,-1.0708785694759735,-0.8757180358844545,-0.6906350121018697,-0.3641162980958024,-0.11001290069120637,-0.3870370918189913,-0.04389014208798146,-0.5550231802386093,0.9628281895925127,-0.6357229432289523,3,-0.31632603250270985
2041,-0.5764673687346422,0,0,0,0,1,0,0,0,-0.6337387943424332,0.9746701784786621,1.05484,1.59053,1.48097,2.22685,2.12769,-0.4746392118782228,-0.9346491727477645,-1.0708785694759735,-1.0289135405071341,-0.544499138730327,-0.3641162980958024,-0.11001290069120637,-0.3870370918189913,-0.04389014208798146,0.4150033169688831,0.9628281895925127,-0.6357229432289523,2,-0.31632603250270985
2042,-0.5374954255706114,0,0,0,0,1,0,0,0,-0.6384978488095826,0.9757369995631855,0.951253,1.59053,1.48097,2.22685,2.12769,-0.4746392118782228,-0.11057301201972985,-0.09597562551392304,-0.33636454714015157,-0.5616297110144081,-0.3641162980958024,-0.11001290069120637,-0.3870370918189913,-0.04389014208798146,0.4150033169688831,0.9628281895925127,-0.6357229432289523,2,-0.31632603250270985
2044,-0.13386322053010882,0,0,0,0,1,0,0,0,-0.6337748753314454,0.9854213655818703,2.27838,3.13153,2.22685,1.05484,0.951253,0.25549016933508606,-0.32892492397206613,-0.3205591572490983,-0.2963342913843806,-0.544499138730327,-0.3641162980958024,-0.11001290069120637,-0.3870370918189913,-0.04389014208798146,1.3850298141763753,-0.40387272380744554,-0.6357229432289523,2,-0.31632603250270985
2045,-0.07716998570925471,0,0,0,0,1,0,0,0,-0.6265701506457828,0.9844764693034761,1.57024,2.22685,2.12769,1.67287,3.13153,-0.09927604538282114,-0.5757541572759381,-0.7786871157817707,-0.6601850330899682,-0.8730888709629439,-0.3641162980958024,-0.11001290069120637,-0.3870370918189913,0.7791325223287542,1.3850298141763753,-0.40387272380744554,-0.6357229432289523,1,-0.31632603250270985
2046,-0.09655682219686897,0,0,0,0,1,0,0,0,-0.6277558460749303,0.9784345062701398,1.48097,1.67287,2.27838,0.951253,1.57024,-0.23086519981208217,-0.5903531621217025,-0.9243068389418402,-1.0289135405071341,-0.9129328761779596,-0.3641162980958024,-0.11001290069120637,-0.3870370918189913,-0.04389014208798146,0.4150033169688831,-0.40387272380744554,-0.6357229432289523,3,-0.31632603250270985
2047,-0.30497754172740693,0,0,0,0,1,0,0,0,-0.6214027405419394,0.9772313800075721,1.13646,2.22685,1.57024,0.888413,1.48097,-0.646359354443007,-0.5903531621217025,-0.8458047875569304,-0.9256318331698545,-1.0874700857590371,-0.3641162980958024,-0.11001290069120637,-0.3870370918189913,1.6021551867454897,0.4150033169688831,-0.40387272380744554,-0.6357229432289523,1,-0.31632603250270985
2048,-0.5067880008836506,0,0,0,0,1,0,0,0,-0.6172005474221969,0.9762408935652036,1.67287,0.888413,0.779958,0.57136,1.57024,-0.646359354443007,-0.4118754245259411,-0.6889003757087799,-0.8106045402873027,-1.0025364722144958,-0.3641162980958024,-0.11001290069120637,-0.3870370918189913,0.7791325223287542,-0.5550231802386093,-0.40387272380744554,-0.6357229432289523,3,-0.31632603250270985
2049,-0.6001093016840249,0,0,0,0,1,0,0,0,-0.6166690092725102,0.9830351450770064,1.57024,1.06941,1.13646,1.67287,2.27838,-0.777646245347851,-0.46460666133802786,-0.7822059960592436,-0.9256318331698545,-0.7744812538080339,-0.3641162980958024,-0.11001290069120637,-0.3870370918189913,0.7791325223287542,1.3850298141763753,-0.40387272380744554,-0.6357229432289523,1,-0.31632603250270985
2050,-0.34358943826774974,0,0,0,0,1,0,0,0,-0.6205103798293091,0.9836904524866664,0.888413,2.27838,1.67287,1.06941,1.13646,-0.777646245347851,-0.6739934008912298,-0.8458047875569304,-0.9669864911499216,-1.0025364722144958,-0.3641162980958024,-0.11001290069120637,-0.3870370918189913,0.7791325223287542,1.3850298141763753,-0.40387272380744554,-0.6357229432289523,1,-0.31632603250270985
2051,-0.5320138379978471,0,0,0,0,1,0,0,0,-0.6163809814463983,0.9896269138822249,0.888413,1.57024,1.90477,2.27838,1.67287,0.17979982787344378,-0.3438925625838018,-0.6419376057365256,-0.2562933323604338,-0.11538988756163143,-0.3641162980958024,-0.11001290069120637,-0.3870370918189913,0.7791325223287542,0.4150033169688831,-0.40387272380744554,-0.6357229432289523,2,-0.31632603250270985
2054,0.2438057478325311,0,0,0,0,1,0,0,0,-0.631211326858254,0.9921554033493262,2.12769,3.41683,2.27838,1.90477,1.57024,0.3606398343663664,-0.09306520400541121,-0.3538717617738785,0.015483064177117657,-0.13678310611136874,-0.3641162980958024,-0.11001290069120637,-0.3870370918189913,-0.04389014208798146,1.3850298141763753,-0.40387272380744554,0.5644988738891453,1,-0.31632603250270985
2055,0.35114253125803824,0,0,0,0,1,0,0,0,-0.6272006283541264,0.9993428022222025,3.13153,1.90477,1.06941,2.27838,2.12769,0.6749995567448112,-0.08910906290239677,0.7565065528515826,0.4997689163017495,0.22072902803520647,-0.3641162980958024,-0.11001290069120637,-0.3870370918189913,-0.04389014208798146,2.355056311383868,-0.40387272380744554,-0.6357229432289523,1,-0.31632603250270985
2057,-0.21773113416913453,0,0,0,0,1,0,0,0,-0.619018971571331,0.9966774841853722,1.06941,3.41683,3.13153,1.57024,0.888413,0.4656863594206543,-0.08910906290239677,0.38493655093773543,0.15778728575140705,-0.020035816539185975,-0.3641162980958024,-0.11001290069120637,-0.3870370918189913,1.6021551867454897,0.4150033169688831,-0.40387272380744554,0.5644988738891453,0,-0.31632603250270985
2061,0.6139803287930113,0,0,0,0,1,0,0,0,-0.6132074359762018,1.016273132109676,0.166659,2.71457,3.04205,3.29814,1.69933,-0.7888449228382943,-0.9099557725631242,-0.614490494513824,-0.7995911834044376,-0.21001436681343075,-0.3641162980958024,-0.11001290069120637,-0.3870370918189913,-0.04389014208798146,-0.5550231802386093,0.9628281895925127,0.5644988738891453,2,-0.31632603250270985
2062,0.21014120040556164,0,0,0,0,1,0,0,0,-0.6212141102745371,1.0151370050704898,0.166659,4.11545,3.29814,2.71457,3.41683,-0.6765697403841462,-0.2184564180074396,-0.5015957434398676,-0.0408609066823593,0.48330731706205987,-0.3641162980958024,-0.11001290069120637,-0.3870370918189913,-0.8669128065047171,-0.5550231802386093,0.9628281895925127,1.764720691007243,2,-0.31632603250270985
2063,-0.8716506714158633,0,0,0,0,1,0,0,0,-0.617011341548561,1.015617269284278,4.11545,3.04205,3.29814,2.71457,1.69933,-0.7888449228382943,-1.10712881725863,-0.6964095301732149,-0.77422817036178,0.3468162195999729,-0.3641162980958024,-0.11001290069120637,-0.3870370918189913,-0.04389014208798146,-0.5550231802386093,0.9628281895925127,-0.6357229432289523,3,-0.31632603250270985
2064,0.3064884729868379,0,0,0,0,1,0,0,0,-0.6181687152534803,1.0227514239882332,0.166659,4.11545,3.04205,0.73578,2.71457,0.38195815462172833,-0.12613868609267792,-0.5015957434398676,-0.20909006681074116,-0.2898799970067731,-0.3641162980958024,-0.11001290069120637,-0.3870370918189913,-0.8669128065047171,-0.5550231802386093,0.9628281895925127,0.5644988738891453,3,-0.31632603250270985
2066,-0.6575335402560033,0,0,0,0,1,0,0,0,-0.624200249194063,1.0323150357953086,0.697659,3.29814,2.3614,2.14179,3.04205,0.8192824337484337,0.6420065441554708,1.0392690369297115,0.7766290350149633,0.5928693370343406,-0.3641162980958024,-0.11001290069120637,-0.3870370918189913,0.7791325223287542,-0.5550231802386093,-0.40387272380744554,0.5644988738891453,2,-0.31632603250270985
2068,-0.6718755855450456,0,0,0,0,1,0,0,0,-0.618402967443626,1.0389163781970425,2.14179,0.73578,2.3614,2.68921,0.680004,0.6328541564955414,0.015188228427290134,0.1168508870022217,0.04327425698831852,0.3272136312548076,-0.3641162980958024,-0.11001290069120637,-0.3870370918189913,1.6021551867454897,-0.5550231802386093,-0.40387272380744554,0.5644988738891453,1,-0.31632603250270985
2069,-0.04593584704824651,0,0,0,0,1,0,0,0,-0.6079021463132289,1.033936915446254,1.08407,2.68921,1.2109,1.27441,2.14179,-0.32344396350917604,-0.4263504716179269,-0.46232541837366414,-0.6557372859423312,-0.6987970971025569,0.8564563463274925,-0.11001290069120637,-0.3870370918189913,2.4251778511622253,-0.5550231802386093,-0.40387272380744554,-0.6357229432289523,0,-0.31632603250270985
2070,-0.526498390241037,0,0,0,0,1,0,0,0,-0.6030143534054795,1.0318138653181685,1.27441,2.3614,1.2109,1.69933,1.28468,-0.7703907982297115,-0.8421834667010585,-0.8184575451317502,-0.9142327192824927,-1.0994910120263182,2.077028990750787,-0.11001290069120637,-0.3870370918189913,1.6021551867454897,-0.5550231802386093,-0.40387272380744554,-0.6357229432289523,0,-0.31632603250270985
2072,-0.29502264761791197,0,0,0,0,1,0,0,0,-0.6028412946533025,1.0244455079671646,1.27441,1.08407,2.3614,2.71457,4.11545,0.1590714713429514,-0.27526854630535896,0.025393423088840274,-0.2015496504170971,-0.21001436681343075,-0.3641162980958024,-0.11001290069120637,-0.3870370918189913,1.6021551867454897,-0.5550231802386093,0.9628281895925127,-0.6357229432289523,1,-0.31632603250270985
2073,-0.4548878632266274,0,0,0,0,1,0,0,0,-0.5994959771244226,1.030175018105119,1.08407,1.69933,1.28468,1.2109,2.13453,-0.7703907982297115,-0.4801588584504978,-0.8303497493493508,-0.8507829096451076,-0.9575103815890379,3.2976016351740816,-0.11001290069120637,-0.3870370918189913,0.7791325223287542,-0.5550231802386093,-0.40387272380744554,-0.6357229432289523,0,-0.31632603250270985
2075,-0.13128984654262033,0,0,0,0,1,0,0,0,-0.5918150371104826,1.034354968091768,1.28468,2.72415,1.27441,1.2109,1.44171,-0.4380820615996287,-0.38606711047805,-0.4587927007475275,-0.6969591588521955,-0.9011815946380656,3.2976016351740816,-0.11001290069120637,-0.3870370918189913,0.7791325223287542,-0.5550231802386093,-0.40387272380744554,-0.6357229432289523,0,-0.31632603250270985
2076,-0.4510240400027229,0,0,0,0,1,0,0,0,-0.5964633351869314,1.0361137198925219,1.2109,2.13453,1.27441,1.44171,1.08407,-0.7246146517825486,-0.9281948345332693,-0.8303497493493508,-0.9033037324045884,-1.0994910120263182,2.077028990750787,-0.11001290069120637,-0.3870370918189913,1.6021551867454897,-0.5550231802386093,-0.40387272380744554,-0.6357229432289523,0,-0.31632603250270985
2077,-0.4787818664350184,0,0,0,0,1,0,0,0,-0.6000901794014394,1.037861851985984,1.28468,2.68921,1.08407,1.27441,3.93864,-0.7246146517825486,-0.7719244549990767,-0.8184575451317502,-0.8507829096451076,-1.006318018934181,0.8564563463274925,-0.11001290069120637,-0.3870370918189913,2.4251778511622253,-0.5550231802386093,-0.40387272380744554,-0.6357229432289523,0,-0.31632603250270985
2078,0.07739422997494137,0,0,0,0,1,0,0,0,-0.6052079070894348,1.0401987999194375,1.2109,2.14179,2.3614,3.93864,1.08407,-0.2298009988845193,-0.49727275430314133,-0.7947574501620426,-0.8614553095687417,-0.9063746298654541,0.8564563463274925,-0.11001290069120637,-0.3870370918189913,2.4251778511622253,-0.5550231802386093,-0.40387272380744554,-0.6357229432289523,0,-0.31632603250270985
2079,-0.1285584583629176,0,0,0,0,1,0,0,0,-0.6112694756703566,1.0432642617523809,2.68921,0.680004,0.697659,2.3614,3.93864,0.1362616437479249,-0.13394695594809336,-0.533181522498158,-0.4474686614175572,-0.48413445894628554,-0.3641162980958024,-0.11001290069120637,-0.3870370918189913,1.6021551867454897,-0.5550231802386093,-0.40387272380744554,1.764720691007243,0,-0.31632603250270985
2081,-0.6785178249820498,0,0,0,0,1,0,0,0,-0.6052352362912209,1.0488373791691719,3.93864,2.14179,2.68921,1.2109,1.44171,-0.04787136808570682,-0.13394695594809336,-0.3942866263026057,-0.04388433089836847,-0.21149791538564547,0.8564563463274925,-0.11001290069120637,-0.3870370918189913,2.4251778511622253,-0.5550231802386093,-0.40387272380744554,-0.6357229432289523,0,-0.31632603250270985
2082,0.5474601161135023,0,0,0,0,1,0,0,0,-0.5997813837028749,1.0459060507380071,0.680004,1.44171,2.68921,1.2109,1.28468,-0.04787136808570682,-0.41351070047162286,-0.6042216288480359,-0.7863027102283758,-0.6257517021944272,2.077028990750787,-0.11001290069120637,-0.3870370918189913,0.7791325223287542,-0.5550231802386093,-0.40387272380744554,0.5644988738891453,0,-0.31632603250270985
2083,-0.3919455433279686,0,0,0,0,1,0,0,0,-0.5932719685851754,1.0429108314610176,2.72415,3.93864,1.28468,1.2109,2.13453,-0.3373789241920681,-0.41351070047162286,-0.6514252990243027,-0.7668374983138023,-0.9011815946380656,4.5181742795973765,-0.11001290069120637,-0.3870370918189913,-0.04389014208798146,-0.5550231802386093,-0.40387272380744554,-0.6357229432289523,0,-0.31632603250270985
2084,0.09053950587009453,0,0,0,0,1,0,0,0,-0.5885557724370525,1.0405593337007462,1.44171,2.13453,1.28468,4.42628,1.2109,-0.3373789241920681,-0.38606711047805,-0.39118668630335307,-0.5278762714295248,-0.47465304113575174,3.2976016351740816,-0.11001290069120637,-0.3870370918189913,-0.04389014208798146,-0.5550231802386093,-0.40387272380744554,0.5644988738891453,0,-0.31632603250270985
2085,0.7309221177595393,0,0,0,0,1,0,0,0,-0.5874970296859953,1.049928347531996,1.44171,2.72415,3.93864,2.13453,1.28468,0.9212505277504085,0.2273179082399549,0.3653515758014457,0.7284558474533058,0.3829776696129204,3.2976016351740816,-0.11001290069120637,-0.3870370918189913,0.7791325223287542,-0.5550231802386093,-0.40387272380744554,-0.6357229432289523,0,-0.31632603250270985
2091,-0.14020259943203583,1,0,0,0,0,0,0,0,0.1107122302721354,-0.32569647563974263,2.29931,5.57672,3.999,1.81421,0.795277,0.20233185148728955,-0.29313636438146506,-0.308576056191355,-0.4353126880616346,0.17980107887549934,-0.3641162980958024,-0.11001290069120637,-0.3870370918189913,0.7791325223287542,-0.5550231802386093,-0.40387272380744554,0.5644988738891453,2,-0.31632603250270985
2093,-0.2518020038046548,1,0,0,0,0,0,0,0,0.1111799836884498,-0.3157930779854032,5.57672,2.11084,2.29931,1.48315,4.1063,1.23589625775839,0.3477279685441165,1.0304598048759248,0.6323112643909812,0.3264306925513732,-0.3641162980958024,-0.11001290069120637,-0.3870370918189913,-0.04389014208798146,0.4150033169688831,-0.40387272380744554,0.5644988738891453,2,-0.31632603250270985
2094,1.1637455636902805,1,0,0,0,0,0,0,0,0.10364023228374972,-0.32263378625683947,2.11084,2.29931,1.48315,1.81421,0.795277,0.4083397199543605,-0.19171021636819885,-0.5009986189278492,-0.450656812311603,-0.5301535270693959,-0.3641162980958024,-0.11001290069120637,-0.3870370918189913,-0.04389014208798146,0.4150033169688831,-0.40387272380744554,1.764720691007243,1,-0.31632603250270985
2095,0.6524643090825141,1,0,0,0,0,0,0,0,0.08540111456922365,-0.3271028816250936,2.33252,1.15565,2.48366,0.795277,1.48315,0.039833519935094465,-0.0033840499062499385,-0.13924134417832332,-0.42221044019059756,-0.4284545402348024,-0.3641162980958024,-0.11001290069120637,-0.3870370918189913,-0.8669128065047171,-0.5550231802386093,-0.40387272380744554,0.5644988738891453,4,-0.31632603250270985
2096,-0.05680120388430907,1,0,0,0,0,0,0,0,0.09109927377340123,-0.3240089842560898,1.48315,4.21774,0.795277,1.15565,2.29175,-0.23412948231971661,-0.5696214321405143,-0.6286041403972571,-0.6562737903829352,-0.4879837440681483,-0.3641162980958024,-0.11001290069120637,-0.3870370918189913,-0.04389014208798146,-0.5550231802386093,-0.40387272380744554,0.5644988738891453,3,-0.31632603250270985
2098,-0.5100649142507595,1,0,0,0,0,0,0,0,0.0852230766756551,-0.314125847417466,2.29175,4.1063,2.33252,1.48315,4.21774,0.25864018519720644,0.29004783798942435,0.1736642798203568,-0.16983742173493685,-0.16386356040256891,-0.3641162980958024,-0.11001290069120637,-0.3870370918189913,-0.04389014208798146,-0.5550231802386093,-0.40387272380744554,0.5644988738891453,3,-0.31632603250270985
2100,-0.07213986725710245,1,0,0,0,0,0,0,0,0.09242470539882378,-0.3129968544056678,4.1063,1.12775,1.48315,2.33252,5.57672,-0.9602013106663314,-0.4054538396604861,-0.5568205587075522,-0.21518936956780327,0.05441599719586064,-0.3641162980958024,-0.11001290069120637,-0.3870370918189913,-0.8669128065047171,-0.5550231802386093,-0.40387272380744554,0.5644988738891453,4,-0.31632603250270985
2101,0.6105378767483447,1,0,0,0,0,0,0,0,0.09502844341078223,-0.31107313454805957,2.29175,1.48315,1.12775,2.33252,5.57672,-0.9602013106663314,0.20488832812381683,-0.17356150895243547,0.23063889536165683,0.027250367722962732,-0.3641162980958024,-0.11001290069120637,-0.3870370918189913,-0.04389014208798146,-0.5550231802386093,-0.40387272380744554,0.5644988738891453,3,-0.31632603250270985
2103,1.7443273283119916,1,0,0,0,0,0,0,0,0.08648314786458196,-0.29416887350987153,4.61945,2.8962,4.1063,2.29175,1.3877,0.033374029042092496,1.3967247412922361,1.7437809228010936,1.3953027478106947,1.0216080854183305,-0.3641162980958024,-0.11001290069120637,-0.3870370918189913,0.7791325223287542,1.3850298141763753,-0.40387272380744554,-0.6357229432289523,1,-0.31632603250270985
2104,0.8035973594500586,1,0,0,0,0,0,0,0,0.08076876706021234,-0.2971959329390108,7.1199,2.8962,1.12775,2.29175,4.1063,0.033374029042092496,1.1259255977810565,1.4746554003563608,1.314747641655637,0.9098989709430092,-0.3641162980958024,-0.11001290069120637,-0.3870370918189913,0.7791325223287542,-0.5550231802386093,-0.40387272380744554,-0.6357229432289523,3,-0.31632603250270985
2106,0.22159346709841982,0,0,0,0,0,0,1,0,0.1155679048667856,-0.2847021063521049,1.79345,0.935883,1.39111,0.375473,3.1522,0.09363540526061852,0.9570868769283407,2.592913973729707,2.1764076850551057,1.7427796612657598,-0.3641162980958024,-0.11001290069120637,-0.3870370918189913,0.7791325223287542,-0.5550231802386093,-0.40387272380744554,0.5644988738891453,2,-0.31632603250270985
2107,-0.5822499357211478,0,0,0,0,0,0,1,0,0.12547670529014668,-0.29292615332046607,1.39111,0.375473,3.07249,1.79345,2.73502,1.6121533006981708,0.7486442968093248,0.40483452864335173,1.2225246488750052,0.876140716800065,-0.3641162980958024,-0.11001290069120637,-0.3870370918189913,1.6021551867454897,-0.5550231802386093,-0.40387272380744554,-0.6357229432289523,2,-0.31632603250270985
2109,-0.41098249124710867,0,0,0,0,0,0,1,0,0.12960704016356261,-0.3032062621281611,0.375473,2.73502,0.935883,1.81421,3.07249,-1.04717159330234,-0.02090171405225269,0.10393125344188565,1.7206924286167358,1.497954561512605,-0.3641162980958024,-0.11001290069120637,-0.3870370918189913,0.7791325223287542,-0.5550231802386093,-0.40387272380744554,1.764720691007243,1,-0.31632603250270985
2110,0.09462906365430511,0,0,0,0,0,0,1,0,0.13561158167513493,-0.30945718761883506,0.375473,1.39111,0.935883,1.81421,2.11084,0.5142225149487928,-0.02090171405225269,1.820109839212255,2.16937151650595,2.4751437475061624,-0.3641162980958024,-0.11001290069120637,-0.3870370918189913,-0.04389014208798146,0.4150033169688831,-0.40387272380744554,1.764720691007243,1,-0.31632603250270985
2112,-0.7930897772896318,0,0,0,0,0,0,1,0,0.13251683236423098,-0.302408391838358,1.39111,2.73502,0.935883,3.07249,1.81421,-1.04717159330234,-0.21369397848124802,0.22409194032518634,2.1764076850551057,1.7290106931694418,-0.3641162980958024,-0.11001290069120637,-0.3870370918189913,1.6021551867454897,-0.5550231802386093,-0.40387272380744554,1.764720691007243,0,-0.31632603250270985
2115,-0.1597549745972079,1,0,0,0,0,0,0,0,0.14458744744706262,-0.4881361103471689,0.5853,3.27021,0.944484,1.39635,3.55895,-0.23624655105675674,0.31023200979323295,0.11698437080910673,-0.0032105233643831203,1.9436883637893032,-0.3641162980958024,-0.11001290069120637,-0.3870370918189913,-0.04389014208798146,-0.5550231802386093,0.9628281895925127,-0.6357229432289523,3,-0.31632603250270985
2120,-0.7141477679807502,1,0,0,0,0,0,0,0,0.15018544911997514,-0.48906580598264265,2.05887,0.944484,1.39635,3.27021,3.55895,-0.23624655105675674,-0.5524101410120927,-0.4278258222068124,0.2640934119738548,1.5760299132519757,-0.3641162980958024,-0.11001290069120637,-0.3870370918189913,-0.04389014208798146,-0.5550231802386093,0.9628281895925127,-0.6357229432289523,3,-0.31632603250270985
2122,-0.7111643095420391,1,0,0,0,0,0,0,0,0.27342125919037075,-0.6368748321652717,0.802503,0.511528,0.475015,1.75361,1.22013,0.6390088155979697,-0.06012261079329157,0.5725192780133215,0.40640155697211655,0.4540221930663061,-0.3641162980958024,-0.11001290069120637,-0.3870370918189913,0.7791325223287542,-0.5550231802386093,-0.40387272380744554,-0.6357229432289523,3,-0.31632603250270985
2124,-0.7419025846189085,1,0,0,0,0,0,0,0,0.27252120509014455,-0.645080020152442,0.802503,0.475015,1.75361,0.59323,2.23277,-0.388041410300011,-0.5821309596479605,-0.5339594209328525,-0.7488422304169565,0.7273486394430322,-0.3641162980958024,-0.11001290069120637,-0.3870370918189913,1.6021551867454897,-0.5550231802386093,-0.40387272380744554,-0.6357229432289523,2,-0.31632603250270985
2125,-0.6324307284771736,1,0,0,0,0,0,0,0,0.27755147923026324,-0.643882831327012,0.511528,0.475015,1.75361,0.59323,2.23277,-0.388041410300011,-0.6537903878856598,-0.8408120507504301,-0.7949248538363366,0.7819892642259504,-0.3641162980958024,-0.11001290069120637,-0.3870370918189913,1.6021551867454897,-0.5550231802386093,-0.40387272380744554,-0.6357229432289523,2,-0.31632603250270985
2126,-0.27460119439556174,1,0,0,0,0,0,0,0,0.27899036724656673,-0.6502792451945636,0.475015,0.802503,0.511528,2.23277,5.14014,-1.2883432970576054,-0.4794632430035817,-0.5339594209328525,-0.0239037592133665,-0.11577018898109004,-0.3641162980958024,-0.11001290069120637,-0.3870370918189913,1.6021551867454897,-0.5550231802386093,-0.40387272380744554,-0.6357229432289523,2,-0.31632603250270985
2127,-0.7556396612863306,1,0,0,0,0,0,0,0,0.2768420758949854,-0.6496699659136267,1.75361,0.802503,0.511528,2.23277,0.59323,-1.2883432970576054,-0.6537903878856598,-0.9298362262928058,0.10880633957779909,-0.12769589436219808,-0.3641162980958024,-0.11001290069120637,-0.3870370918189913,0.7791325223287542,-0.5550231802386093,-0.40387272380744554,-0.6357229432289523,3,-0.31632603250270985
2130,0.9994935731262848,1,0,0,0,0,0,0,0,0.2855462332575616,-0.6620333400520696,2.23277,2.3504,1.75361,0.475015,0.802503,0.1622021899631905,0.9738877210610369,0.5873408110234427,0.4862634595354683,0.9735833914291647,-0.3641162980958024,-0.11001290069120637,-0.3870370918189913,2.4251778511622253,-0.5550231802386093,-0.40387272380744554,-0.6357229432289523,1,-0.31632603250270985
2131,-0.09432957453518312,1,0,0,0,0,0,0,0,0.2785646645046603,-0.6623702324894457,5.14014,2.3504,1.75361,0.475015,0.511528,0.1622021899631905,0.42921148827301364,0.340509485480379,0.10880633957779909,0.7273486394430322,-0.3641162980958024,-0.11001290069120637,-0.3870370918189913,2.4251778511622253,-0.5550231802386093,-0.40387272380744554,-0.6357229432289523,1,-0.31632603250270985
2132,-0.05007431398719005,1,0,0,0,0,0,0,0,0.2785007886362641,-0.6726157385591417,2.23277,3.01985,0.586776,5.14014,0.224917,1.3711029694538135,0.4521749228801559,0.06163135955053339,0.046039038756778866,-0.07670026717955238,-0.3641162980958024,-0.11001290069120637,-0.3870370918189913,3.248200515578961,-0.5550231802386093,-0.40387272380744554,-0.6357229432289523,0,-0.31632603250270985
2134,0.20178902167423923,1,0,0,0,0,0,0,0,0.2785926078332661,-0.6829547937036606,0.586776,0.224917,3.30082,2.3504,2.07662,-0.9653567265546756,-0.910459809181469,-0.2547396283483975,-0.3550205235964361,-0.5759972490105763,-0.3641162980958024,-0.11001290069120637,-0.3870370918189913,2.4251778511622253,-0.5550231802386093,-0.40387272380744554,-0.6357229432289523,1,-0.31632603250270985
2135,-0.7135924609623975,1,0,0,0,0,0,0,0,0.27529097390001306,-0.682973615457367,0.224917,3.01985,2.3504,2.2592,2.95679,-1.089794094762244,-1.3238016695338863,0.06163135955053339,-0.13302675475573247,-0.36238319615467574,-0.3641162980958024,-0.11001290069120637,-0.3870370918189913,2.4251778511622253,-0.5550231802386093,-0.40387272380744554,-0.6357229432289523,1,-0.31632603250270985
2136,-0.8497325980586842,1,0,0,0,0,0,0,0,0.27428158060920943,-0.6855127266183622,0.586776,3.01985,2.2592,2.95679,2.07662,-1.089794094762244,-0.910459809181469,-0.3346752410816199,-0.46426809691633897,-0.29039565783285803,-0.3641162980958024,-0.11001290069120637,-0.3870370918189913,1.6021551867454897,-0.5550231802386093,-0.40387272380744554,-0.6357229432289523,2,-0.31632603250270985
2137,0.30749675402287135,1,0,0,0,0,0,0,0,0.28803240262877383,-0.6858434362973075,2.07662,3.01985,0.920493,0.906824,2.95679,-0.20527777325145158,0.1964286372600563,-0.2524093624080982,-0.05574633199582662,-0.29897561994477023,-0.3641162980958024,-0.11001290069120637,-0.3870370918189913,0.7791325223287542,-0.5550231802386093,-0.40387272380744554,-0.6357229432289523,3,-0.31632603250270985
2138,-0.15307699385482185,1,0,0,0,0,0,0,0,0.2860110376079961,-0.6909203971268674,0.920493,3.30082,0.906824,2.95679,3.01985,-0.5218651853370371,-0.753525020469957,-0.840399681494189,-0.8618546149821766,-0.5759972490105763,-0.3641162980958024,-0.11001290069120637,-0.3870370918189913,1.6021551867454897,-0.5550231802386093,-0.40387272380744554,-0.6357229432289523,2,-0.31632603250270985
2140,-0.588040027192997,1,0,0,0,0,0,0,0,0.287523204138745,-0.6951377071838013,2.07662,0.906824,2.95679,3.30082,7.85267,-0.5218651853370371,-0.9114513935611595,-0.4685076104984289,-0.5495560773726316,-0.4378422471813092,-0.3641162980958024,-0.11001290069120637,-0.3870370918189913,0.7791325223287542,-0.5550231802386093,-0.40387272380744554,-0.6357229432289523,2,1.7381456473456194
2141,-0.5931826367010351,1,0,0,0,0,0,0,0,0.28269501669724023,-0.6966754830856287,2.95679,0.920493,2.07662,2.2592,2.81233,-0.5383106062078314,-0.9114513935611595,-0.840399681494189,-0.7119023207540346,-0.5694669142770619,-0.3641162980958024,-0.11001290069120637,-0.3870370918189913,-0.04389014208798146,-0.5550231802386093,-0.40387272380744554,-0.6357229432289523,3,1.7381456473456194
2142,-0.08438596715370345,1,0,0,0,0,0,0,0,0.2739980186782284,-0.6944280057915357,2.95679,0.906824,0.224917,1.35413,0.586776,-0.5351303393803482,-0.01206983897627408,-0.3346752410816199,-0.2466934563970801,-0.4134141335588697,-0.3641162980958024,-0.11001290069120637,-0.3870370918189913,1.6021551867454897,-0.5550231802386093,0.9628281895925127,-0.6357229432289523,1,-0.31632603250270985
2143,0.17806431938607767,1,0,0,0,0,0,0,0,0.2787067779308953,-0.6943496024701589,0.906824,2.2592,2.07662,0.920493,0.224917,-0.5383106062078314,-1.0010088052526178,-0.6046720324656182,-0.7411380206071365,-0.7140440237587404,-0.3641162980958024,-0.11001290069120637,-0.3870370918189913,-0.04389014208798146,-0.5550231802386093,-0.40387272380744554,-0.6357229432289523,4,-0.31632603250270985
2144,0.12371496174973443,1,0,0,0,0,0,0,0,0.2788873443044629,-0.7066639502737166,1.35413,7.85267,0.906824,5.19171,2.95679,-0.439237004301429,0.028429962078995594,0.023476387438850433,-0.07780933459507532,-0.2771206344794504,-0.3641162980958024,-0.11001290069120637,-0.3870370918189913,0.7791325223287542,-0.5550231802386093,0.9628281895925127,-0.6357229432289523,1,1.7381456473456194
2145,2.0200131845710483,1,0,0,0,0,0,0,0,0.28808491543694154,-0.706500775981078,2.81233,0.906824,0.920493,5.19836,1.35413,0.8369313469038803,0.624950946582627,0.18706246356281533,-0.10359973296014784,-0.13085221491490245,-0.3641162980958024,-0.11001290069120637,-0.3870370918189913,-0.8669128065047171,-0.5550231802386093,0.9628281895925127,-0.6357229432289523,3,1.7381456473456194
2146,1.0188954585845862,1,0,0,0,0,0,0,0,0.2800293275959351,-0.7184268208592718,5.19836,4.14112,2.81233,3.86714,7.85267,0.9808860361641399,0.5784715333457974,0.2797057364129121,0.007615260998227044,0.029489645299725004,-0.3641162980958024,-0.11001290069120637,-0.3870370918189913,-0.04389014208798146,-0.5550231802386093,-0.40387272380744554,-0.6357229432289523,2,3.7926173271939483
2147,1.0213973499613114,1,0,0,0,0,0,0,0,0.289692603609996,-0.7180777935669685,5.19171,3.86714,7.85267,2.6761,2.81233,0.9808860361641399,0.7368041160784708,0.25061499951908084,-0.05086324962693508,0.22436847714270336,-0.3641162980958024,-0.11001290069120637,-0.3870370918189913,-0.04389014208798146,-0.5550231802386093,-0.40387272380744554,-0.6357229432289523,2,3.7926173271939483
2148,0.6236380057314367,1,0,0,0,0,0,0,0,0.2783839720177603,-0.7291719688115459,3.86714,2.54073,5.19171,1.33215,2.6761,0.4699601165976615,-0.10298463346713098,0.07653348220165394,0.04512758373411425,-0.07534226457550962,-0.3641162980958024,-0.11001290069120637,-0.3870370918189913,0.7791325223287542,-0.5550231802386093,-0.40387272380744554,0.5644988738891453,2,-0.31632603250270985
2149,0.5205600810103695,1,0,0,0,0,0,0,0,0.28638270501574375,-0.7291539780479074,2.6761,4.14112,5.19836,2.54073,4.74617,-0.00764834726105823,-0.2469034392899148,0.21382520446811004,-0.11702309816753946,-0.36717438846681677,-0.3641162980958024,-0.11001290069120637,-0.3870370918189913,1.6021551867454897,-0.5550231802386093,-0.40387272380744554,-0.6357229432289523,2,-0.31632603250270985
2151,0.021532450784547668,1,0,0,0,0,0,0,0,0.2774472002478692,-0.7371975998727415,1.33215,4.14112,3.86714,4.74617,2.6761,-0.5342314805946959,-0.10298463346713098,0.23547387684426088,0.17014632408886232,0.38928861275441184,-0.3641162980958024,-0.11001290069120637,-0.3870370918189913,0.7791325223287542,-0.5550231802386093,-0.40387272380744554,0.5644988738891453,2,-0.31632603250270985
2152,-0.4331646740398459,1,0,0,0,0,0,0,0,0.2774908498821567,-0.7416079996876941,2.54073,4.14112,4.74617,3.86714,2.6761,-0.5342314805946959,0.9727020673703475,0.5026100406509972,0.5186598386085892,0.8043392273438537,-0.3641162980958024,-0.11001290069120637,-0.3870370918189913,1.6021551867454897,-0.5550231802386093,-0.40387272380744554,-0.6357229432289523,2,-0.31632603250270985
2155,0.07246192983225501,1,0,0,0,0,0,0,0,0.2927945234693886,-0.7296743424038669,3.86714,4.74617,5.19836,4.14112,2.54073,-0.00764834726105823,0.4946559952842805,0.3101000504917743,0.23946907243677273,0.38928861275441184,-0.3641162980958024,-0.11001290069120637,-0.3870370918189913,1.6021551867454897,-0.5550231802386093,-0.40387272380744554,-0.6357229432289523,2,-0.31632603250270985
2156,-0.46105417896565326,1,0,0,0,0,0,0,0,1.6988507471048562,-1.5653450411870558,1.25206,6.88887,0.37919,3.49996,2.48362,0.1755905452039681,-0.33646055624355065,-0.03914286086280358,0.9773394207786099,0.6533104058008199,2.077028990750787,-0.11001290069120637,-0.3870370918189913,-0.04389014208798146,-0.5550231802386093,-0.40387272380744554,-0.6357229432289523,2,-0.31632603250270985
2157,1.6574082358661626,1,0,0,0,0,0,0,0,1.702277940874726,-1.5589855825495127,1.25802,1.25206,0.37919,2.48362,2.67713,0.3505961555680331,-0.23088706213476684,-0.16278819361267158,0.22230427427168067,0.020204761377192435,3.2976016351740816,-0.11001290069120637,-0.3870370918189913,-0.8669128065047171,0.4150033169688831,-0.40387272380744554,-0.6357229432289523,1,-0.31632603250270985
2158,-0.4632964755980263,1,0,0,0,0,0,0,0,1.6943209326512216,-1.5603016303108366,0.37919,1.25802,6.88887,3.49996,0.353132,-0.7546075276003447,-0.4677648274802152,-0.6252692269242186,-0.2499392885662346,-0.4042912712993959,2.077028990750787,-0.11001290069120637,-0.3870370918189913,-0.04389014208798146,0.4150033169688831,-0.40387272380744554,-0.6357229432289523,1,-0.31632603250270985
2159,-0.7916913516885361,1,0,0,0,0,0,0,0,1.6920374837856746,-1.5572353621404034,1.25206,3.49996,0.353132,2.48362,6.88887,-0.7546075276003447,-0.32050079499174855,-0.4530114739469649,-0.586767055585796,-0.7193391653484644,0.8564563463274925,-0.11001290069120637,-0.3870370918189913,-0.04389014208798146,0.4150033169688831,-0.40387272380744554,-0.6357229432289523,2,-0.31632603250270985
2160,0.3824180545884358,1,0,0,0,0,0,0,0,1.688564464428408,-1.5508245720758678,2.48362,0.353132,0.177114,0.37919,2.99653,-0.20281704980156398,-0.605210758735746,-0.7622004981996944,-0.9490043904503632,-0.7422659234198594,0.8564563463274925,-0.11001290069120637,-0.3870370918189913,-0.04389014208798146,1.3850298141763753,-0.40387272380744554,-0.6357229432289523,1,-0.31632603250270985
2161,4.6282886087481175e-05,1,0,0,0,0,0,0,0,1.69367870530583,-1.5482565102391204,2.67713,3.49996,0.37919,1.94594,2.99653,-0.5339170511504545,-0.7516787739488866,-0.29438214473732566,-0.39087394256783553,-0.4886783063242204,0.8564563463274925,-0.11001290069120637,-0.3870370918189913,-0.04389014208798146,1.3850298141763753,-0.40387272380744554,-0.6357229432289523,1,-0.31632603250270985
2162,0.07284944082744703,1,0,0,0,0,0,0,0,1.6974952720908063,-1.5456601666185656,2.48362,3.49996,1.94594,0.37919,2.99653,-0.5339170511504545,0.32358835185908047,-0.02493591242869992,0.07996151822206823,-0.0946287847450647,0.8564563463274925,-0.11001290069120637,-0.3870370918189913,-0.04389014208798146,0.4150033169688831,-0.40387272380744554,-0.6357229432289523,2,-0.31632603250270985
2163,-0.20224198108947058,1,0,0,0,0,0,0,0,1.6888237281424334,-1.539178065388508,2.99653,0.916049,1.30416,2.48362,2.67713,-0.05916099816578226,-0.3202264720978558,-0.2825959622620896,-0.39087394256783553,-0.6084204303976956,-0.3641162980958024,-0.11001290069120637,-0.3870370918189913,0.7791325223287542,1.3850298141763753,-0.40387272380744554,-0.6357229432289523,1,-0.31632603250270985
2164,0.193015471763679,1,0,0,0,0,0,0,0,1.6835983891150343,-1.5424274475797435,1.94594,1.30416,3.49996,0.916049,0.177114,-0.05916099816578226,-0.049973001306387155,-0.1912820806165003,-0.47695833798006837,-0.7036796833156366,-0.3641162980958024,-0.11001290069120637,-0.3870370918189913,-0.04389014208798146,2.355056311383868,-0.40387272380744554,-0.6357229432289523,1,-0.31632603250270985
2165,-0.5897119678363301,1,0,0,0,0,0,0,0,1.685180760755359,-1.5328489694174623,1.30416,1.94594,2.99653,1.44488,2.67713,-0.3413002216823806,-0.3202264720978558,-0.17052145568168933,-0.4745024724195961,0.5613828523872305,-0.3641162980958024,-0.11001290069120637,-0.3870370918189913,0.7791325223287542,2.355056311383868,-0.40387272380744554,-0.6357229432289523,0,-0.31632603250270985
2167,-0.4436951912781211,1,0,0,0,0,0,0,0,1.6802337766801678,-1.5347571582675077,0.916049,2.99653,1.94594,1.44488,0.177114,-0.3413002216823806,-0.049973001306387155,-0.2825959622620896,-0.38109792162763434,0.5708823863833452,-0.3641162980958024,-0.11001290069120637,-0.3870370918189913,-0.04389014208798146,3.32508280859136,-0.40387272380744554,-0.6357229432289523,0,-0.31632603250270985
2168,-0.801495003642626,1,0,0,0,0,0,0,0,1.6835442762612385,-1.554602450341817,0.177114,3.49996,0.37919,2.48362,1.25206,-0.8812201069593677,-0.605210758735746,-0.4530114739469649,-0.15524079360758863,-0.4042912712993959,2.077028990750787,-0.11001290069120637,-0.3870370918189913,-0.8669128065047171,0.4150033169688831,-0.40387272380744554,-0.6357229432289523,2,-0.31632603250270985
2169,-0.8677172467025311,1,0,0,0,0,0,0,0,1.681282594981692,-1.5520059857052177,0.353132,3.49996,2.99653,0.37919,2.48362,-0.8812201069593677,-0.3888039523886199,-0.14332623958531218,-0.16855583571427282,-0.3009806495486628,0.8564563463274925,-0.11001290069120637,-0.3870370918189913,-0.04389014208798146,0.4150033169688831,-0.40387272380744554,-0.6357229432289523,2,-0.31632603250270985
2171,-0.39075291240101856,1,0,0,0,0,0,0,0,1.679769913455064,-1.5245654246541545,0.916049,1.19272,1.30416,0.344734,1.94594,1.1945529631399026,0.35702533933470587,-0.06239400021677493,0.30737129703625643,0.5040214018262312,-0.3641162980958024,-0.11001290069120637,-0.3870370918189913,-0.04389014208798146,1.3850298141763753,-0.40387272380744554,0.5644988738891453,0,1.7381456473456194
2174,0.242274515065122,1,0,0,0,0,0,0,0,1.6620221492838465,-1.5089053061007185,2.24256,3.07671,0.344734,1.19272,2.0341,-0.8619925162499452,-0.3403847377454247,-0.1848312717983292,0.1893173907958875,-0.003548208433458204,-0.3641162980958024,-0.11001290069120637,-0.3870370918189913,-0.8669128065047171,-0.5550231802386093,-0.40387272380744554,0.5644988738891453,1,5.847089007042277
2175,-0.09064633895952334,1,0,0,0,0,0,0,0,1.6650054960929046,-1.506947613382757,3.12746,3.07671,0.344734,1.19272,2.0341,-0.8619925162499452,-1.1736743251909745,-0.4098673558736479,0.04358813820307784,-0.024537763067947256,-0.3641162980958024,-0.11001290069120637,-0.3870370918189913,-0.8669128065047171,-0.5550231802386093,-0.40387272380744554,0.5644988738891453,1,5.847089007042277
2176,0.2231811335059053,1,0,0,0,0,0,0,0,1.6684175210794994,-1.5050650347660874,2.24256,3.12746,0.344734,1.19272,3.35724,-0.7652632544869439,-0.3403847377454247,-0.4042250937994841,0.024765591712794716,-0.06774461284406215,-0.3641162980958024,-0.11001290069120637,-0.3870370918189913,-0.8669128065047171,-0.5550231802386093,-0.40387272380744554,0.5644988738891453,0,7.9015606868906065
2177,0.3287233271769798,1,0,0,0,0,0,0,0,1.6620886929020227,-1.4928848140226636,1.93706,2.0341,0.188637,3.07671,2.24256,-0.722005135626452,-0.34504152051245013,0.38971425005831767,0.24784035033971294,0.06628720039165388,-0.3641162980958024,-0.11001290069120637,-0.3870370918189913,-0.8669128065047171,-0.5550231802386093,-0.40387272380744554,-0.6357229432289523,1,7.9015606868906065
2178,-0.20558285258199951,1,0,0,0,0,0,0,0,1.6581910841815628,-1.4940856405026182,2.0341,3.35724,0.188637,2.24256,3.07671,-0.860297325225115,-1.1412183612922755,0.07482824077109405,0.40075331249394697,0.1059403188521379,-0.3641162980958024,-0.11001290069120637,-0.3870370918189913,-0.8669128065047171,-0.5550231802386093,-0.40387272380744554,-0.6357229432289523,1,7.9015606868906065
2179,-0.16907404969517437,1,0,0,0,0,0,0,0,1.6555026966764794,-1.4963940740714072,1.93706,3.35724,0.188637,2.24256,3.12746,-0.860297325225115,-0.34504152051245013,0.3110115990387065,0.2954467107746546,-0.003548208433458204,-0.3641162980958024,-0.11001290069120637,-0.3870370918189913,-0.8669128065047171,-0.5550231802386093,-0.40387272380744554,-0.6357229432289523,0,9.956032366738937
2180,-0.8633820144718543,1,0,0,0,0,0,0,0,1.652058353091557,-1.4848767928163742,0.599379,1.93706,4.75529,2.0341,3.35724,1.0709646905501096,0.5765049524374503,0.0971025439647071,-0.050055116088060424,-0.2747845190063476,-0.3641162980958024,-0.11001290069120637,-0.3870370918189913,-0.8669128065047171,-0.5550231802386093,-0.40387272380744554,-0.6357229432289523,2,5.847089007042277
2181,3.4529874601216077,0,1,0,0,0,0,0,0,1.719425481619189,-1.5356356277239858,2.67713,0.939955,2.48362,6.88887,1.94594,5.47523443858093,4.037291594033379,3.5424235882056063,3.0312762078843987,2.543413857884931,-0.3641162980958024,-0.11001290069120637,-0.3870370918189913,-0.04389014208798146,2.355056311383868,-0.40387272380744554,-0.6357229432289523,1,-0.31632603250270985
2182,-0.5807179505052045,0,1,0,0,0,0,0,0,1.7154790550494385,-1.5109364023826333,11.6615,0.916049,1.44488,1.94594,2.67713,6.180042200477968,6.690753622009106,5.428418461893307,4.790008540404463,4.211764434168644,-0.3641162980958024,-0.11001290069120637,-0.3870370918189913,-0.04389014208798146,3.32508280859136,-0.40387272380744554,-0.6357229432289523,0,-0.31632603250270985
2183,-0.7278310445779662,1,0,0,0,0,0,0,0,1.5922394376562898,-1.4183778443616457,1.28575,0.991085,1.90815,0.632633,1.39947,-0.37094481761833487,-0.7937495206025845,-0.2854987390305648,-0.17996395417942398,-0.453922538000371,0.8564563463274925,-0.11001290069120637,1.4728290102938495,-0.8669128065047171,-0.5550231802386093,-0.40387272380744554,-0.6357229432289523,2,1.7381456473456194
2184,-0.54239010328658,0,0,1,0,0,0,0,0,-0.13929721247254248,0.0453423292632735,2.11965,4.41453,1.30508,3.45782,1.33056,-0.6539613377737697,-0.6985209724543949,-0.5178915049580167,-0.7754146959370917,-0.7835680305644152,0.8564563463274925,-0.11001290069120637,-0.3870370918189913,0.7791325223287542,-0.5550231802386093,-0.40387272380744554,-0.6357229432289523,2,-0.31632603250270985
2185,-0.13688806363820927,0,0,1,0,0,0,0,0,-0.14080184678206098,0.04155223287495022,1.04183,1.33056,1.30508,4.41453,1.54278,-0.6539613377737697,-0.7698458740253747,-0.7505989667170695,-0.5267023466175379,-0.7323714533892558,0.8564563463274925,-0.11001290069120637,-0.3870370918189913,0.7791325223287542,-0.5550231802386093,-0.40387272380744554,-0.6357229432289523,2,-0.31632603250270985
2186,-0.4337628706246568,0,0,1,0,0,0,0,0,-0.14173144736764626,0.0362722308817685,1.54278,2.11965,2.34397,1.30508,0.46222,-0.5510636423293829,-0.7698458740253747,-0.8932846923806285,-0.8109363663596195,-1.000829798746319,-0.3641162980958024,-0.11001290069120637,-0.3870370918189913,1.6021551867454897,-0.5550231802386093,-0.40387272380744554,-0.6357229432289523,2,-0.31632603250270985
2187,-0.35392055664442146,0,0,1,0,0,0,0,0,-0.1434739431394688,0.03223063024191583,0.46222,1.33056,2.34397,2.11965,0.542425,-0.7168793274104318,-1.012963340468739,-0.7768326271790237,-0.4844617056926647,-0.6867910709030818,-0.3641162980958024,-0.11001290069120637,-0.3870370918189913,1.6021551867454897,0.4150033169688831,-0.40387272380744554,-0.6357229432289523,1,-0.31632603250270985
2188,-0.7604534507848563,0,0,1,0,0,0,0,0,-0.14359169910723402,0.02838098071459737,1.54278,0.542425,1.33056,2.34397,1.52354,-0.7168793274104318,-0.572923924656407,-0.5126310399365005,-0.7626774129295105,-0.3893325497249684,-0.3641162980958024,-0.11001290069120637,-0.3870370918189913,0.7791325223287542,0.4150033169688831,-0.40387272380744554,-0.6357229432289523,2,-0.31632603250270985
2190,-0.3611591115449008,0,0,1,0,0,0,0,0,-0.1312494887267239,0.02984625291311373,2.34397,1.86241,6.29452,1.30508,2.69703,-0.194199737790787,-0.5698701434568282,-0.2818679212237091,-0.49784731638027835,-0.6320921958376654,-0.3641162980958024,-0.11001290069120637,-0.3870370918189913,-0.04389014208798146,0.4150033169688831,-0.40387272380744554,-0.6357229432289523,3,-0.31632603250270985
2191,-0.052493436025136085,0,0,1,0,0,0,0,0,-0.13619600115039512,0.03271577409132703,1.52354,1.33056,1.30508,1.54278,1.86241,-0.194199737790787,-0.5399776624817705,-0.7919674677057088,-1.0144836231998424,-1.0762210205546137,-0.3641162980958024,-0.11001290069120637,-0.3870370918189913,0.7791325223287542,-0.5550231802386093,-0.40387272380744554,-0.6357229432289523,3,-0.31632603250270985
2192,-0.4433490649523186,0,0,1,0,0,0,0,0,-0.13384458313467418,0.03911348333784101,1.86241,2.34397,2.11965,1.33056,3.45782,0.018895106219981916,-0.42313290597887965,-0.7505989667170695,-0.8109363663596195,-1.0219206776622942,-0.3641162980958024,-0.11001290069120637,-0.3870370918189913,0.7791325223287542,-0.5550231802386093,-0.40387272380744554,-0.6357229432289523,3,-0.31632603250270985
2193,0.36656396396961033,0,0,1,0,0,0,0,0,-0.13073835123177113,0.04652006894175892,3.83562,1.30508,1.04183,4.41453,2.11965,0.054775072337041826,-0.13121574129206945,-0.5071705938887671,-0.4703167900837782,-0.56014607158063,0.8564563463274925,-0.11001290069120637,-0.3870370918189913,-0.04389014208798146,-0.5550231802386093,-0.40387272380744554,0.5644988738891453,2,-0.31632603250270985
2194,0.5087014921089607,0,0,1,0,0,0,0,0,-0.12476279906317268,0.04382619593701786,3.45782,1.86241,1.30508,1.04183,6.29452,0.054775072337041826,0.14287759333840486,-0.16267994646761683,0.2789293017891342,0.15266574184427117,-0.3641162980958024,-0.11001290069120637,-0.3870370918189913,-0.8669128065047171,0.4150033169688831,-0.40387272380744554,-0.6357229432289523,4,-0.31632603250270985
2195,-0.23366799412673883,0,0,1,0,0,0,0,0,-0.1286006153823968,0.03549226698435378,1.30508,1.52354,2.34397,3.83562,6.29452,0.018895106219981916,-0.5698701434568282,-0.6063289342744863,-0.5927886060654903,-0.8286238401274955,-0.3641162980958024,-0.11001290069120637,-0.3870370918189913,-0.8669128065047171,0.4150033169688831,-0.40387272380744554,0.5644988738891453,3,-0.31632603250270985
2196,1.4337993426697024,0,0,1,0,0,0,0,0,-0.121483150686691,0.0293182770025905,2.69703,1.86241,1.52354,16.8094,2.34397,0.4024936638137217,0.1458352709227662,-0.2818679212237091,-0.04574137346271658,0.04511340397044755,-0.3641162980958024,-0.11001290069120637,-0.3870370918189913,-0.04389014208798146,-0.5550231802386093,-0.40387272380744554,0.5644988738891453,3,-0.31632603250270985
2197,0.08033630374426291,0,0,1,0,0,0,0,0,-0.12378828111057814,0.022366897029828314,6.29452,1.52354,2.98036,1.86241,2.34397,0.4024936638137217,0.4275227091507252,0.3021046045003136,0.3115213007290904,0.2785260549981832,-0.3641162980958024,-0.11001290069120637,-0.3870370918189913,-0.8669128065047171,1.3850298141763753,-0.40387272380744554,-0.6357229432289523,3,-0.31632603250270985
2198,0.18693192536343214,0,0,1,0,0,0,0,0,-0.11198427578917618,0.017935084294696056,2.69703,1.41863,2.51961,6.29452,16.8094,1.9167634112220713,0.9457034984622054,0.7305537133185903,0.41925498779594483,0.4857963178766323,-0.3641162980958024,-0.11001290069120637,-0.3870370918189913,-0.04389014208798146,0.4150033169688831,2.329529102992471,0.5644988738891453,0,-0.31632603250270985
2200,-0.7302783834359504,0,0,1,0,0,0,0,0,-0.14200755764536063,0.02240751249986289,0.46222,1.54278,2.34397,1.52354,1.33056,0.03543187547202259,0.3491231921324591,0.24725879100278167,0.05738659885839199,-0.011903098631820154,-0.3641162980958024,-0.11001290069120637,-0.3870370918189913,1.6021551867454897,-0.5550231802386093,-0.40387272380744554,-0.6357229432289523,2,-0.31632603250270985
2201,5.3897523651204455,0,0,1,0,0,0,0,0,-0.11001369953020246,0.03461201313029233,6.29452,3.83562,2.98036,1.86241,2.69703,1.9379333667370695,1.9889267110646076,1.3349811018274942,0.9824962709762852,0.6591042437597678,-0.3641162980958024,-0.11001290069120637,-0.3870370918189913,-0.04389014208798146,1.3850298141763753,-0.40387272380744554,0.5644988738891453,1,-0.31632603250270985
2203,-0.3262530240362483,0,0,0,1,0,0,0,0,-0.09339370359171373,0.05640756828260151,4.35874,2.1301,16.8094,3.83562,3.45782,2.2722814297512755,1.5383375655295777,3.4615050348547527,3.7202264894142387,3.83431760671682,-0.3641162980958024,-0.11001290069120637,-0.3870370918189913,-0.04389014208798146,-0.5550231802386093,-0.40387272380744554,1.764720691007243,2,-0.31632603250270985
2204,0.7055119307544262,0,0,0,1,0,0,0,0,-0.0817945545208792,0.0492680664518231,2.1301,1.61632,4.53357,3.89667,3.8082,-0.6356542801934889,1.1053531316030658,3.3246943842334584,2.765978616085363,2.629461485513563,-0.3641162980958024,-0.11001290069120637,-0.3870370918189913,-0.04389014208798146,-0.5550231802386093,-0.40387272380744554,2.9649425081253407,1,-0.31632603250270985
2205,-0.13295652004621292,0,0,0,1,0,0,0,0,-0.07839876030736684,0.0518529208856725,4.35874,1.61632,3.89667,4.53357,3.8082,-0.6356542801934889,1.5383375655295777,3.31200163452757,2.631441279628011,2.3699077595861597,-0.3641162980958024,-0.11001290069120637,-0.3870370918189913,0.7791325223287542,-0.5550231802386093,-0.40387272380744554,2.9649425081253407,0,-0.31632603250270985
2208,0.7712872193849254,0,0,0,1,0,0,0,0,-0.0628188988876818,0.03010261038843951,3.89667,3.8082,1.38905,4.35874,2.1301,-0.1231084580192671,0.59284705560949,3.3211988633734633,2.6217259343471193,2.095577395749924,-0.3641162980958024,-0.11001290069120637,-0.3870370918189913,-0.04389014208798146,-0.5550231802386093,-0.40387272380744554,1.764720691007243,2,-0.31632603250270985
2209,0.5316699836200969,0,0,0,1,0,0,0,0,-0.058268147113159134,0.033838459680383154,3.8082,4.53357,1.38905,2.1301,0.479219,-0.25232737595356813,-0.6918745280535541,3.062771348766097,2.610473174664279,2.108180400902091,-0.3641162980958024,-0.11001290069120637,-0.3870370918189913,-0.8669128065047171,-0.5550231802386093,-0.40387272380744554,1.764720691007243,3,-0.31632603250270985
2210,0.4983854227029759,0,0,0,1,0,0,0,0,-0.053534110368109566,0.03668994710798693,3.89667,4.53357,1.38905,0.479219,2.1301,-0.25232737595356813,0.59284705560949,2.8968509983830995,2.3456336934571573,2.3699077595861597,-0.3641162980958024,-0.11001290069120637,-0.3870370918189913,-0.8669128065047171,-0.5550231802386093,-0.40387272380744554,1.764720691007243,3,-0.31632603250270985
2213,-0.4117575132374927,0,0,0,1,0,0,0,0,-0.03873070882667068,0.016945343148372587,0.479219,2.71883,13.4584,1.92415,2.12004,-0.6502779969349505,0.5939793157440392,0.5222462383441392,1.0387665706074942,1.3605398592550726,-0.3641162980958024,-0.11001290069120637,-0.3870370918189913,-0.04389014208798146,1.3850298141763753,-0.40387272380744554,-0.6357229432289523,2,-0.31632603250270985
2214,-0.7540580144671198,0,0,0,1,0,0,0,0,-0.035064048400708085,0.01909880167689646,1.38905,2.71883,13.4584,1.92415,2.12004,-0.6502779969349505,0.4971348117914827,1.2105475363238858,1.0986445223343237,1.4049669127690843,-0.3641162980958024,-0.11001290069120637,-0.3870370918189913,-0.04389014208798146,1.3850298141763753,-0.40387272380744554,-0.6357229432289523,2,-0.31632603250270985
2216,-0.48924466330520194,0,1,0,0,0,0,0,0,1.0546122848449855,-1.0986166320990407,3.7345,1.7911,5.47038,1.09163,1.03737,-0.7722553965571239,-0.2709625637611353,0.6809843666533759,0.2861419660578442,-0.006403403844774091,-0.3641162980958024,-0.11001290069120637,-0.3870370918189913,1.6021551867454897,0.4150033169688831,-0.40387272380744554,-0.6357229432289523,1,-0.31632603250270985
2217,0.4706576942120546,0,1,0,0,0,0,0,0,1.0560936398309513,-1.095205625560745,1.18309,1.7911,1.03737,1.09163,1.13274,-0.7722553965571239,-1.1719187984461745,0.03373571264652201,0.14639947717867263,0.4784896339607803,-0.3641162980958024,-0.11001290069120637,-0.3870370918189913,0.7791325223287542,2.355056311383868,-0.40387272380744554,-0.6357229432289523,0,-0.31632603250270985
2218,-0.260496546619108,0,1,0,0,0,0,0,0,1.0578288596865695,-1.0918691744957176,3.7345,1.18309,1.03737,1.09163,1.13274,-0.762923444619446,-0.2709625637611353,-0.6127471511814363,0.2449214164818828,0.1982450820605851,-0.3641162980958024,-0.11001290069120637,-0.3870370918189913,-0.04389014208798146,2.355056311383868,-0.40387272380744554,-0.6357229432289523,1,-0.31632603250270985
2220,-0.544068063518188,0,1,0,0,0,0,0,0,1.0653821534588632,-1.089039058020431,1.7911,3.7345,1.18309,6.08085,1.13274,0.51055469081223,0.5291147237945966,0.7232642943149723,0.34664255141616857,0.916897080168134,-0.3641162980958024,-0.11001290069120637,-0.3870370918189913,-0.04389014208798146,2.355056311383868,-0.40387272380744554,-0.6357229432289523,1,-0.31632603250270985
2221,1.3534115035020609,0,1,0,0,0,0,0,0,1.0672436164590766,-1.0750821770765027,4.72698,1.03737,6.44374,1.7911,1.13274,2.6180099287910314,1.364923653011744,1.1280035665429733,1.2678268046324401,1.0676247953046696,-0.3641162980958024,-0.11001290069120637,1.4728290102938495,1.6021551867454897,0.4150033169688831,-0.40387272380744554,-0.6357229432289523,0,-0.31632603250270985
2222,0.8440527548995673,0,1,0,0,0,0,0,0,1.0735314225210901,-1.0623064831646947,6.44374,6.08085,15.7143,1.09265,2.66197,1.0706654233591657,1.3647484076614977,2.2777002642836646,2.372734333012544,2.0063945486979686,-0.3641162980958024,-0.11001290069120637,1.4728290102938495,-0.04389014208798146,0.4150033169688831,-0.40387272380744554,-0.6357229432289523,2,-0.31632603250270985
2223,1.4899395278178067,0,1,0,0,0,0,0,0,1.0639994149653373,-1.0595716472681056,4.72698,6.08085,1.09265,2.66197,0.894833,1.0706654233591657,1.7910863317587309,1.1298419760394949,0.8239722798407946,0.6832342596064352,-0.3641162980958024,-0.11001290069120637,-0.3870370918189913,-0.04389014208798146,0.4150033169688831,-0.40387272380744554,-0.6357229432289523,3,-0.31632603250270985
2226,-0.35465419396541603,0,1,0,0,0,0,0,0,1.042274428679946,-1.0677783749102447,1.09265,0.894833,1.41272,1.13274,2.66197,0.9452781923586532,0.21361659719262502,-0.0438439380274671,0.30433526479063405,0.7940111535279761,-0.3641162980958024,-0.11001290069120637,-0.3870370918189913,-0.8669128065047171,0.4150033169688831,-0.40387272380744554,0.5644988738891453,3,-0.31632603250270985
2227,-0.523270386028661,0,1,0,0,0,0,0,0,1.0471009462865613,-1.060060044276125,0.894833,1.41272,1.54083,2.66197,6.44374,-1.1599171399146404,-0.7703681975422488,-0.3299245851899875,-0.4395530583414607,0.32073722617436784,-0.3641162980958024,-0.11001290069120637,1.4728290102938495,-0.8669128065047171,-0.5550231802386093,-0.40387272380744554,0.5644988738891453,3,-0.31632603250270985
2228,-0.4028522848334206,0,1,0,0,0,0,0,0,1.0420842031052482,-1.0574916434942492,0.894833,1.09265,2.66197,1.54083,6.44374,-1.0392122282945142,-0.7703681975422488,-0.15520182984084924,-0.36465236044074784,1.1395006275252895,-0.3641162980958024,-0.11001290069120637,1.4728290102938495,-0.8669128065047171,-0.5550231802386093,-0.40387272380744554,-0.6357229432289523,4,-0.31632603250270985
2229,-0.5976939418887506,0,1,0,0,0,0,0,0,1.0448468038680487,-1.0587270269541558,1.09265,1.41272,2.66197,1.54083,6.44374,-1.1599171399146404,-1.379214423516995,-0.25249560192502357,-0.5384089664898485,0.6832342596064352,-0.3641162980958024,-0.11001290069120637,1.4728290102938495,-0.8669128065047171,-0.5550231802386093,-0.40387272380744554,0.5644988738891453,3,-0.31632603250270985
2230,0.0671458809370486,0,1,0,0,0,0,0,0,1.0492274911180346,-1.0503715438155448,0.894833,1.41272,1.09265,6.44374,1.54083,1.0642934435219646,0.31122125881838575,-0.12832950761621936,0.8239722798407946,0.7940111535279761,-0.3641162980958024,-0.11001290069120637,1.4728290102938495,-0.8669128065047171,-0.5550231802386093,-0.40387272380744554,0.5644988738891453,3,-0.31632603250270985
2231,0.5795332348903143,0,1,0,0,0,0,0,0,1.0893670365497823,-1.0354167936426195,7.40798,15.7143,12.6714,3.9535,2.05937,1.603556738786413,0.669856627295824,0.6267085236686943,1.584951950497962,1.3507209955696018,-0.3641162980958024,-0.11001290069120637,-0.3870370918189913,-0.04389014208798146,1.3850298141763753,-0.40387272380744554,1.764720691007243,0,-0.31632603250270985
2232,-0.5827299978860653,0,1,0,0,0,0,0,0,1.1260373085073765,-0.9621782538028752,1.2103,6.3402,0.980884,0.824654,1.99637,-0.4503949777229545,0.5549556232675995,0.41560187845574303,1.488933868030483,1.0644584154475525,-0.3641162980958024,-0.11001290069120637,-0.3870370918189913,-0.8669128065047171,1.3850298141763753,-0.40387272380744554,-0.6357229432289523,3,-0.31632603250270985
2233,-0.47900760099532447,0,1,0,0,0,0,0,0,1.1230304621908282,-0.9584537870561272,0.934607,6.3402,0.980884,1.19993,1.99637,-0.4503949777229545,0.19878797443863125,0.6541608481107867,1.428661039970981,1.045028086462997,-0.3641162980958024,-0.11001290069120637,-0.3870370918189913,-0.04389014208798146,0.4150033169688831,-0.40387272380744554,-0.6357229432289523,3,-0.31632603250270985
2235,-0.5254412000502704,0,0,0,0,1,0,0,0,-0.27116127191178463,0.6844994472723924,1.07129,2.15959,0.375942,4.88509,0.740203,-0.45114939448224034,0.328004940112409,0.9471030657552427,0.7038409789659578,0.5971726705225678,-0.3641162980958024,-0.11001290069120637,-0.3870370918189913,-0.04389014208798146,-0.5550231802386093,-0.40387272380744554,-0.6357229432289523,4,-0.31632603250270985
2236,-0.5313065363755549,0,0,0,0,1,0,0,0,-0.2688418936331652,0.6803730847430862,1.08688,2.15959,4.88509,0.740203,1.95344,-0.45114939448224034,-0.4136895328063298,0.17337812097343364,0.2764234158208964,0.5337691612401645,-0.3641162980958024,-0.11001290069120637,-0.3870370918189913,-0.04389014208798146,-0.5550231802386093,-0.40387272380744554,-0.6357229432289523,4,-0.31632603250270985
2238,-0.12186166640717258,0,0,0,0,1,0,0,0,-0.2615899833418193,0.6804950549181815,1.07129,0.740203,4.88509,1.08688,1.95344,0.24766344779038046,-0.18651798213864101,-0.1866069023826354,-0.45047449582000615,-0.6072477575985307,-0.3641162980958024,-0.11001290069120637,-0.3870370918189913,0.7791325223287542,-0.5550231802386093,-0.40387272380744554,-0.6357229432289523,3,-0.31632603250270985
2240,-0.19942029908564546,0,0,0,0,1,0,0,0,-0.25092149100316125,0.6832585662208837,1.32463,2.69741,0.740203,1.80288,2.15959,-0.917040814308708,-0.38781619656945665,-0.4182986951479933,-0.4676252577982689,-0.6072477575985307,-0.3641162980958024,-0.11001290069120637,-0.3870370918189913,0.7791325223287542,-0.5550231802386093,-0.40387272380744554,-0.6357229432289523,3,-0.31632603250270985
2241,-0.4359938805290145,0,0,0,0,1,0,0,0,-0.24747085648274536,0.6833252888753314,1.95344,2.69741,1.80288,0.740203,2.33637,-0.917040814308708,-1.1761751724594434,-0.026005245662274513,-0.3295778475181984,-0.35994375739023504,-0.3641162980958024,-0.11001290069120637,-0.3870370918189913,1.6021551867454897,-0.5550231802386093,-0.40387272380744554,-0.6357229432289523,2,-0.31632603250270985
2242,0.08047926896579015,0,0,0,0,1,0,0,0,-0.24356968273769558,0.6828358269426451,1.32463,1.95344,2.33637,1.80288,0.740203,-0.7685964461533202,-0.38781619656945665,-0.09304950088557565,-0.10322330867490767,-0.16369587437989666,-0.3641162980958024,-0.11001290069120637,-0.3870370918189913,0.7791325223287542,-0.5550231802386093,-0.40387272380744554,-0.6357229432289523,3,-0.31632603250270985
2243,-0.05535274045567888,0,0,0,0,1,0,0,0,-0.24130175634887352,0.6730068756983743,1.80288,2.69741,2.11895,1.32463,0.740203,1.0227512405092387,0.38289884144234226,-0.06201239041350147,-0.07411179072419305,-0.118114884733789,-0.3641162980958024,-0.11001290069120637,-0.3870370918189913,0.7791325223287542,-0.5550231802386093,-0.40387272380744554,-0.6357229432289523,3,-0.31632603250270985
2245,-0.2560646247517666,0,0,0,0,1,0,0,0,-0.25106972418472456,0.6735180473113612,0.740203,2.33637,1.95344,1.32463,4.88509,-0.5423539521601768,0.16784803936445458,-0.1599940424895978,-0.34883746430768175,-0.5332095825816848,-0.3641162980958024,-0.11001290069120637,-0.3870370918189913,-0.04389014208798146,-0.5550231802386093,-0.40387272380744554,-0.6357229432289523,4,-0.31632603250270985
2246,-0.6558695003222808,0,0,0,0,1,0,0,0,-0.2551246672598341,0.6756998843371532,1.80288,2.15959,4.88509,1.95344,1.32463,-0.5423539521601768,-0.18651798213864101,-0.48000744138044216,-0.6966252970865259,-0.5918010856537402,-0.3641162980958024,-0.11001290069120637,-0.3870370918189913,-0.04389014208798146,-0.5550231802386093,-0.40387272380744554,-0.6357229432289523,4,-0.31632603250270985
2248,0.9035375737828724,0,0,0,0,1,0,0,0,-0.26225620708613245,0.6708991564454322,0.740203,2.15959,4.09962,1.80288,1.07129,0.7145874603921827,0.27500315211565657,-0.1259364238372868,-0.2650203010151153,-0.44885294613827087,-0.3641162980958024,-0.11001290069120637,-0.3870370918189913,0.7791325223287542,-0.5550231802386093,-0.40387272380744554,-0.6357229432289523,3,-0.31632603250270985
2253,-0.137151420625233,0,0,0,0,1,0,0,0,-0.24144400315918438,0.6628050042582172,2.23412,2.33637,1.80288,2.7302,0.657069,0.9188266330139441,0.41869259346524534,0.7471530923002662,0.6527189730950155,0.5133981622965793,-0.3641162980958024,-0.11001290069120637,-0.3870370918189913,0.7791325223287542,0.4150033169688831,-0.40387272380744554,-0.6357229432289523,2,-0.31632603250270985
2255,0.6080246986436044,0,0,0,0,1,0,0,0,-0.26148634967932344,0.6610237035086571,0.183631,2.19873,0.657069,4.88509,2.30242,-0.4069782041214414,-0.7237321206062608,-0.8671843203785087,-0.43743146945889266,-0.0044504438510993925,-0.3641162980958024,-0.11001290069120637,-0.3870370918189913,-0.04389014208798146,1.3850298141763753,-0.40387272380744554,-0.6357229432289523,2,-0.31632603250270985
2256,-0.10713624858987739,0,0,0,0,1,0,0,0,-0.2644701871025604,0.6562434910380504,0.183631,4.09962,0.657069,2.47798,2.30242,-0.4457962209758539,-0.7237321206062608,-0.8931507530382987,-0.06206743772757426,-0.2825099389885304,-0.3641162980958024,-0.11001290069120637,-0.3870370918189913,-0.04389014208798146,1.3850298141763753,-0.40387272380744554,-0.6357229432289523,2,-0.31632603250270985
2259,-0.06812555432632719,0,0,0,0,1,0,0,0,-0.25379506728468426,0.6491309175764778,0.970416,2.7302,0.657069,0.770319,4.07542,0.2805735065759465,-0.254415501097573,-0.635782749158558,-0.7177347618007256,-0.8741882240700802,-0.3641162980958024,-0.11001290069120637,-0.3870370918189913,-0.04389014208798146,1.3850298141763753,-0.40387272380744554,-0.6357229432289523,2,-0.31632603250270985
2260,0.09281566268651349,0,0,0,0,1,0,0,0,-0.2459949357158145,0.6477068857874154,2.23412,2.30242,4.07542,0.970416,0.657069,0.2661648721955221,-0.254415501097573,-0.6187850267784324,-0.14939642701876646,-0.055294923943228366,-0.3641162980958024,-0.11001290069120637,-0.3870370918189913,-0.8669128065047171,1.3850298141763753,-0.40387272380744554,-0.6357229432289523,3,-0.31632603250270985
2261,-0.09382167177449462,0,0,0,0,1,0,0,0,-0.24452110367074764,0.6544279267965081,2.7302,2.11895,2.30242,0.657069,0.183631,0.2661648721955221,0.0898748542629098,-0.06549261280249277,0.05449377160874166,0.04769174411655662,-0.3641162980958024,-0.11001290069120637,-0.3870370918189913,-0.04389014208798146,0.4150033169688831,-0.40387272380744554,-0.6357229432289523,3,-0.31632603250270985
2263,-0.6871465285497471,0,0,0,0,1,0,0,0,-0.25779805012844553,0.6556249762015396,0.183631,2.19873,4.09962,2.30242,2.23412,-1.3644828801948965,-0.5398231960532743,-0.8671843203785087,-0.8894358268250424,-0.2432231939754886,-0.3641162980958024,-0.11001290069120637,-0.3870370918189913,-0.04389014208798146,0.4150033169688831,-0.40387272380744554,-0.6357229432289523,3,-0.31632603250270985
2264,-0.8652653931533407,0,0,0,0,1,0,0,0,-0.25949505238497855,0.6566018766023621,0.657069,2.19873,4.09962,2.30242,2.47798,-1.3644828801948965,-0.9339826608377608,-1.2096760193093354,-0.5719330937879735,-0.11033136946151122,-0.3641162980958024,-0.11001290069120637,-0.3870370918189913,-0.8669128065047171,2.355056311383868,-0.40387272380744554,-0.6357229432289523,2,-0.31632603250270985
2266,6.342615566598825,0,0,0,1,0,0,0,0,-0.21345050650360167,0.6611168828549627,2.086,0.807909,2.63127,1.62305,0.923743,2.460015093526049,1.7284272554202176,1.3593137092016099,1.518051688415894,1.580046481388438,-0.3641162980958024,-0.11001290069120637,-0.3870370918189913,-0.8669128065047171,0.4150033169688831,2.329529102992471,0.5644988738891453,0,1.7381456473456194
2267,-0.14954801022870468,0,0,0,1,0,0,0,0,-0.21427625662194716,0.674675242411495,19.3421,2.33637,2.11895,0.807909,2.69741,2.460015093526049,4.144583079128548,3.7437660129418395,3.051903132844307,2.518366751619837,-0.3641162980958024,-0.11001290069120637,-0.3870370918189913,1.6021551867454897,-0.5550231802386093,0.9628281895925127,-0.6357229432289523,1,-0.31632603250270985
2268,-0.2875658826424702,0,0,0,0,0,1,0,0,-0.9318356234141055,1.2954436668302214,1.02793,0.898173,1.2794,1.98455,4.63408,-0.16798273235722314,-0.4081830810860825,-0.15526608915059933,-0.05321088198062635,-0.16814990463039906,-0.3641162980958024,-0.11001290069120637,-0.3870370918189913,1.6021551867454897,0.4150033169688831,-0.40387272380744554,-0.6357229432289523,1,-0.31632603250270985
2271,-0.731755063684619,0,0,0,0,0,1,0,0,-0.9474377915963552,1.2835219876942117,0.266604,0.227493,0.209891,0.124031,2.31988,-0.10787123645639575,-0.39462116359843447,-0.7300762007255608,-0.5380337692692635,-0.6378403346651974,-0.3641162980958024,-0.11001290069120637,-0.3870370918189913,2.4251778511622253,-0.5550231802386093,-0.40387272380744554,-0.6357229432289523,1,-0.31632603250270985
2274,-0.45301050413341576,0,0,0,0,0,1,0,0,-0.9418372807319854,1.2981044477348442,1.02793,2.31988,1.64774,1.71915,4.69117,0.9348631321578972,0.10617362434706842,-0.23617236101132838,-0.46343368986001904,-0.36886884134844444,-0.3641162980958024,-0.11001290069120637,-0.3870370918189913,3.248200515578961,-0.5550231802386093,-0.40387272380744554,-0.6357229432289523,0,-0.31632603250270985
2276,-0.0615566786214224,0,0,0,0,0,1,0,0,-0.9499482195586795,1.2934510074269405,0.209891,4.69117,1.2794,0.5385,1.64774,-0.37755799870495904,-0.0019815771914097583,-0.3330006277721647,-0.3803050144824765,-0.35721858026317593,-0.3641162980958024,-0.11001290069120637,-0.3870370918189913,3.248200515578961,-0.5550231802386093,-0.40387272380744554,-0.6357229432289523,0,-0.31632603250270985
2277,-0.8553857438972812,0,0,0,0,0,1,0,0,-0.952150319913953,1.2890195289293336,2.31988,0.5385,4.69117,0.266604,1.2794,-0.37755799870495904,-0.35175639479675924,0.35106012439540607,0.08170589410212217,-0.11220764986869276,-0.3641162980958024,-0.11001290069120637,-0.3870370918189913,2.4251778511622253,-0.5550231802386093,-0.40387272380744554,-0.6357229432289523,1,-0.31632603250270985
2278,-0.5476196206003359,0,0,0,0,0,1,0,0,-0.9357261478534504,1.2912900871377684,1.71915,1.98455,1.2794,0.898173,0.227493,-0.16798273235722314,-0.3532245376377137,-0.3367004186575937,-0.43014386911765945,-0.48501468152144483,-0.3641162980958024,-0.11001290069120637,-0.3870370918189913,1.6021551867454897,0.4150033169688831,-0.40387272380744554,-0.6357229432289523,1,-0.31632603250270985
2281,-0.5964373528363806,0,0,0,0,0,1,0,0,-0.9252332537833263,1.292587167097074,1.71915,2.1546,1.02793,7.11885,4.24901,0.2550025840969612,0.02303430333252361,-0.11771624588139606,-0.3873540217568436,-0.3905891079402242,-0.3641162980958024,-0.11001290069120637,-0.3870370918189913,0.7791325223287542,0.4150033169688831,-0.40387272380744554,-0.6357229432289523,2,-0.31632603250270985
2283,0.8091015204788535,0,0,0,0,0,1,0,0,-0.9327405360343415,1.3083687789206055,4.37164,1.71915,1.2794,1.64774,0.898173,2.0041289775431514,1.092487966873078,0.6076874927493054,0.5256955298417327,0.5723590597209554,0.8564563463274925,-0.11001290069120637,-0.3870370918189913,1.6021551867454897,-0.5550231802386093,-0.40387272380744554,-0.6357229432289523,1,-0.31632603250270985
2285,0.7103652238010054,0,0,0,0,0,1,0,0,-0.9451776448511463,1.311831120445816,1.64774,2.89192,4.63408,4.69117,1.2794,0.4003106268846767,0.7496148746441993,0.3589429248541201,0.25739598309127626,0.024599074437819172,-0.3641162980958024,-0.11001290069120637,-0.3870370918189913,2.4251778511622253,-0.5550231802386093,-0.40387272380744554,-0.6357229432289523,1,-0.31632603250270985
2286,-0.31443205756155695,0,0,0,0,0,1,0,0,-0.9483679812879853,1.3052045631328888,4.69117,4.37164,1.2794,2.89192,3.93284,0.21841293426042604,-0.299160481048428,-0.23617236101132838,-0.10063889934682949,-0.3804223955383901,0.8564563463274925,-0.11001290069120637,-0.3870370918189913,0.7791325223287542,-0.5550231802386093,-0.40387272380744554,-0.6357229432289523,2,-0.31632603250270985
2287,0.8305801638919702,0,0,0,0,0,1,0,0,-0.9539806563007206,1.301044475249962,1.64774,2.31988,3.93284,1.2794,0.209891,0.21841293426042604,-0.0019815771914097583,-0.3265421274421509,-0.08394566581641318,-0.30588641070037287,-0.3641162980958024,-0.11001290069120637,-0.3870370918189913,2.4251778511622253,-0.5550231802386093,-0.40387272380744554,-0.6357229432289523,1,-0.31632603250270985
2288,0.15365865117432634,0,0,0,0,0,1,0,0,-0.9573828510126781,1.313264291004331,3.93284,0.740936,5.77966,4.37164,1.64774,0.1507598569302549,0.2582229178222798,0.14290889869806778,-0.12636763776193974,-0.38401938062169916,0.8564563463274925,-0.11001290069120637,-0.3870370918189913,-0.04389014208798146,-0.5550231802386093,-0.40387272380744554,-0.6357229432289523,3,-0.31632603250270985
2289,0.5452780153638775,0,0,0,0,0,1,0,0,-0.9605948709461916,1.3074974387990075,2.89192,4.69117,5.77966,1.64774,4.36044,0.1507598569302549,0.11362193238013593,0.03595552291830059,-0.09667565349015557,-0.17100610802453936,-0.3641162980958024,-0.11001290069120637,-0.3870370918189913,0.7791325223287542,-0.5550231802386093,-0.40387272380744554,-0.6357229432289523,3,-0.31632603250270985
2292,0.08165308867938141,0,0,0,0,0,1,0,0,-0.9589643458647835,1.330601749773125,3.30394,0.740936,8.14987,2.89192,5.77966,-0.20648518714434239,0.7141336929895837,0.5170816076599862,0.9749107834919283,0.831371876601401,0.8564563463274925,-0.11001290069120637,-0.3870370918189913,-0.8669128065047171,-0.5550231802386093,-0.40387272380744554,0.5644988738891453,3,-0.31632603250270985
2293,0.3086705737364626,0,0,0,0,0,1,0,0,-0.9629081941807331,1.326653177869459,2.70053,0.740936,8.14987,5.77966,2.46422,-0.20648518714434239,-0.5000146985124534,0.3539859957615494,0.2520064984552202,-0.027353924173563766,0.8564563463274925,-0.11001290069120637,-0.3870370918189913,-0.8669128065047171,-0.5550231802386093,-0.40387272380744554,1.764720691007243,2,-0.31632603250270985
2294,-0.6555937279344403,0,0,0,0,0,1,0,0,-0.9642298768495646,1.320320945026213,3.30394,5.77966,2.89192,2.70053,2.46422,0.13260711206045248,-0.24220597262900648,-0.2011572067256273,-0.15364330980945853,-0.38425363085082653,2.077028990750787,-0.11001290069120637,-0.3870370918189913,-0.8669128065047171,-0.5550231802386093,-0.40387272380744554,0.5644988738891453,2,-0.31632603250270985
2295,1.2400965164711162,0,0,0,0,0,1,0,0,-0.9692049548140055,1.3144482324867695,4.36044,0.740936,2.46422,3.93284,1.73298,0.24962508690837487,-0.24220597262900648,-0.09986185298912922,-0.29390613305501906,-0.5495253440254628,0.8564563463274925,-0.11001290069120637,-0.3870370918189913,-0.8669128065047171,-0.5550231802386093,-0.40387272380744554,0.5644988738891453,3,-0.31632603250270985
2296,0.7061515120086264,0,0,0,0,0,1,0,0,-0.974199614136198,1.3095104023075366,1.73298,5.77966,1.714,2.13457,2.46422,-0.6821409179195438,-0.412217742306118,0.10578385589178806,-0.10916996079696728,-0.26592627459900076,3.2976016351740816,-0.11001290069120637,-0.3870370918189913,-0.8669128065047171,-0.5550231802386093,-0.40387272380744554,0.5644988738891453,1,-0.31632603250270985
2297,-0.2823627010274167,0,0,0,0,0,1,0,0,-0.9764593954738447,1.3061701334847218,4.36044,5.77966,2.13457,0.843186,1.714,-0.6821409179195438,0.5458652033254936,0.21521889064895253,0.041837663117454287,-0.20011018059531593,3.2976016351740816,-0.11001290069120637,-0.3870370918189913,-0.8669128065047171,-0.5550231802386093,-0.40387272380744554,-0.6357229432289523,2,-0.31632603250270985
2298,-0.13127479757193317,0,0,0,0,0,1,0,0,-0.9858011104518422,1.3136156497338962,0.843186,0.79678,1.714,0.0680375,0.457522,-0.3641798092483096,-0.6722078111679026,-0.9975765307774842,-1.168297192133685,-0.697028556529279,2.077028990750787,-0.11001290069120637,-0.3870370918189913,-0.8669128065047171,-0.5550231802386093,-0.40387272380744554,-0.6357229432289523,3,-0.31632603250270985
2299,-0.6345838599582257,0,0,0,0,0,1,0,0,-0.9910657131246987,1.3165496621506294,0.0680375,0.156933,2.13457,0.0224113,0.843186,-1.079839978621015,-0.8763532287938218,-1.0079427402400496,-1.1677064959160377,-1.1882496418505804,2.077028990750787,6.9251710563310676,-0.3870370918189913,-0.8669128065047171,-0.5550231802386093,-0.40387272380744554,-0.6357229432289523,2,-0.31632603250270985
2301,-0.6171247966156247,0,0,0,0,0,1,0,0,-0.9891330212253765,1.30980463447876,2.13457,0.79678,0.0680375,1.714,0.156933,-0.3641798092483096,-0.3696138882907956,-0.3412560927422624,-0.2818265177279449,-0.34806383850177053,2.077028990750787,-0.11001290069120637,-0.3870370918189913,-0.8669128065047171,-0.5550231802386093,-0.40387272380744554,-0.6357229432289523,3,-0.31632603250270985
2302,-0.28950343761843006,0,0,0,0,0,1,0,0,-0.9816992259937874,1.3179492917534308,2.13457,2.46422,0.457522,0.0680375,1.98007,-0.08096237858947289,-0.5904880684058486,-0.8785215047241943,-0.9595747270502978,-0.8766534126132319,0.8564563463274925,-0.11001290069120637,-0.3870370918189913,-0.8669128065047171,-0.5550231802386093,-0.40387272380744554,1.764720691007243,2,-0.31632603250270985
2303,-0.007252467897140168,0,0,0,0,0,1,0,0,-0.9765886905412697,1.3216863361995843,1.714,1.98007,0.457522,5.77966,0.0286053,0.01202194624090948,-0.5565294397783929,-0.49160938583868297,-0.41431505367930854,-0.49386304859820224,0.8564563463274925,6.9251710563310676,-0.3870370918189913,-0.8669128065047171,-0.5550231802386093,-0.40387272380744554,0.5644988738891453,2,-0.31632603250270985
2306,2.131827036775958,0,0,0,0,0,1,0,0,-0.9716460670195173,1.3356266670614192,3.30394,1.98007,2.70053,2.46422,0.740936,1.996509735547784,0.9146677343183808,0.5170816076599862,0.4649273028745103,0.4922182147038895,2.077028990750787,-0.11001290069120637,-0.3870370918189913,-0.8669128065047171,-0.5550231802386093,-0.40387272380744554,1.764720691007243,1,-0.31632603250270985
2307,-0.18940144685073046,0,0,0,0,0,1,0,0,-0.9805283550331233,1.326688367712198,0.457522,2.46422,0.131805,0.0286053,1.714,-0.22046095456300346,-0.5565294397783929,-0.8388279681496885,-1.0580962947125436,-0.8766534126132319,0.8564563463274925,6.9251710563310676,-0.3870370918189913,-0.8669128065047171,-0.5550231802386093,-0.40387272380744554,0.5644988738891453,2,-0.31632603250270985
2308,-0.7622209523920522,0,0,0,0,0,1,0,0,-0.9850924446460742,1.3234520370825087,0.0286053,0.131805,1.98007,0.0224113,0.0680375,-0.9073998939038584,-1.105921492286202,-1.088331562581933,-1.15053324570666,-1.3300210420228704,-0.3641162980958024,13.960355013353341,-0.3870370918189913,-0.8669128065047171,-0.5550231802386093,-0.40387272380744554,0.5644988738891453,2,-0.31632603250270985
2310,-0.8847635920240394,0,0,0,0,0,1,0,0,-0.9874971337178199,1.3267285100095287,0.0286053,0.457522,0.0224113,1.98007,0.156933,-1.6750187526113811,-1.105921492286202,-1.0321256950291295,-1.069445604611561,-1.1417154242068965,-0.3641162980958024,13.960355013353341,-0.3870370918189913,-0.8669128065047171,-0.5550231802386093,-0.40387272380744554,0.5644988738891453,2,-0.31632603250270985
2311,-0.9235898235293927,0,0,0,0,0,1,0,0,-0.9874992090140988,1.3258115862709015,0.131805,0.457522,0.0224113,0.156933,1.98007,-1.6750187526113811,-1.280317465464258,-1.168459433925957,-1.0607330605300083,-1.2529939770966947,-0.3641162980958024,6.9251710563310676,-0.3870370918189913,-0.8669128065047171,-0.5550231802386093,-0.40387272380744554,0.5644988738891453,3,-0.31632603250270985
2312,-0.8753098286384238,0,0,0,0,0,1,0,0,-0.9925738622723828,1.3212578155588186,0.0224113,0.0680375,0.79678,0.0286053,0.131805,-1.4432698544919296,-1.0905189131742774,-1.1849592171706924,-1.0607330605300083,-1.1417154242068965,-0.3641162980958024,13.960355013353341,-0.3870370918189913,-0.8669128065047171,-0.5550231802386093,-0.40387272380744554,-0.6357229432289523,3,-0.31632603250270985
2313,-0.9087544729812285,0,0,0,0,0,1,0,0,-0.9892479978276568,1.3186922284470821,0.79678,0.156933,0.0224113,2.13457,0.457522,-1.079839978621015,-1.0905189131742774,-1.2901265140996725,-1.168297192133685,-1.3300210420228704,0.8564563463274925,6.9251710563310676,-0.3870370918189913,-0.8669128065047171,-0.5550231802386093,-0.40387272380744554,-0.6357229432289523,3,-0.31632603250270985
2314,-0.9259201566402852,0,0,0,0,0,1,0,0,-0.9915330676287892,1.3225579187242917,0.156933,0.0680375,0.0286053,0.131805,0.79678,-1.4432698544919296,-0.9976381064753929,-1.168459433925957,-1.2408137413994913,-1.3524746232553342,-0.3641162980958024,6.9251710563310676,-0.3870370918189913,-0.8669128065047171,-0.5550231802386093,-0.40387272380744554,-0.6357229432289523,4,-0.31632603250270985
2315,0.5247926040161073,0,0,0,0,0,1,0,0,-0.9924092623165404,1.3369911241200176,4.37957,0.131805,0.0286053,0.0224113,0.457522,1.3727187191661399,0.6757891463594589,0.33965826815370403,0.42039429438631637,0.2131259665059934,-0.3641162980958024,13.960355013353341,-0.3870370918189913,-0.8669128065047171,-0.5550231802386093,-0.40387272380744554,0.5644988738891453,2,-0.31632603250270985
2319,1.7439322928314562,0,0,0,0,0,1,0,0,-0.9144485231311678,1.2917080513675743,2.1546,0.898173,5.79229,4.24901,4.99343,0.7507829722453866,0.4101143379105196,0.7403163139948182,0.40692833696641456,0.42000131800386575,-0.3641162980958024,-0.11001290069120637,-0.3870370918189913,-0.8669128065047171,1.3850298141763753,-0.40387272380744554,-0.6357229432289523,3,-0.31632603250270985
2320,-0.12373902550038433,0,0,0,0,0,1,0,0,-0.9202504052768379,1.2853867754747799,4.24901,7.11885,0.898173,5.79229,1.61891,-0.0017584222588242209,-0.036205963187771466,-0.4050915415509315,-0.3382666884373672,-0.06596582536999059,-0.3641162980958024,-0.11001290069120637,-0.3870370918189913,-0.8669128065047171,1.3850298141763753,-0.40387272380744554,-0.6357229432289523,3,-0.31632603250270985
2321,0.6642288419171289,0,0,0,0,0,1,0,0,-0.9246158287421444,1.2809499341817487,2.1546,1.61891,1.1062,1.98455,0.898173,-0.0017584222588242209,0.3707583824684955,-0.03358408775699325,-0.14562231893829394,-0.3905891079402242,-0.3641162980958024,-0.11001290069120637,-0.3870370918189913,-0.8669128065047171,1.3850298141763753,-0.40387272380744554,-0.6357229432289523,3,-0.31632603250270985
2322,-0.40572663823465044,0,0,0,0,0,1,0,0,-0.9330851219185614,1.2676658864603518,0.708419,0.403238,0.952566,1.1062,0.124031,-0.39618354500573394,0.47861989864636645,-0.0044499312450481665,-0.3041184466058879,-0.2380820870833641,-0.3641162980958024,-0.11001290069120637,-0.3870370918189913,0.7791325223287542,1.3850298141763753,-0.40387272380744554,-0.6357229432289523,1,-0.31632603250270985
2324,-0.6678274124302244,0,0,0,0,0,1,0,0,-0.9369910395146231,1.264518904109134,1.40508,0.403238,1.1062,0.124031,0.952566,-0.39618354500573394,0.8487323054866359,0.6757170673855151,0.4525886761105902,0.14033379139639476,-0.3641162980958024,-0.11001290069120637,-0.3870370918189913,-0.04389014208798146,1.3850298141763753,-0.40387272380744554,-0.6357229432289523,2,-0.31632603250270985
2327,-0.518172547208417,0,0,0,0,0,1,0,0,-0.9351913250160049,1.2780895233614418,0.124031,0.403238,0.227493,1.98455,0.266604,-0.862119559645711,-1.011209221826463,-0.976204873669454,-1.1244765886886892,-1.1564559070018614,-0.3641162980958024,-0.11001290069120637,-0.3870370918189913,0.7791325223287542,1.3850298141763753,-0.40387272380744554,-0.6357229432289523,1,-0.31632603250270985
2329,-0.18771596213377892,0,0,0,0,0,1,0,0,-0.9362880530185579,1.2842579151918745,0.227493,0.124031,1.1062,1.02793,0.266604,-0.3204104154316997,-0.6950850526348321,-0.9009011418996689,-0.9741603190568909,-1.1679226780368572,-0.3641162980958024,-0.11001290069120637,-0.3870370918189913,1.6021551867454897,0.4150033169688831,-0.40387272380744554,-0.6357229432289523,1,-0.31632603250270985
2330,-0.7826439105114713,0,0,0,0,0,1,0,0,-0.9394116645585813,1.2762588639948573,0.124031,1.1062,0.266604,0.227493,1.98455,-1.0312303678417167,-1.011209221826463,-1.1922667665276037,-1.357404398562263,-0.9258653545130007,-0.3641162980958024,-0.11001290069120637,-0.3870370918189913,0.7791325223287542,1.3850298141763753,-0.40387272380744554,-0.6357229432289523,1,-0.31632603250270985
2333,-0.8876883594770709,0,0,0,0,0,1,0,0,-0.9386673521058136,1.2790615215305696,0.227493,0.403238,1.1062,0.266604,1.98455,-1.0775268788246601,-1.3732257448244258,-1.5057820398035004,-1.593232390886892,-1.4153289305112775,-0.3641162980958024,-0.11001290069120637,-0.3870370918189913,-0.04389014208798146,2.355056311383868,-0.40387272380744554,-0.6357229432289523,1,-0.31632603250270985
2334,-0.8487634443464371,0,0,0,0,0,1,0,0,-0.9405546976859104,1.2811596800118985,0.266604,0.124031,0.403238,1.98455,1.1062,-1.3019297951241764,-1.4079613720010038,-1.1636361929977999,-1.348291127504696,-1.3738306860172065,-0.3641162980958024,-0.11001290069120637,-0.3870370918189913,-0.04389014208798146,2.355056311383868,-0.40387272380744554,-0.6357229432289523,1,-0.31632603250270985
2335,-0.8340489370328898,0,0,0,0,0,1,0,0,-0.9424906137208073,1.28019250795095,0.227493,0.124031,0.403238,0.5385,1.98455,-1.3019297951241764,-1.1585359008053056,-1.1922667665276037,-1.2257044524889442,-1.1679226780368572,-0.3641162980958024,-0.11001290069120637,-0.3870370918189913,1.6021551867454897,1.3850298141763753,-0.40387272380744554,-0.6357229432289523,0,-0.31632603250270985
2336,1.2448482289655578,0,0,0,0,0,1,0,0,-0.9125902028874359,1.277837863837266,0.895146,0.552172,1.61891,4.99343,1.54347,0.5282212240620457,-0.13629767676107685,-0.2443055780214452,-0.45360715771930743,-0.6120047741999148,-0.3641162980958024,-0.11001290069120637,-0.3870370918189913,-0.8669128065047171,3.32508280859136,-0.40387272380744554,-0.6357229432289523,1,-0.31632603250270985
2337,-0.32527860318426066,0,0,0,0,0,1,0,0,-0.9202159755942525,1.2718359688497864,0.952566,0.895146,5.79229,4.24901,1.40508,-0.900610627656636,-0.2706563000265247,-0.2443055780214452,-0.4176083730409353,-0.19668026188859497,-0.3641162980958024,-0.11001290069120637,-0.3870370918189913,-0.8669128065047171,1.3850298141763753,-0.40387272380744554,-0.6357229432289523,3,-0.31632603250270985
2338,-0.5759733862718392,0,0,0,0,0,1,0,0,-0.922027449211355,1.2690217365521272,1.61891,0.895146,1.40508,4.24901,5.79229,-0.900610627656636,0.11793694267176096,-0.0044499312450481665,-0.009615731126900484,-0.245314035378759,-0.3641162980958024,-0.11001290069120637,-0.3870370918189913,-0.8669128065047171,1.3850298141763753,-0.40387272380744554,-0.6357229432289523,3,-0.31632603250270985
2339,-0.5975761836931243,0,0,0,0,0,1,0,0,-0.9125505534578119,1.270173601655459,0.66797,1.61891,1.54347,5.79229,0.552172,0.4374709478344692,-0.2706563000265247,-0.6062711912520008,-0.8588240490099954,-0.958138250127824,-0.3641162980958024,-0.11001290069120637,-0.3870370918189913,-0.8669128065047171,3.32508280859136,-0.40387272380744554,-0.6357229432289523,1,-0.31632603250270985
2342,-0.683045307813254,0,0,0,0,0,1,0,0,-0.9050563950561434,1.2679338478581508,1.54347,0.271694,0.552172,0.895146,4.71537,-1.0026356652280384,-0.5564797186711248,-0.8431522593624373,-0.9111662791490903,-0.5011578210432477,-0.3641162980958024,-0.11001290069120637,-0.3870370918189913,-0.8669128065047171,4.295109305798853,-0.40387272380744554,-0.6357229432289523,0,-0.31632603250270985
2344,-0.35366096190006957,0,0,0,0,0,1,0,0,-0.9044477575803052,1.2708545318614624,0.66797,0.552172,0.271694,0.895146,4.99343,-1.0026356652280384,-1.1905810836353736,-1.3829233141383106,-0.8632723495105364,-0.8043810116163065,-0.3641162980958024,-0.11001290069120637,-0.3870370918189913,-0.8669128065047171,4.295109305798853,-0.40387272380744554,-0.6357229432289523,0,-0.31632603250270985
2345,-0.8321339555129605,0,0,0,0,0,1,0,0,-0.9006041049244993,1.272541511108834,1.54347,0.552172,0.66797,4.71537,4.99343,-0.673274743711478,-0.977458701990195,-0.90759378578435,-0.9555116578591616,-1.096952133516663,-0.3641162980958024,-0.11001290069120637,-0.3870370918189913,-0.8669128065047171,4.295109305798853,-0.40387272380744554,-0.6357229432289523,0,-0.31632603250270985
2346,-0.7266113255037794,0,0,0,0,0,1,0,0,-0.9049433852694322,1.2744586392824413,1.54347,0.271694,4.99343,0.66797,5.79229,-0.787797004173631,-0.977458701990195,-0.9689796636646101,-1.0732793058144694,-1.025466313705498,-0.3641162980958024,-0.11001290069120637,-0.3870370918189913,-0.8669128065047171,4.295109305798853,-0.40387272380744554,-0.6357229432289523,0,-0.31632603250270985
2347,0.944297710888794,0,0,0,0,0,1,0,0,-0.9023670157499287,1.2798761152569431,0.552172,0.271694,1.54347,5.79229,0.66797,-0.03700644402326763,-0.23875780487427,-0.2684800995771779,-0.45360715771930743,-0.2957568491964597,-0.3641162980958024,-0.11001290069120637,-0.3870370918189913,-0.8669128065047171,4.295109305798853,-0.40387272380744554,-0.6357229432289523,0,-0.31632603250270985
2348,0.839684791157646,0,0,0,0,0,1,0,0,-0.8935282547970812,1.2699015165529828,0.271694,1.3071,1.54347,0.66797,0.552172,0.3605855083592865,0.11327024419938737,-0.04134565695099561,-0.22970488875339665,-0.3909267230267145,-0.3641162980958024,-0.11001290069120637,-0.3870370918189913,-0.8669128065047171,4.295109305798853,-0.40387272380744554,-0.6357229432289523,0,-0.31632603250270985
2350,-0.44258909193262175,0,0,0,0,0,1,0,0,-0.8860110991509583,1.2643911353205035,0.683338,4.71537,0.671617,1.02793,0.271694,-0.04349593307540757,0.11327024419938737,0.4749601252897154,0.3301223858453628,0.343484594937775,-0.3641162980958024,-0.11001290069120637,-0.3870370918189913,-0.8669128065047171,2.355056311383868,-0.40387272380744554,-0.6357229432289523,2,-0.31632603250270985
2351,-0.6772634932752828,0,0,0,0,0,1,0,0,-0.8799154485327889,1.2629105070589512,1.3071,1.02793,4.71537,0.671617,0.271694,-0.04349593307540757,-0.10139196933009416,0.8661429171375578,0.9937379426705163,1.3247401686060207,-0.3641162980958024,-0.11001290069120637,-0.3870370918189913,-0.8669128065047171,3.32508280859136,-0.40387272380744554,-0.6357229432289523,1,-0.31632603250270985
2352,-0.5476196206003359,0,0,0,0,0,1,0,0,-0.8718338843743502,1.260140641493957,0.683338,1.3071,4.71537,0.671617,0.271694,0.6639014360646549,1.3434336235612907,2.5700943786180126,2.316951407608062,2.6997138247112633,-0.3641162980958024,-0.11001290069120637,-0.3870370918189913,-0.8669128065047171,3.32508280859136,-0.40387272380744554,-0.6357229432289523,1,-0.31632603250270985
2356,-0.6816732179108608,0,0,0,0,0,1,0,0,-0.8978684726113252,1.2582233116728034,0.66797,4.71537,1.3071,1.54347,0.271694,1.8873446907422546,0.9494579915841063,0.4749601252897154,0.34601614093351457,0.10428917314022274,-0.3641162980958024,-0.11001290069120637,-0.3870370918189913,-0.8669128065047171,4.295109305798853,-0.40387272380744554,-0.6357229432289523,0,-0.31632603250270985
2357,6.133185677447993e-05,1,0,0,0,0,0,0,0,0.08684072295917054,-0.3368492689154408,1.15565,4.21774,4.30003,0.795277,0.738182,0.15871938876005318,0.32962779400417797,-0.09211078747596567,-0.34324448085956316,-0.16632120250843377,-0.3641162980958024,-0.11001290069120637,-0.3870370918189913,-0.8669128065047171,-0.5550231802386093,-0.40387272380744554,0.5644988738891453,4,-0.31632603250270985
2358,-0.4995682571965301,1,0,0,0,0,0,0,0,0.09221609753632778,-0.33268600837035295,0.795277,4.30003,2.48366,4.21774,2.33252,-0.7105428986026251,-0.5269769992352624,-0.8416442836778423,-0.7052252394647455,-0.8883056366603852,-0.3641162980958024,-0.11001290069120637,-0.3870370918189913,-0.8669128065047171,-0.5550231802386093,-0.40387272380744554,0.5644988738891453,4,-0.31632603250270985
2359,-0.6351493250317922,1,0,0,0,0,0,0,0,0.095489965434205,-0.3303236951904308,1.15565,4.30003,2.33252,2.29931,1.48315,-0.7105428986026251,-0.4797578059039705,-0.6286041403972571,-0.5493315873450454,-0.6856456436511745,-0.3641162980958024,-0.11001290069120637,-0.3870370918189913,-0.04389014208798146,-0.5550231802386093,-0.40387272380744554,1.764720691007243,2,-0.31632603250270985
2360,-0.06929561179724665,1,0,0,0,0,0,0,0,0.10542665204087844,-0.3301613083529893,3.999,2.11084,5.57672,0.795277,0.883172,0.08807025789927797,-0.44770119794203356,-0.5912986029665416,-0.5493315873450454,-0.7252583896594391,-0.3641162980958024,-0.11001290069120637,-0.3870370918189913,-0.04389014208798146,0.4150033169688831,-0.40387272380744554,0.5644988738891453,2,-0.31632603250270985
2361,0.683423804028483,1,0,0,0,0,0,0,0,0.09757901136217424,-0.33655943652369175,1.15565,0.795277,0.465182,0.883172,0.738182,0.09667108461539024,-0.4797578059039705,-0.8372793425319993,-1.0192978754198103,-0.8154660403778833,-0.3641162980958024,-0.11001290069120637,-0.3870370918189913,-0.8669128065047171,-0.5550231802386093,-0.40387272380744554,0.5644988738891453,4,-0.31632603250270985
2363,0.5701690128802869,1,0,0,0,0,0,0,0,0.11009486593372578,-0.33472005644891056,2.29931,0.883172,2.11084,0.465182,7.35119,0.08807025789927797,-0.21476243691271046,-0.308576056191355,-0.47409442714601724,-0.5882708765828321,-0.3641162980958024,-0.11001290069120637,-0.3870370918189913,0.7791325223287542,0.4150033169688831,-0.40387272380744554,0.5644988738891453,1,-0.31632603250270985
2365,-0.6020810930682978,1,0,0,0,0,0,0,0,0.10399875789167291,-0.3397623520089939,0.465182,4.30003,3.999,2.45122,0.738182,-1.2902760707564773,-0.41194110505970255,-0.6112874075827445,-0.8179500297069777,-0.8636286150941738,-0.3641162980958024,-0.11001290069120637,-0.3870370918189913,0.7791325223287542,-0.5550231802386093,-0.40387272380744554,0.5644988738891453,2,-0.31632603250270985
2366,-0.7593390745054789,1,0,0,0,0,0,0,0,0.10244442430106125,-0.3412692783564474,0.883172,2.45122,4.30003,0.738182,3.999,-1.2902760707564773,-0.48055766299767616,-0.8372793425319993,-1.022425845142761,-0.7229622601079445,-0.3641162980958024,-0.11001290069120637,-0.3870370918189913,0.7791325223287542,-0.5550231802386093,-0.40387272380744554,1.764720691007243,1,-0.31632603250270985
2368,-0.6566298495662448,1,0,0,0,0,0,0,0,0.09694844242578379,-0.3457063725607605,0.465182,2.45122,0.883172,4.30003,2.48366,0.2445705628097107,-0.40178270512683556,-0.34211434448388833,-0.5760173474224174,-0.16632120250843377,-0.3641162980958024,-0.11001290069120637,-0.3870370918189913,-0.04389014208798146,-0.5550231802386093,-0.40387272380744554,1.764720691007243,2,-0.31632603250270985
2370,-0.012143383370436989,1,0,0,0,0,0,0,0,0.10396824693314406,-0.3476436831208075,0.465182,0.738182,3.95511,0.883172,7.35119,0.1585399346873836,-0.40178270512683556,-0.5723916014927647,-0.8179500297069777,-0.4248949139927076,-0.3641162980958024,-0.11001290069120637,-0.3870370918189913,0.7791325223287542,-0.5550231802386093,-0.40387272380744554,0.5644988738891453,2,-0.31632603250270985
2371,-0.37635480969616697,1,0,0,0,0,0,0,0,0.09528671412149761,-0.3204000415620639,2.33252,2.29175,5.57672,4.1063,0.795277,-0.23412948231971661,-0.15194818479791683,-0.5009986189278492,-0.5451187036959187,-0.6856456436511745,-0.3641162980958024,-0.11001290069120637,-0.3870370918189913,-0.04389014208798146,-0.5550231802386093,-0.40387272380744554,-0.6357229432289523,4,-0.31632603250270985
2372,-0.5602148566168768,1,0,0,0,0,0,0,0,1.339663646054765,-1.1854977906051032,4.49513,0.13117,1.2887,0.766534,0.474643,-0.43175831608504023,-0.5329553327267559,-0.7111555082328753,-0.870160802192439,-1.0625274424469429,0.8564563463274925,-0.11001290069120637,-0.3870370918189913,-0.8669128065047171,1.3850298141763753,2.329529102992471,-0.6357229432289523,0,-0.31632603250270985
2373,0.7568251585546536,1,0,0,0,0,0,0,0,1.3372777610196458,-1.189662208394304,0.994452,1.35184,0.882058,0.13117,0.474643,-0.43175831608504023,-0.1802526992540991,-0.38527261793339507,-0.3632811453543031,-0.5109010990431198,-0.3641162980958024,-0.11001290069120637,-0.3870370918189913,-0.8669128065047171,2.355056311383868,0.9628281895925127,-0.6357229432289523,1,-0.31632603250270985
2376,0.6030999229862616,0,0,0,0,0,1,0,0,-1.3465527916660323,1.4731220446872357,3.56447,3.84186,2.50729,3.22485,3.20268,0.28241631432307,-0.18646639949153684,-0.29851035309445534,0.35422905605558597,0.3513083641237606,0.8564563463274925,-0.11001290069120637,-0.3870370918189913,-0.8669128065047171,-0.5550231802386093,-0.40387272380744554,-0.6357229432289523,4,-0.31632603250270985
2377,0.5110491315361431,0,0,0,0,0,1,0,0,-1.3387698212748838,1.470608061460048,4.08653,5.40786,2.50729,2.6912,3.56447,0.5505121118899443,0.0962942101319884,0.0533365463330798,-0.20126297351370695,0.11693175079230758,0.8564563463274925,-0.11001290069120637,-0.3870370918189913,-0.04389014208798146,-0.5550231802386093,-0.40387272380744554,-0.6357229432289523,3,-0.31632603250270985
2379,0.008951511290159392,0,0,0,0,0,1,0,0,-1.3417125127133394,1.4809920088266006,4.08653,3.84186,3.56447,3.20268,2.6912,0.993564668110997,0.5517195143098114,0.2877205014751779,0.4153130992876019,0.2560364280673823,2.077028990750787,-0.11001290069120637,-0.3870370918189913,-0.8669128065047171,-0.5550231802386093,-0.40387272380744554,-0.6357229432289523,3,-0.31632603250270985
2380,0.07814291626662286,0,0,0,0,0,1,0,0,-1.3273179879893973,1.4735546332443028,5.40786,1.6599,3.84186,2.50729,3.8757,0.5000218520881577,0.3109274340743555,0.14045401654682144,0.6045901947625719,0.3021060752075513,-0.3641162980958024,-0.11001290069120637,-0.3870370918189913,1.6021551867454897,-0.5550231802386093,-0.40387272380744554,-0.6357229432289523,2,-0.31632603250270985
2381,1.100216333934826,0,0,0,0,0,1,0,0,-1.3303620794222917,1.4665370932460768,2.6912,1.6599,3.84186,3.8757,4.08653,0.5000218520881577,-0.12653608304244807,-0.3415671639150262,0.4367365196716076,0.4511408071804164,0.8564563463274925,-0.11001290069120637,-0.3870370918189913,0.7791325223287542,-0.5550231802386093,-0.40387272380744554,-0.6357229432289523,2,-0.31632603250270985
2383,-0.30985717047268857,0,0,0,0,0,1,0,0,-1.3219974091417406,1.4651686919176152,3.8757,5.40786,2.6912,3.84186,2.61329,0.20624919529137134,-0.12653608304244807,-0.15545660813383344,0.837405225627977,0.742108024653808,0.8564563463274925,-0.11001290069120637,-0.3870370918189913,1.6021551867454897,-0.5550231802386093,-0.40387272380744554,-0.6357229432289523,1,-0.31632603250270985
2384,0.523780560737402,0,0,0,0,0,1,0,0,-1.3155098122706057,1.4624399150988938,1.6599,2.61329,5.40786,2.6912,2.50266,0.20624919529137134,0.7623172411292064,0.8600968515247794,0.655350855126149,0.5408662172666537,0.8564563463274925,-0.11001290069120637,-0.3870370918189913,2.4251778511622253,-0.5550231802386093,-0.40387272380744554,-0.6357229432289523,0,-0.31632603250270985
2386,0.04883128361088773,0,0,0,0,0,1,0,0,-1.303998219336245,1.4582319049563384,2.50266,3.8757,1.6599,3.82864,5.40786,0.27427558411597797,0.7623172411292064,1.6535310157719103,2.0013134151035596,2.0833530352329883,-0.3641162980958024,-0.11001290069120637,-0.3870370918189913,3.248200515578961,-0.5550231802386093,-0.40387272380744554,-0.6357229432289523,0,-0.31632603250270985
2387,0.007209592933131473,0,0,0,0,0,1,0,0,-1.301205847751169,1.4518645637345602,2.61329,3.82864,3.8757,1.6599,3.26971,0.27427558411597797,1.9852950521191437,1.4034232027841607,2.1489024588126777,2.700494908212186,-0.3641162980958024,-0.11001290069120637,-0.3870370918189913,2.4251778511622253,-0.5550231802386093,-0.40387272380744554,-0.6357229432289523,1,-0.31632603250270985
2390,0.5060754467240673,0,0,0,0,0,1,0,0,-1.287334972300806,1.44158647864778,3.26971,2.50266,2.61329,3.05186,2.27977,2.650260954560665,1.9852950521191437,2.624889088189802,2.3463121216773084,2.884263375205719,-0.3641162980958024,-0.11001290069120637,-0.3870370918189913,1.6021551867454897,-0.5550231802386093,-0.40387272380744554,-0.6357229432289523,2,-0.31632603250270985
2391,0.2957924170710048,0,0,0,0,0,1,0,0,-1.2724256881931792,1.4394917659878106,3.82864,3.05186,2.27977,2.12425,1.51533,2.650260954560665,1.6388316191554093,1.5017076882955374,1.6873598852533085,1.6596295543828175,-0.3641162980958024,-0.11001290069120637,-0.3870370918189913,0.7791325223287542,1.3850298141763753,-0.40387272380744554,-0.6357229432289523,1,-0.31632603250270985
2393,0.21383196046656483,0,0,0,0,0,1,0,0,-1.2679815077994943,1.4248940559722771,2.12425,1.51533,2.27977,0.895529,3.26971,0.9703036871320786,0.3500252388381325,0.07238607333942207,-0.2452709438346668,0.2130308005008826,-0.3641162980958024,-0.11001290069120637,-0.3870370918189913,-0.04389014208798146,1.3850298141763753,-0.40387272380744554,-0.6357229432289523,2,-0.31632603250270985
2394,-0.07664703397787904,0,0,0,0,0,1,0,0,-1.257353086729481,1.4291013667973442,2.12425,1.51533,3.05186,0.895529,7.29002,0.15205485030194568,0.3417540756598802,0.07238607333942207,-0.039887811085846714,0.1354128016093098,-0.3641162980958024,-0.11001290069120637,-0.3870370918189913,-0.04389014208798146,1.3850298141763753,-0.40387272380744554,-0.6357229432289523,2,-0.31632603250270985
2397,-0.5265510616384417,1,0,0,0,0,0,0,0,1.5485068201951677,-1.29986330247023,4.38177,2.90542,4.62289,3.67036,4.30925,0.6913962847842313,0.21011489825262974,0.3681884642727808,0.2700814664884985,0.055963979147833944,-0.3641162980958024,-0.11001290069120637,1.4728290102938495,0.7791325223287542,-0.5550231802386093,-0.40387272380744554,-0.6357229432289523,2,-0.31632603250270985
2399,0.0625860428188671,1,0,0,0,0,0,0,0,1.5413042781451558,-1.3129953309896298,4.38177,2.53202,1.01636,5.02087,3.87401,0.1789649338486895,0.40146631747959344,0.05500752589874341,0.06232363202601774,-0.20693241548562719,-0.3641162980958024,-0.11001290069120637,3.3326951124066904,0.7791325223287542,-0.5550231802386093,-0.40387272380744554,0.5644988738891453,0,-0.31632603250270985
2400,0.7141763756275052,1,0,0,0,0,0,0,0,1.5446035892288457,-1.3071664114682517,2.64985,1.08393,3.67036,4.62289,1.01636,0.1789649338486895,-0.08076296740052161,0.11805176738479775,-0.2182308834508748,-0.27339785706165826,-0.3641162980958024,-0.11001290069120637,1.4728290102938495,1.6021551867454897,-0.5550231802386093,-0.40387272380744554,-0.6357229432289523,1,-0.31632603250270985
2402,-0.2638411803543086,1,0,0,0,0,0,0,0,1.5241748311086079,-1.3190573803546415,1.42651,0.401645,0.332092,3.87401,0.853787,-0.9526525279943561,-0.8867168085557734,-0.6471722523863767,-0.7246015650089562,-0.6703475998036514,-0.3641162980958024,-0.11001290069120637,3.3326951124066904,-0.04389014208798146,-0.5550231802386093,-0.40387272380744554,-0.6357229432289523,2,-0.31632603250270985
2403,-0.3976641521890542,1,0,0,0,0,0,0,0,1.5268430133626159,-1.317168113750028,1.78221,3.87401,0.401645,0.332092,2.53202,-0.9526525279943561,-0.6500153101014915,-0.8636102959368396,-0.8567232060316987,-0.7032305032539847,-0.3641162980958024,-0.11001290069120637,1.4728290102938495,-0.8669128065047171,-0.5550231802386093,-0.40387272380744554,1.764720691007243,2,-0.31632603250270985
2404,0.5231447417258734,1,0,0,0,0,0,0,0,1.5277999244001812,-1.3113965223720294,1.01636,1.42651,1.78221,0.853787,0.401645,-0.2925315637326383,-0.6500153101014915,-0.44985502234706964,-0.6373973358003754,-0.2856837920177569,-0.3641162980958024,-0.11001290069120637,3.3326951124066904,-0.04389014208798146,-0.5550231802386093,-0.40387272380744554,0.5644988738891453,1,-0.31632603250270985
2405,-0.5519725353715701,1,0,0,0,0,0,0,0,1.5314124702250436,-1.3075075865988026,3.87401,4.62289,1.42651,2.64985,0.714305,-0.2925315637326383,-0.061574769614267916,0.014507307011355275,-0.2770155761636135,-0.31233703918308797,-0.3641162980958024,-0.11001290069120637,3.3326951124066904,0.7791325223287542,-0.5550231802386093,-0.40387272380744554,-0.6357229432289523,1,-0.31632603250270985
2407,0.8048915709291464,1,0,0,0,0,0,0,0,1.5354320485910975,-1.3001717369718964,2.90542,1.01636,0.714305,0.810008,1.9983,0.6195295937507395,-0.061574769614267916,-0.288797765595964,-0.542087523821883,-0.5610976918096069,-0.3641162980958024,-0.11001290069120637,3.3326951124066904,-0.04389014208798146,1.3850298141763753,-0.40387272380744554,-0.6357229432289523,0,-0.31632603250270985
2408,0.15873767878121156,1,0,0,0,0,0,0,0,1.540741282809355,-1.2939694905364398,4.62289,4.30925,1.08393,1.9983,0.810008,0.6195295937507395,-0.11790638617781758,-0.24287213834331672,-0.25233270334260244,-0.28220166007699987,-0.3641162980958024,-0.11001290069120637,-0.3870370918189913,-0.04389014208798146,1.3850298141763753,-0.40387272380744554,-0.6357229432289523,2,-0.31632603250270985
2410,-0.6296071653520127,1,0,0,0,0,0,0,0,1.527607008447164,-1.2943555323953198,0.714305,1.9983,1.44422,1.99405,4.62289,-1.279150371309368,-1.162557644322196,-0.665978641817416,-0.8089767580694921,-0.7846718192308626,-0.3641162980958024,-0.11001290069120637,-0.3870370918189913,0.7791325223287542,0.4150033169688831,-0.40387272380744554,0.5644988738891453,1,-0.31632603250270985
2411,-0.6656129563936225,1,0,0,0,0,0,0,0,1.5265995770045102,-1.2962651548915511,0.810008,1.9983,1.44422,1.99405,3.29801,-1.279150371309368,-0.6411681346286251,-0.6688563430471135,-0.5998961503586014,-0.8279135138546221,-0.3641162980958024,-0.11001290069120637,-0.3870370918189913,-0.04389014208798146,2.355056311383868,-0.40387272380744554,0.5644988738891453,0,-0.31632603250270985
2413,-0.6131364431592846,1,0,0,0,0,0,0,0,1.5183795750213394,-1.3106344877433367,0.665434,3.87401,1.78221,1.42651,1.01636,0.46180296581861624,0.08484894273915806,-0.10190038171935972,-0.36971688516924217,-0.23200833895902218,-0.3641162980958024,-0.11001290069120637,5.192561214519531,-0.8669128065047171,-0.5550231802386093,-0.40387272380744554,0.5644988738891453,1,-0.31632603250270985
2416,-0.6839994125548141,1,0,0,0,0,0,0,0,1.5105471185145893,-1.309204585858725,0.853787,0.740131,3.29801,1.78221,3.87401,0.46180296581861624,0.007220280657978372,0.5590063049574837,0.7310041987814171,0.4001951186183788,-0.3641162980958024,-0.11001290069120637,1.4728290102938495,0.7791325223287542,0.4150033169688831,-0.40387272380744554,0.5644988738891453,0,-0.31632603250270985
2418,0.30643956383210497,1,0,0,0,0,0,0,0,1.5169683925139843,-1.2975318138860823,1.44422,0.714305,1.65979,0.810008,1.99405,0.03104387421383173,0.14685337662698866,-0.23265033776035382,-0.3358415314237488,-0.5682130194690769,-0.3641162980958024,-0.11001290069120637,-0.3870370918189913,0.7791325223287542,0.4150033169688831,0.9628281895925127,0.5644988738891453,0,-0.31632603250270985
2419,-0.6558965884695176,1,0,0,0,0,0,0,0,1.502177856252186,-1.3058250043227577,0.665434,0.853787,3.29801,4.64338,2.07514,0.8086625540629965,1.812610828167523,1.1959177112784494,0.9988256676730503,0.6318827711568322,0.8564563463274925,-0.11001290069120637,-0.3870370918189913,0.7791325223287542,0.4150033169688831,-0.40387272380744554,-0.6357229432289523,1,-0.31632603250270985
2422,-0.10460802151445006,1,0,0,0,0,0,0,0,1.5142529644413243,-1.2854852665851273,1.65979,1.99405,1.37529,1.44422,3.06352,-0.4543545355648279,-0.12278774078080762,-0.5237487749441034,-0.6809172768342906,-0.870226711070324,-0.3641162980958024,-0.11001290069120637,-0.3870370918189913,-0.04389014208798146,0.4150033169688831,0.9628281895925127,1.764720691007243,0,-0.31632603250270985
2423,0.21821873542184494,1,0,0,0,0,0,0,0,1.5185791241503146,-1.2776185923102095,2.07676,4.17432,2.20545,1.99405,1.37529,0.3474261613856808,-0.13289967170599862,-0.35031460553254523,-0.2102287374103712,-0.22090260453390945,0.8564563463274925,-0.11001290069120637,-0.3870370918189913,-0.04389014208798146,-0.5550231802386093,-0.40387272380744554,2.9649425081253407,0,-0.31632603250270985
2425,-0.39100122041735513,1,0,0,0,0,0,0,0,1.5201023500173727,-1.2921340481121062,1.99405,3.29801,0.714305,0.810008,1.65979,-0.5144426389158129,-0.5762161808657578,-0.6688563430471135,-0.9162060012452735,-0.9721232804342845,-0.3641162980958024,-0.11001290069120637,-0.3870370918189913,-0.04389014208798146,1.3850298141763753,0.9628281895925127,0.5644988738891453,0,-0.31632603250270985
2426,-0.18414183159560044,1,0,0,0,0,0,0,0,1.5223064070093206,-1.2881660247797273,1.44422,1.9983,4.17432,0.810008,2.20545,-0.5144426389158129,-0.2822292898643817,-0.5744165433527053,-0.8089767580694921,-1.016040512011409,-0.3641162980958024,-0.11001290069120637,-0.3870370918189913,0.7791325223287542,1.3850298141763753,-0.40387272380744554,0.5644988738891453,0,-0.31632603250270985
2427,0.6361286514017025,1,0,0,0,0,0,0,0,1.526144282694232,-1.2812508710474273,1.99405,3.06352,1.9983,2.20545,1.44422,0.5694722527588694,-0.13289967170599862,-0.039812995711323504,-0.06169022598129085,-0.28628774423031794,-0.3641162980958024,-0.11001290069120637,-0.3870370918189913,-0.04389014208798146,1.3850298141763753,-0.40387272380744554,1.764720691007243,0,-0.31632603250270985
2430,-0.1825428784600996,1,0,0,0,0,0,0,0,1.5295221030514665,-1.2910623809657786,0.810008,0.714305,1.99405,1.44422,4.17432,-0.7504466647268397,-0.6411681346286251,-0.6697885718899774,-0.6314066587859902,-0.6203908326521466,-0.3641162980958024,-0.11001290069120637,-0.3870370918189913,1.6021551867454897,0.4150033169688831,-0.40387272380744554,0.5644988738891453,0,-0.31632603250270985
2431,0.686892591771852,1,0,0,0,0,0,0,0,1.5435086753395717,-1.2863862725828787,2.90542,1.9983,1.08393,4.62289,0.810008,0.6418906090517754,1.3214525652095876,0.8007758708833621,0.6579683926394445,0.5010922669150978,-0.3641162980958024,-0.11001290069120637,1.4728290102938495,-0.04389014208798146,1.3850298141763753,-0.40387272380744554,-0.6357229432289523,1,-0.31632603250270985
2432,-0.1530243224574171,1,0,0,0,0,0,0,0,1.5114427799494963,-1.2751603888997316,3.06352,1.37529,2.20545,2.60338,1.65979,0.3474261613856808,0.12344159020573248,0.03383643333215693,0.3174715984260698,0.06995430468561635,0.8564563463274925,-0.11001290069120637,-0.3870370918189913,-0.8669128065047171,0.4150033169688831,0.9628281895925127,1.764720691007243,0,-0.31632603250270985
2434,-0.41693435915384386,1,0,0,0,0,0,0,0,1.506196968796515,-1.28270368099604,2.60338,2.20545,1.65979,2.07676,3.10824,-0.36932732258848866,-0.11380793240396232,-0.4132356614342781,-0.6077297670595565,-0.787533581513937,3.2976016351740816,-0.11001290069120637,-0.3870370918189913,-0.8669128065047171,-0.5550231802386093,0.9628281895925127,0.5644988738891453,0,-0.31632603250270985
2435,0.04510290112316679,1,0,0,0,0,0,0,0,1.5035264967223623,-1.2869379899565376,1.37529,1.65979,3.10824,2.20545,2.07676,-0.36932732258848866,-0.09746090718491016,-0.46339050527316267,-0.39382244919870185,-0.004548291001688706,2.077028990750787,-0.11001290069120637,-0.3870370918189913,-0.8669128065047171,-0.5550231802386093,0.9628281895925127,1.764720691007243,0,-0.31632603250270985
2438,0.8126004061635965,1,0,0,0,0,0,0,0,1.4872719549989775,-1.2951939258921175,0.926479,2.99955,2.48126,3.10824,2.07514,0.9094973218049068,0.13813716589216157,-0.16309450678288356,0.612585207308386,0.52025655926855,0.8564563463274925,-0.11001290069120637,-0.3870370918189913,0.7791325223287542,-0.5550231802386093,-0.40387272380744554,0.5644988738891453,1,-0.31632603250270985
2440,0.23504348464998606,1,0,0,0,0,0,0,0,1.496234200659038,-1.282181223458487,2.60338,3.81573,1.37529,3.19591,4.64338,0.7401291728231071,0.06961102391285928,-0.24754173715598762,-0.23281209584452212,0.2632925867585558,3.2976016351740816,-0.11001290069120637,-0.3870370918189913,-0.04389014208798146,-0.5550231802386093,-0.40387272380744554,0.5644988738891453,0,-0.31632603250270985
2443,0.2680270661533658,1,0,0,0,0,0,0,0,1.492658294347247,-1.2717138993440111,3.81573,5.61024,5.41532,3.10824,1.37529,0.4941048775818844,0.559518039775222,0.0894814621211604,-0.23281209584452212,0.48311949866060844,3.2976016351740816,-0.11001290069120637,-0.3870370918189913,-0.8669128065047171,-0.5550231802386093,0.9628281895925127,0.5644988738891453,0,-0.31632603250270985
2444,0.5012183914348164,1,0,0,0,0,0,0,0,1.4880303425601409,-1.27791299526004,3.19591,3.10824,5.61024,5.41532,2.99955,0.4941048775818844,0.06961102391285928,0.14486300265486093,-0.17410196156552038,-0.23572581312179336,2.077028990750787,-0.11001290069120637,-0.3870370918189913,-0.04389014208798146,-0.5550231802386093,0.9628281895925127,-0.6357229432289523,1,-0.31632603250270985
2447,0.19415166905055267,1,0,0,0,0,0,0,0,1.480770967838452,-1.2884784798757192,0.926479,4.64338,2.50082,1.17599,2.48126,-0.5600000237827645,0.13813716589216157,0.027706573371844553,-0.11020201203931936,-0.358088201066375,0.8564563463274925,-0.11001290069120637,-0.3870370918189913,0.7791325223287542,-0.5550231802386093,-0.40387272380744554,0.5644988738891453,1,-0.31632603250270985
2450,-0.1536338057702433,1,0,0,0,0,0,0,0,1.48450125378291,-1.311975651662845,1.06187,2.48126,4.64338,0.740131,0.926479,-0.1820326367363332,1.160917529419044,1.377809059504208,1.0187068584394117,1.137565764960974,0.8564563463274925,-0.11001290069120637,-0.3870370918189913,1.6021551867454897,-0.5550231802386093,-0.40387272380744554,0.5644988738891453,0,-0.31632603250270985
2451,-0.5348505689723593,1,0,0,0,0,0,0,0,1.4789050892731073,-1.3103147645498119,2.07514,2.48126,4.64338,0.926479,2.99955,-0.1820326367363332,0.42830994895729985,1.3871346936859223,1.1118901861202297,1.3621468109166677,0.8564563463274925,-0.11001290069120637,-0.3870370918189913,0.7791325223287542,-0.5550231802386093,-0.40387272380744554,0.5644988738891453,1,-0.31632603250270985
2452,-0.0008416063844496229,1,0,0,0,0,0,0,0,1.4782817539916406,-1.3000893574741106,0.926479,4.64338,1.06187,2.99955,2.07514,0.6042050091023594,0.3021189771638403,-0.05367308793788758,-0.07206729352944846,-0.12040700729072774,0.8564563463274925,-0.11001290069120637,-0.3870370918189913,0.7791325223287542,-0.5550231802386093,-0.40387272380744554,0.5644988738891453,1,-0.31632603250270985
2454,-0.5857879487296773,1,0,0,0,0,0,0,0,1.478387374250258,-1.2921929209456948,2.99955,2.48126,4.64338,1.17599,2.50082,-0.5600000237827645,-0.146181366775186,-0.3532029163301726,-0.3084100863763251,-0.529698359955827,0.8564563463274925,-0.11001290069120637,-0.3870370918189913,0.7791325223287542,-0.5550231802386093,-0.40387272380744554,-0.6357229432289523,2,-0.31632603250270985
2455,-0.24195621473264112,0,0,0,0,0,1,0,0,-1.557633061376457,1.4295254732151668,1.43678,3.55895,7.19391,5.64402,3.52539,0.20054448976852624,0.7855723156535834,0.66541289877164,1.609856376879002,1.197458925749261,0.8564563463274925,-0.11001290069120637,-0.3870370918189913,0.7791325223287542,-0.5550231802386093,-0.40387272380744554,-0.6357229432289523,2,-0.31632603250270985
2457,-0.3938003289651497,0,0,0,0,0,1,0,0,-1.555866551547779,1.423074695416795,1.84038,3.55895,7.19391,5.64402,2.81072,0.20054448976852624,0.30346417791465513,0.2988163761324884,0.4261675375300799,0.30428548019361756,2.077028990750787,-0.11001290069120637,-0.3870370918189913,0.7791325223287542,-0.5550231802386093,-0.40387272380744554,-0.6357229432289523,1,-0.31632603250270985
2459,1.1890654568712713,0,0,0,0,0,1,0,0,-1.558247619423505,1.4087611278284236,8.56813,2.81072,1.43678,7.19391,1.62522,1.2728977629698506,0.5808930053260283,0.8481753808145336,0.463689774189638,0.27506073306924916,2.077028990750787,-0.11001290069120637,-0.3870370918189913,-0.8669128065047171,-0.5550231802386093,-0.40387272380744554,-0.6357229432289523,2,1.7381456473456194
2460,2.289186598765277,0,0,0,0,0,1,0,0,-1.5670540680593001,1.4032424524342628,1.62522,5.64402,1.75972,7.19391,2.81072,1.2535562798190396,0.3555294900662254,1.1024649383786027,0.8844471676711497,1.0716037607301236,2.077028990750787,-0.11001290069120637,-0.3870370918189913,-0.04389014208798146,-0.5550231802386093,-0.40387272380744554,-0.6357229432289523,0,3.7926173271939483
2461,1.7721716863257375,0,0,0,0,0,1,0,0,-1.5681413085826676,1.420132241705295,1.62522,1.43678,1.84038,5.64402,5.23591,1.9073193618237305,0.8348207444443086,0.66541289877164,0.463689774189638,0.3915124144905439,-0.3641162980958024,-0.11001290069120637,-0.3870370918189913,-0.04389014208798146,-0.5550231802386093,-0.40387272380744554,-0.6357229432289523,2,3.7926173271939483
2463,-0.3229046280583758,0,0,0,0,0,1,0,0,-1.5747436702812898,1.4099908566755741,1.75972,8.56813,5.23591,7.19391,5.64402,0.5922091426357738,0.341017844728283,0.19517543207571386,-0.06339867829157439,0.27506073306924916,0.8564563463274925,-0.11001290069120637,-0.3870370918189913,-0.04389014208798146,-0.5550231802386093,-0.40387272380744554,-0.6357229432289523,1,3.7926173271939483
2466,0.36870468004984563,0,0,0,0,0,1,0,0,-1.598262925363126,1.3994098732737204,2.59451,5.63323,2.87748,6.09121,1.75972,0.7799218706111949,0.04450410380931666,0.9482652695386572,0.6596941778564587,0.5078420785993163,-0.3641162980958024,-0.11001290069120637,-0.3870370918189913,1.6021551867454897,-0.5550231802386093,-0.40387272380744554,-0.6357229432289523,1,1.7381456473456194
2467,0.04176579187330965,0,0,0,0,0,1,0,0,-1.604482539272126,1.4054936337716322,2.87748,3.46351,5.63323,6.09121,1.75972,0.1591789101599371,-0.014343453713919032,-0.23314076789261778,-0.025341281241458884,1.1156692206298668,-0.3641162980958024,-0.11001290069120637,-0.3870370918189913,0.7791325223287542,-0.5550231802386093,-0.40387272380744554,-0.6357229432289523,2,1.7381456473456194
2468,1.1850059970284348,0,0,0,0,0,1,0,0,-1.5946897626278802,1.4074095231931942,6.09121,3.46351,2.59451,1.75972,5.23591,0.5927410455738589,0.04450410380931666,-0.23314076789261778,-0.20948305661378608,-0.2040107636042157,-0.3641162980958024,-0.11001290069120637,-0.3870370918189913,0.7791325223287542,-0.5550231802386093,-0.40387272380744554,-0.6357229432289523,1,3.7926173271939483
2469,-0.2723024641231122,0,0,0,0,0,1,0,0,-1.5828917149899355,1.4082047721332391,1.62522,5.23591,5.63323,6.09121,8.56813,0.5922091426357738,-0.05831251744205209,0.13118202813761262,0.4476877186334866,0.29870910768430686,-0.3641162980958024,-0.11001290069120637,-0.3870370918189913,0.7791325223287542,-0.5550231802386093,-0.40387272380744554,-0.6357229432289523,1,3.7926173271939483
2470,1.0355245711937955,0,0,0,0,0,1,0,0,-1.5849098651930635,1.4162398285483777,1.75972,6.09121,1.62522,5.63323,7.19391,0.7213188049042986,0.6284891694047366,0.19517543207571386,0.09769898336238433,0.3915124144905439,0.8564563463274925,-0.11001290069120637,-0.3870370918189913,0.7791325223287542,-0.5550231802386093,-0.40387272380744554,-0.6357229432289523,0,3.7926173271939483
2471,1.3573091869100113,0,0,0,0,0,1,0,0,-1.5966144689746007,1.4150607106081154,5.63323,5.23591,2.59451,2.87748,1.75972,0.5927410455738589,0.6284891694047366,0.33888800703299854,0.20810423521542795,0.11363399163508449,-0.3641162980958024,-0.11001290069120637,-0.3870370918189913,0.7791325223287542,-0.5550231802386093,-0.40387272380744554,-0.6357229432289523,1,3.7926173271939483
2473,0.14822597275629507,0,0,0,0,0,1,0,0,-1.6096714901071503,1.409844720727008,2.59451,6.09121,5.63323,3.46351,5.99773,0.1591789101599371,1.18470799582539,0.804928681498427,0.5149022475490038,0.3613495098416451,-0.3641162980958024,-0.11001290069120637,-0.3870370918189913,2.4251778511622253,-0.5550231802386093,-0.40387272380744554,-0.6357229432289523,1,-0.31632603250270985
2474,1.322139742414335,0,0,0,0,0,1,0,0,-1.6261812204622477,1.4139753822045629,1.14963,0.607114,0.765406,2.87748,1.48064,1.8453466062999084,0.9463644712957787,0.661541423701647,0.720626715717904,0.8275952697440297,-0.3641162980958024,-0.11001290069120637,-0.3870370918189913,-0.8669128065047171,-0.5550231802386093,-0.40387272380744554,-0.6357229432289523,5,-0.31632603250270985
2475,-0.6463875201166269,0,0,0,0,0,1,0,0,-1.6368463741651842,1.4231844201028576,1.14963,2.2762,0.607114,1.48064,5.99773,-0.9328037482420379,-0.399392383942635,-0.7323763818097433,-0.665219784269579,-0.05606687453354247,-0.3641162980958024,-0.11001290069120637,-0.3870370918189913,-0.04389014208798146,-0.5550231802386093,-0.40387272380744554,-0.6357229432289523,4,-0.31632603250270985
2476,-0.5018331272849338,0,0,0,0,0,1,0,0,-1.6368582439182713,1.419994478535003,0.765406,0.607114,2.2762,1.48064,5.99773,-0.9328037482420379,-1.0753385345216868,-0.6620508623810298,-0.8133106920414117,-0.3826615754546894,-0.3641162980958024,-0.11001290069120637,-0.3870370918189913,-0.04389014208798146,-0.5550231802386093,-0.40387272380744554,-0.6357229432289523,4,-0.31632603250270985
2477,-0.48128752005441516,1,0,0,0,0,0,0,0,0.9451660789733323,-1.215999867814327,1.21307,0.761727,1.07769,1.12622,3.55875,-1.9663893617310053,-1.2863800539482348,-0.8893060732752481,-0.8344340499767386,-0.8882419561385262,-0.3641162980958024,-0.11001290069120637,1.4728290102938495,-0.8669128065047171,-0.5550231802386093,-0.40387272380744554,0.5644988738891453,3,-0.31632603250270985
2478,0.40453627925575275,1,0,0,0,0,0,0,0,0.9531989304789419,-1.2204689460306588,0.93793,0.482678,0.844122,0.480645,1.21307,0.009152362844446035,-0.465589022814017,-0.7647781263546612,-0.752685407913106,-0.8909890129339553,-0.3641162980958024,-0.11001290069120637,3.3326951124066904,-0.8669128065047171,-0.5550231802386093,-0.40387272380744554,1.764720691007243,1,-0.31632603250270985
2479,-0.7059408118165581,0,0,0,0,0,1,0,0,-1.6390668937682067,1.416453153642628,1.14963,1.48064,0.765406,2.2762,5.99773,-0.6341988579929918,-0.4633491488279635,-0.7323763818097433,-0.8133226253911494,-0.2700993952993582,-0.3641162980958024,-0.11001290069120637,-0.3870370918189913,-0.04389014208798146,-0.5550231802386093,-0.40387272380744554,-0.6357229432289523,4,-0.31632603250270985
2480,-0.37729913260678044,0,0,0,0,0,1,0,0,-1.645261580514371,1.4195713709170261,2.2762,0.607114,1.14963,0.765406,0.169488,-0.8769857923125189,-0.4633491488279635,-0.549916054288224,-0.665219784269579,-0.5780360129826928,-0.3641162980958024,-0.11001290069120637,-0.3870370918189913,-0.8669128065047171,-0.5550231802386093,-0.40387272380744554,-0.6357229432289523,5,-0.31632603250270985
2481,-0.0779901546116999,0,0,0,0,0,1,0,0,-1.6441382155987674,1.4227622756582425,1.48064,0.765406,1.14963,0.607114,0.169488,-0.8769857923125189,-0.399392383942635,-0.6620508623810298,-0.8133226253911494,-0.6859384441667763,-0.3641162980958024,-0.11001290069120637,-0.3870370918189913,-0.8669128065047171,-0.5550231802386093,-0.40387272380744554,-0.6357229432289523,5,-0.31632603250270985
2483,-0.8705863329640205,0,0,0,0,0,1,0,0,-1.6540828009957744,1.4261081219807137,0.215317,2.2762,2.4711,1.48064,0.765406,-0.7136025446450108,0.35034525610074496,-0.10325162616059218,-0.3144111548667636,0.4304509652964066,-0.3641162980958024,-0.11001290069120637,-0.3870370918189913,-0.8669128065047171,-0.5550231802386093,-0.40387272380744554,-0.6357229432289523,5,-0.31632603250270985
2484,-0.8533443510235803,0,0,0,0,0,1,0,0,-1.6540261097207685,1.4299690189968446,0.169488,2.4711,2.2762,1.48064,0.765406,-0.7136025446450108,-0.17364143838994803,0.26820782133618215,0.19561868807711086,0.6104353901766522,-0.3641162980958024,-0.11001290069120637,-0.3870370918189913,-0.8669128065047171,-0.5550231802386093,-0.40387272380744554,-0.6357229432289523,5,-0.31632603250270985
2487,0.7476791466195885,0,0,0,0,0,1,0,0,-1.0007306880663949,1.3509949780834807,4.37957,1.92827,3.87839,8.8002,0.131805,0.9991902051990629,0.8822859682760199,1.1775368348814426,1.718804208545664,2.278195274344489,-0.3641162980958024,-0.11001290069120637,-0.3870370918189913,-0.04389014208798146,-0.5550231802386093,-0.40387272380744554,1.764720691007243,2,-0.31632603250270985
2488,-0.20888986389048259,0,0,0,0,0,1,0,0,-0.9879695739813809,1.352606050584677,4.37957,4.47082,3.87839,8.14987,0.131805,0.15545869025834128,0.8822859682760199,1.2039898815719752,2.006457989245284,2.0416730629472206,0.8564563463274925,-0.11001290069120637,-0.3870370918189913,-0.8669128065047171,-0.5550231802386093,-0.40387272380744554,1.764720691007243,2,-0.31632603250270985
2489,0.7133486822397165,0,0,0,0,0,1,0,0,-0.9919030186393808,1.347230716485245,1.92827,4.47082,3.87839,0.131805,0.0286053,0.15545869025834128,0.15017052282913781,-0.05184017942311752,1.6368587942357133,1.3466041881951651,0.8564563463274925,6.9251710563310676,-0.3870370918189913,-0.8669128065047171,-0.5550231802386093,-0.40387272380744554,0.5644988738891453,2,-0.31632603250270985
2491,2.3764969644489695,0,0,0,0,0,1,0,0,-1.0158727063747104,1.3669178588729025,7.29002,1.37051,4.47082,5.61458,2.86011,1.699823237834118,1.3954497783586792,2.3062278220191015,1.8199717548409615,1.3698341665251343,3.2976016351740816,-0.11001290069120637,-0.3870370918189913,-0.04389014208798146,0.4150033169688831,-0.40387272380744554,-0.6357229432289523,0,-0.31632603250270985
2492,-0.4187327111509484,0,0,0,0,0,1,0,0,-1.0309773928541985,1.3667906865666517,7.29002,2.86011,8.8002,5.61458,0.768255,0.8494126502789247,0.5224462405315545,0.7849432635378304,0.5307898998149387,0.9266905968411777,2.077028990750787,-0.11001290069120637,-0.3870370918189913,0.7791325223287542,0.4150033169688831,-0.40387272380744554,-0.6357229432289523,0,-0.31632603250270985
2493,1.808330600644089,0,0,0,0,0,1,0,0,-1.025434491474707,1.373695450575754,1.37051,5.61458,8.8002,2.86011,3.95438,0.8494126502789247,0.5504519514854919,0.16096759146569925,-0.16527390475114084,1.2790420959118183,2.077028990750787,-0.11001290069120637,-0.3870370918189913,1.6021551867454897,-0.5550231802386093,-0.40387272380744554,-0.6357229432289523,0,-0.31632603250270985
2494,1.1779894144455896,0,0,0,0,0,1,0,0,-1.0330495716677723,1.381707030013468,2.86011,7.29002,3.95438,2.54975,1.37051,0.4236454781765917,0.5504519514854919,0.06598246253016772,0.3592659500189289,0.18905633910231703,2.077028990750787,-0.11001290069120637,-0.3870370918189913,0.7791325223287542,0.4150033169688831,-0.40387272380744554,-0.6357229432289523,0,-0.31632603250270985
2495,0.14169095723543623,0,0,0,0,0,1,0,0,-1.0373470983972795,1.3755720957185478,5.61458,2.54975,1.37051,7.29002,0.768255,0.4236454781765917,0.4012937109215118,0.027953405958366453,-0.16527390475114084,-0.4146631352647493,2.077028990750787,-0.11001290069120637,-0.3870370918189913,0.7791325223287542,0.4150033169688831,-0.40387272380744554,-0.6357229432289523,0,-0.31632603250270985
2496,-0.6453156571794406,0,0,0,0,0,1,0,0,-1.0495901765151692,1.3750990800133378,2.54975,1.55622,1.57878,2.86011,3.00642,-0.7344586696235598,-0.27764717695188973,-0.11880781648191348,-0.13440293528502514,0.037408399764595,4.5181742795973765,-0.11001290069120637,-0.3870370918189913,-0.8669128065047171,-0.5550231802386093,-0.40387272380744554,0.5644988738891453,0,-0.31632603250270985
2497,0.024925993674481343,0,0,0,0,0,1,0,0,-1.0476882080960939,1.378449881407392,0.768255,1.55622,1.57878,2.86011,3.95438,-0.7344586696235598,-0.1894254139535934,-0.4962681595765997,-0.39413475784809415,-0.5353500307460964,2.077028990750787,-0.11001290069120637,-0.3870370918189913,0.7791325223287542,-0.5550231802386093,-0.40387272380744554,0.5644988738891453,0,-0.31632603250270985
2499,0.5533818860788633,0,0,0,0,0,1,0,0,-1.0423747660414082,1.388032569255403,2.19946,2.54975,5.61458,1.57878,2.86011,0.9821222849396352,0.5661825812122572,0.06598246253016772,-0.14479859406280193,-0.10447444094310768,5.738746924020671,-0.11001290069120637,-0.3870370918189913,-0.8669128065047171,-0.5550231802386093,-0.40387272380744554,-0.6357229432289523,0,-0.31632603250270985
2500,-0.10686160487483827,0,0,0,0,0,1,0,0,-1.0499687242173756,1.3936083741921148,3.81123,3.95438,1.57878,3.00642,1.55622,0.6752368438972824,0.13736470005278512,-0.08268282513797971,0.27603781126266547,0.19615024284014415,3.2976016351740816,-0.11001290069120637,-0.3870370918189913,-0.04389014208798146,-0.5550231802386093,-0.40387272380744554,0.5644988738891453,0,-0.31632603250270985
2502,-0.3403764830260609,0,0,0,0,0,1,0,0,-1.053861957473043,1.3841879947732387,1.55622,3.00642,2.54975,0.768255,2.19946,-0.3486290381951247,-0.4702457266145235,-0.4962681595765997,-0.4311116012426203,-0.6548847649013637,3.2976016351740816,-0.11001290069120637,-0.3870370918189913,-0.04389014208798146,-0.5550231802386093,-0.40387272380744554,0.5644988738891453,0,-0.31632603250270985
2503,-0.34886410249356686,0,0,0,0,0,1,0,0,-1.0558211145176004,1.3795616391101935,1.57878,3.00642,0.768255,2.54975,3.81123,-0.3486290381951247,-0.40551814678727144,-0.6658153772226642,-0.848241987960445,0.11033138002810634,4.5181742795973765,-0.11001290069120637,-0.3870370918189913,-0.04389014208798146,-0.5550231802386093,-0.40387272380744554,-0.6357229432289523,0,-0.31632603250270985
2504,0.19673632976605637,0,0,0,0,0,1,0,0,-1.0608521722101905,1.3845041035348218,1.57878,1.55622,8.89974,3.81123,2.19946,0.17228394090875251,-0.40551814678727144,-0.26081850183991234,-0.4869243152773479,-0.04215300182748745,4.5181742795973765,-0.11001290069120637,-0.3870370918189913,-0.8669128065047171,-0.5550231802386093,-0.40387272380744554,0.5644988738891453,0,-0.31632603250270985
2505,0.49952538223252135,0,0,0,0,0,1,0,0,-1.0586006292934838,1.393908210994828,2.19946,8.89974,3.00642,1.57878,1.55622,0.6752368438972824,0.21132007315186552,-0.1817627563914017,-0.28878814595278435,0.11033138002810634,4.5181742795973765,-0.11001290069120637,-0.3870370918189913,-0.8669128065047171,-0.5550231802386093,-0.40387272380744554,0.5644988738891453,0,-0.31632603250270985
2506,2.413946328003736,0,0,0,0,0,1,0,0,-1.0680205728672174,1.3908701858434804,7.47739,3.00642,3.81123,1.57878,1.55622,0.9870038792210378,0.18941813637822788,-0.2418271194679047,0.5010722556403202,0.3698244673096377,4.5181742795973765,-0.11001290069120637,-0.3870370918189913,-0.8669128065047171,-0.5550231802386093,-0.40387272380744554,0.5644988738891453,0,-0.31632603250270985
2507,1.8788237415849836,0,0,0,0,0,1,0,0,-1.0775784346822554,1.3921481839888663,8.89974,3.00642,6.42854,3.81123,1.57878,0.9870038792210378,2.200004340520374,1.5527260848849778,1.0717007770285158,1.661812881784062,4.5181742795973765,-0.11001290069120637,-0.3870370918189913,-0.04389014208798146,-0.5550231802386093,-0.40387272380744554,-0.6357229432289523,0,-0.31632603250270985
2509,1.484220918956721,0,0,0,0,0,1,0,0,-1.0965234431671538,1.3926273654478825,1.83358,6.09193,1.48519,7.47739,8.95686,1.046921911811342,0.502993349221381,0.37319851013231586,1.0507870991686916,1.062675251176295,2.077028990750787,-0.11001290069120637,-0.3870370918189913,-0.04389014208798146,-0.5550231802386093,-0.40387272380744554,-0.6357229432289523,2,-0.31632603250270985
2510,1.3575800683823782,0,0,0,0,0,1,0,0,-1.1072739511626675,1.3956670102321942,1.83358,6.42854,4.67291,1.48519,4.31073,0.8568925504786319,0.502993349221381,0.36768981152093777,0.15152913572501597,1.320771024620025,2.077028990750787,-0.11001290069120637,-0.3870370918189913,-0.04389014208798146,-0.5550231802386093,-0.40387272380744554,-0.6357229432289523,2,-0.31632603250270985
2511,-0.2445145397494425,0,0,0,0,0,1,0,0,-1.1046224370486382,1.3873615827746542,1.48519,6.09193,6.42854,4.67291,8.95686,-0.5194640383894903,0.04340657501692946,-0.2637971790335146,0.7217791750180776,0.46851593079910847,2.077028990750787,-0.11001290069120637,-0.3870370918189913,0.7791325223287542,-0.5550231802386093,-0.40387272380744554,-0.6357229432289523,1,-0.31632603250270985
2512,-0.3755873121911265,0,0,0,0,0,1,0,0,-1.1044634729592244,1.382908270302239,1.83358,6.42854,8.95686,6.09193,4.67291,-0.5194640383894903,0.9206024302658575,0.4840559676687794,0.15152913572501597,0.7762484261729478,2.077028990750787,-0.11001290069120637,-0.3870370918189913,0.7791325223287542,-0.5550231802386093,-0.40387272380744554,-0.6357229432289523,1,-0.31632603250270985
2514,0.31083010103005687,0,0,0,1,0,0,0,0,-0.2878337888540208,0.4865052394077016,6.23696,0.677364,0.951354,0.931195,3.70533,1.7033340198362996,1.22908131663884,1.525303459614385,1.255387800197365,1.9885343478219362,-0.3641162980958024,-0.11001290069120637,-0.3870370918189913,-0.8669128065047171,-0.5550231802386093,-0.40387272380744554,-0.6357229432289523,4,1.7381456473456194
2517,0.12310924067957985,0,0,0,0,0,1,0,0,-1.5467461470399726,1.4098986946974772,0.278495,0.279035,5.64402,3.07133,1.43678,0.1405202641911989,0.5087551842067315,0.0786331641044444,-0.18441929304471513,0.30428548019361756,-0.3641162980958024,-0.11001290069120637,-0.3870370918189913,-0.04389014208798146,-0.5550231802386093,-0.40387272380744554,-0.6357229432289523,4,-0.31632603250270985
2518,-0.829575254271892,0,0,0,0,0,1,0,0,-1.5401158601314324,1.4081229382689955,3.07133,0.279035,2.81072,0.139866,0.585929,-0.22247575806612707,-0.6744079745459893,-0.8534842764342765,-0.28328688653532924,-0.302343772210672,0.8564563463274925,6.9251710563310676,-0.3870370918189913,-0.8669128065047171,-0.5550231802386093,-0.40387272380744554,-0.6357229432289523,3,-0.31632603250270985
2519,0.22115704694849486,0,0,0,0,0,1,0,0,-1.536648887476953,1.403859302424525,0.278495,0.279035,0.139866,2.81072,0.585929,-0.22247575806612707,-0.04158956889869826,-0.0016953929490904603,-0.18441929304471513,-0.192700405294481,0.8564563463274925,6.9251710563310676,-0.3870370918189913,-0.8669128065047171,-0.5550231802386093,-0.40387272380744554,-0.6357229432289523,3,-0.31632603250270985
2520,-0.8293720931676166,0,0,0,0,0,1,0,0,-1.535750499779058,1.4121403784655935,0.278495,0.139866,0.585929,3.07133,2.81072,-0.0998285994986067,-0.6209010654523722,-0.8092229174119141,-0.7345952084975471,-0.5754167828589374,0.8564563463274925,6.9251710563310676,-0.3870370918189913,-0.8669128065047171,-0.5550231802386093,-0.40387272380744554,-0.6357229432289523,3,-0.31632603250270985
2522,-0.8817308482063282,0,0,0,0,0,1,0,0,-1.5294148558553424,1.4118458261544828,0.585929,0.279035,0.194041,3.07133,0.278495,-1.0931526906346487,-0.6209010654523722,-0.35313514124751433,-0.3272855597286608,-0.5497880735497774,-0.3641162980958024,-0.11001290069120637,-0.3870370918189913,-0.8669128065047171,-0.5550231802386093,-0.40387272380744554,-0.6357229432289523,5,-0.31632603250270985
2523,-0.0046640449389646855,0,0,0,0,0,1,0,0,-1.66153585940741,1.4332596056473288,0.215317,0.169488,4.38551,2.2762,1.48064,0.5676055401869837,0.371133173290692,0.8200399844879241,1.3561793412626446,1.1255249507218748,-0.3641162980958024,-0.11001290069120637,-0.3870370918189913,-0.8669128065047171,-0.5550231802386093,-0.40387272380744554,-0.6357229432289523,5,-0.31632603250270985
2524,0.7155834543867459,0,0,0,0,0,1,0,0,-1.6750397256703529,1.439975683011672,2.88465,2.4711,4.33883,1.34393,0.215317,1.7966780821169244,1.435925302896796,2.0887977980465378,1.7688379223359778,1.401042445748818,-0.3641162980958024,-0.11001290069120637,-0.3870370918189913,-0.8669128065047171,0.4150033169688831,0.9628281895925127,-0.6357229432289523,2,1.7381456473456194
2526,-0.8986139498183084,0,0,0,0,1,0,0,0,-0.5964837077829945,1.0827580655801852,4.54851,4.43424,1.8293,3.59318,8.31433,1.8314972595564287,0.8988493296015265,1.6802849994559454,2.0680409401208766,2.9660561538857753,-0.3641162980958024,-0.11001290069120637,-0.3870370918189913,-0.8669128065047171,-0.5550231802386093,-0.40387272380744554,-0.6357229432289523,5,-0.31632603250270985
2532,1.2207623513809065,0,0,0,0,0,0,1,0,-2.2881833160459735,1.308401327735736,1.96204,1.75241,8.51451,6.67066,1.84171,-0.11184762737344948,13.696377184952196,13.727879007887358,15.239462085071114,13.891186280843819,-0.3641162980958024,-0.11001290069120637,-0.3870370918189913,-0.8669128065047171,-0.5550231802386093,2.329529102992471,-0.6357229432289523,3,-0.31632603250270985
2533,-0.19618477038792603,0,0,0,0,0,0,1,0,-2.2875078211222672,1.3140700718475462,5.72827,1.75241,8.51451,6.67066,1.84171,-0.11184762737344948,13.646182791612066,13.755724498776043,15.223528112475517,13.827341952763605,-0.3641162980958024,-0.11001290069120637,-0.3870370918189913,-0.8669128065047171,-0.5550231802386093,2.329529102992471,-0.6357229432289523,3,-0.31632603250270985
2546,-0.24145583645729612,0,0,0,0,0,0,0,1,-2.1868365053933183,1.3068852327851397,6.67066,2.86806,0.710575,8.51451,1.75241,-0.29614051901863603,2.4868282276182714,1.8782973015236513,1.6923226711193977,2.887419881191413,-0.3641162980958024,-0.11001290069120637,-0.3870370918189913,-0.8669128065047171,-0.5550231802386093,2.329529102992471,-0.6357229432289523,3,-0.31632603250270985
2547,1.5753123385255394,0,0,0,0,0,0,0,1,-2.1892357464080705,1.302265877722065,1.84171,2.86806,8.51451,0.710575,1.75241,-0.29614051901863603,1.4828606865389138,1.6379290406513485,1.7467339229960133,2.552247219644129,-0.3641162980958024,-0.11001290069120637,-0.3870370918189913,-0.8669128065047171,-0.5550231802386093,2.329529102992471,-0.6357229432289523,3,-0.31632603250270985
2548,-0.6670162729101915,0,0,0,0,0,0,0,1,-2.1664434941192896,1.3042408714612657,1.84171,7.8436,0.950985,6.67066,2.86806,4.339512126339106,2.9093167324151152,2.213617958368597,1.7467339229960133,1.6196895125357595,-0.3641162980958024,-0.11001290069120637,-0.3870370918189913,-0.8669128065047171,0.4150033169688831,-0.40387272380744554,-0.6357229432289523,4,-0.31632603250270985
2550,-0.5765681968382456,0,0,0,0,0,0,0,1,-2.1476306771676055,1.2930518783868552,6.11239,7.8436,3.21052,0.710575,5.74886,1.7814274210390337,1.3359116771273938,2.0629650146309237,1.6367009161884316,2.427863697645096,-0.3641162980958024,-0.11001290069120637,-0.3870370918189913,-0.8669128065047171,-0.5550231802386093,-0.40387272380744554,2.9649425081253407,2,-0.31632603250270985
2553,-0.4287327521725045,0,0,0,0,0,1,0,0,-1.6962769475658768,1.448292392125426,4.33883,1.2029,2.88465,0.888977,1.56133,0.5486243149477263,0.32248560812465127,0.14537512576471479,-0.10621779910442655,1.02125287848897,-0.3641162980958024,-0.11001290069120637,-0.3870370918189913,-0.8669128065047171,2.355056311383868,0.9628281895925127,-0.6357229432289523,1,-0.31632603250270985
2554,-0.4817916605724319,0,0,0,0,0,1,0,0,-1.7035872147072677,1.4552970574755548,0.888977,1.34393,1.56133,4.33883,2.88465,-0.30252035914144393,0.32248560812465127,-0.07825131638772104,-0.011493471172740029,0.9766897384293753,-0.3641162980958024,-0.11001290069120637,-0.3870370918189913,-0.8669128065047171,1.3850298141763753,0.9628281895925127,-0.6357229432289523,1,1.7381456473456194
2556,-0.5998971111973372,0,0,0,0,0,1,0,0,-1.7002445345147486,1.4593409905610557,1.2029,1.56133,4.33883,1.34393,2.88465,-0.30252035914144393,0.42511026445474515,-0.013373916406676208,-0.10621779910442655,0.8730681517192606,-0.3641162980958024,-0.11001290069120637,-0.3870370918189913,-0.8669128065047171,1.3850298141763753,0.9628281895925127,-0.6357229432289523,1,1.7381456473456194
2558,0.6980213055949384,0,0,0,0,0,1,0,0,-1.6907163689181188,1.4539854436350428,1.34393,2.88465,0.888977,1.2029,4.38551,0.5486243149477263,0.08022383591364639,-0.013373916406676208,-0.011493471172740029,1.0923324855139227,-0.3641162980958024,-0.11001290069120637,-0.3870370918189913,-0.8669128065047171,1.3850298141763753,0.9628281895925127,-0.6357229432289523,1,1.7381456473456194
2560,-0.346941596488294,0,0,0,0,0,1,0,0,-1.710327825090314,1.4631986099361118,1.2029,0.888977,1.33386,3.64511,1.34393,1.3321224467264727,0.42511026445474515,1.2989076813341398,1.3508237602856552,1.02125287848897,-0.3641162980958024,-0.11001290069120637,-0.3870370918189913,-0.8669128065047171,2.355056311383868,-0.40387272380744554,-0.6357229432289523,1,1.7381456473456194
2563,0.437027006969131,0,0,0,0,0,1,0,0,-1.7243638490748288,1.4774228792212516,6.02282,1.33386,3.8592,0.776296,3.01568,1.2668317028491498,1.301753260000272,0.7551533829101066,1.0392122715895422,0.9264364356792223,-0.3641162980958024,-0.11001290069120637,-0.3870370918189913,-0.8669128065047171,-0.5550231802386093,-0.40387272380744554,-0.6357229432289523,5,-0.31632603250270985
2564,-0.4325213305429737,0,0,0,0,0,1,0,0,-1.727982879514554,1.4640409149402716,6.02282,3.64511,0.944548,3.01568,1.56133,0.442015657932375,1.301753260000272,0.8486485236156206,0.48925876736011775,0.45677091378389795,-0.3641162980958024,-0.11001290069120637,-0.3870370918189913,-0.8669128065047171,0.4150033169688831,-0.40387272380744554,-0.6357229432289523,4,-0.31632603250270985
2565,1.331579209277798,0,0,0,0,0,1,0,0,-1.731896725148591,1.4704629858000278,1.33386,3.64511,3.01568,3.8592,4.22883,0.442015657932375,0.35097820967144583,-0.013862574910967177,0.14833085274458552,0.0850701349352256,-0.3641162980958024,-0.11001290069120637,-0.3870370918189913,-0.8669128065047171,0.4150033169688831,-0.40387272380744554,-0.6357229432289523,4,-0.31632603250270985
2567,0.20022016648011254,0,0,0,0,0,1,0,0,-1.7428763709016877,1.468928912126431,4.22883,6.02282,1.14373,2.9713,0.944548,0.5879964101030424,0.4742216852470638,0.2855481873220849,-0.07124733134022879,-0.19606256931345256,-0.3641162980958024,-0.11001290069120637,-0.3870370918189913,-0.04389014208798146,-0.5550231802386093,-0.40387272380744554,-0.6357229432289523,4,-0.31632603250270985
2568,0.6566366362055036,0,0,0,0,0,1,0,0,-1.7459891064733197,1.4762109897426148,3.01568,2.75455,3.8592,2.86594,2.73547,0.5879964101030424,-0.1080541740050392,-0.31722848619379207,-0.30755903663634804,-0.4459597913562554,-0.3641162980958024,-0.11001290069120637,-0.3870370918189913,-0.04389014208798146,-0.5550231802386093,-0.40387272380744554,-0.6357229432289523,4,-0.31632603250270985
2569,0.5175728603289868,0,0,0,0,0,1,0,0,-1.7385453484155073,1.481877510931608,0.776296,4.22883,2.75455,6.02282,3.01568,0.7207156665272609,0.12436295047761602,-0.20852594333107044,0.14833085274458552,-0.06218640530323218,-0.3641162980958024,-0.11001290069120637,-0.3870370918189913,-0.8669128065047171,-0.5550231802386093,-0.40387272380744554,-0.6357229432289523,5,-0.31632603250270985
2571,-0.642290437847073,0,0,0,0,0,1,0,0,-1.7375938180257162,1.4900828153120853,3.8592,2.75455,7.18591,4.22883,3.64511,0.7207156665272609,0.8339711616321356,0.6604699102910789,0.7030920722735804,0.6504931899639077,-0.3641162980958024,-0.11001290069120637,-0.3870370918189913,-0.8669128065047171,0.4150033169688831,-0.40387272380744554,-0.6357229432289523,4,-0.31632603250270985
2572,1.7691618921883243,0,0,0,0,0,1,0,0,-1.7518002831018462,1.4927068436282984,4.65394,2.75455,0.776296,2.86594,3.8592,0.4969985000852449,0.20496505841433285,0.6604699102910789,0.6101467725293372,0.4387986374833052,-0.3641162980958024,-0.11001290069120637,-0.3870370918189913,-0.8669128065047171,-0.5550231802386093,-0.40387272380744554,-0.6357229432289523,5,-0.31632603250270985
2573,0.10197672359226571,0,0,0,0,0,1,0,0,-1.7484318062696884,1.4839296841598368,4.22883,7.18591,3.8592,2.86594,4.65394,0.6550218833697726,0.20496505841433285,-0.20852594333107044,-0.4135446557091347,-0.5799398686490659,-0.3641162980958024,-0.11001290069120637,-0.3870370918189913,-0.8669128065047171,-0.5550231802386093,-0.40387272380744554,-0.6357229432289523,5,-0.31632603250270985
2574,0.1438843447130763,0,0,0,0,0,1,0,0,-1.7570881994057166,1.4780625310915259,2.73547,2.75455,4.65394,4.22883,2.9713,0.19887854332379104,0.3760446130915735,0.014582235950756247,-0.30755903663634804,-0.5015160956878909,-0.3641162980958024,-0.11001290069120637,-0.3870370918189913,0.7791325223287542,-0.5550231802386093,-0.40387272380744554,-0.6357229432289523,3,-0.31632603250270985
2575,0.8165733344249826,0,0,0,0,0,1,0,0,-1.7585245059261747,1.48853927427233,7.18591,2.75455,2.86594,3.67729,4.22883,0.4969985000852449,0.502272276816878,0.014582235950756247,0.011053546722053359,0.5321604654223707,-0.3641162980958024,-0.11001290069120637,-0.3870370918189913,-0.8669128065047171,-0.5550231802386093,-0.40387272380744554,-0.6357229432289523,5,-0.31632603250270985
2576,0.4491339038868767,0,0,0,0,0,1,0,0,-1.7703902460173906,1.4936946447016992,2.8601,4.65394,2.19012,7.18591,2.86594,1.1011564561935983,0.9283773264501322,1.210178674033268,0.9925967955577782,1.0388219662250364,-0.3641162980958024,-0.11001290069120637,-0.3870370918189913,-0.8669128065047171,-0.5550231802386093,-0.40387272380744554,-0.6357229432289523,5,-0.31632603250270985
2577,0.14168719499276444,0,0,0,0,0,1,0,0,-1.7802992594485887,1.495120295633506,2.19012,3.67729,5.4494,4.65394,3.95156,0.2606360023514182,0.2266743803324482,1.0994112848778534,1.7453352742400967,1.9509295724654496,-0.3641162980958024,-0.11001290069120637,-0.3870370918189913,0.7791325223287542,-0.5550231802386093,-0.40387272380744554,-0.6357229432289523,3,-0.31632603250270985
2578,-0.11037553953026862,0,0,0,0,0,1,0,0,-1.787578545512549,1.494851181593514,2.8601,5.4494,3.67729,3.95156,1.62792,0.2606360023514182,0.08597780445278896,1.210178674033268,1.318270681227652,1.0881272338724761,-0.3641162980958024,-0.11001290069120637,-0.3870370918189913,1.6021551867454897,-0.5550231802386093,-0.40387272380744554,-0.6357229432289523,2,-0.31632603250270985
2579,1.1158446899933454,0,0,0,0,0,1,0,0,-1.7968996261664463,1.4936161889795523,2.19012,3.95156,1.62792,2.8601,3.67729,0.9136325477475928,0.8124647744938801,0.8679833259860295,0.6489007763974715,1.875325409540051,-0.3641162980958024,-0.11001290069120637,-0.3870370918189913,0.7791325223287542,-0.5550231802386093,-0.40387272380744554,-0.6357229432289523,3,-0.31632603250270985
2580,0.5523209336454251,0,0,0,0,0,1,0,0,-1.8047419434845893,1.4843867909856976,1.62792,5.4494,2.19012,5.75182,2.8601,-0.3230301841268577,0.8124647744938801,1.8544389316176908,1.4078980399850716,1.9509295724654496,-0.3641162980958024,-0.11001290069120637,-0.3870370918189913,1.6021551867454897,-0.5550231802386093,-0.40387272380744554,-0.6357229432289523,2,-0.31632603250270985
2581,-0.3218888225369988,0,0,0,0,0,1,0,0,-1.8022194016670172,1.4799191531011258,3.95156,5.4494,5.75182,2.19012,2.8601,-0.3230301841268577,1.4912162771734314,1.3406307261477715,1.5214081303681588,1.9932529527922405,-0.3641162980958024,-0.11001290069120637,-0.3870370918189913,1.6021551867454897,-0.5550231802386093,-0.40387272380744554,-0.6357229432289523,2,-0.31632603250270985
2583,-0.08484119851698721,0,0,0,0,0,1,0,0,-1.817252169045786,1.4516807160124645,1.71666,2.28263,0.850645,5.75182,1.73638,1.181143082310114,0.7827762173766568,0.40535493083362467,0.5344460637713551,0.23485266446494982,-0.3641162980958024,-0.11001290069120637,-0.3870370918189913,-0.04389014208798146,-0.5550231802386093,-0.40387272380744554,-0.6357229432289523,4,-0.31632603250270985
2585,1.2296224328729175,0,0,0,0,0,1,0,0,-1.812206972973412,1.4659776398581403,2.25799,1.62792,0.850645,3.95156,2.53807,2.9438547814884712,2.0363000036653403,1.416720266795855,1.4078980399850716,1.194635960902551,-0.3641162980958024,-0.11001290069120637,-0.3870370918189913,1.6021551867454897,-0.5550231802386093,-0.40387272380744554,-0.6357229432289523,1,1.7381456473456194
2586,-0.32137339529096676,0,0,0,0,0,1,0,0,-1.8034768557429293,1.4322560887318492,1.58598,1.29314,0.193223,0.0924551,1.6934,-0.17072226408940513,-0.5174492780799923,-0.8454062439474034,-0.8471097890425301,-1.0299122774718443,-0.3641162980958024,-0.11001290069120637,-0.3870370918189913,-0.04389014208798146,-0.5550231802386093,-0.40387272380744554,-0.6357229432289523,4,-0.31632603250270985
2588,-0.2810835385190159,0,0,0,0,0,1,0,0,-1.8136054889919355,1.436758219455017,2.28263,1.71666,1.6934,1.62929,2.79731,1.0285218322228702,0.27313110632059084,-0.15226732337620533,-0.31967463301817944,-0.46779974415369785,-0.3641162980958024,-0.11001290069120637,-0.3870370918189913,0.7791325223287542,-0.5550231802386093,-0.40387272380744554,0.5644988738891453,2,-0.31632603250270985
2590,-0.2885026810677401,0,0,0,0,0,1,0,0,-1.8214919641759304,1.4428759223865981,1.73638,2.25799,1.22965,3.28401,2.28263,1.163075140258468,0.286687231515105,-0.019355334386235434,-0.03126802506916114,-0.16565529337866536,-0.3641162980958024,-0.11001290069120637,-0.3870370918189913,-0.04389014208798146,-0.5550231802386093,-0.40387272380744554,0.5644988738891453,3,-0.31632603250270985
2591,-0.07557103257375371,0,0,0,0,0,1,0,0,-1.807754205735855,1.4441308498600585,1.6934,0.850645,2.0469,1.73638,1.10852,-0.20882371066952443,-0.28770492513676954,-0.6532347277863277,-0.5702646014837575,-0.7634949237635791,-0.3641162980958024,-0.11001290069120637,-0.3870370918189913,-0.04389014208798146,-0.5550231802386093,-0.40387272380744554,-0.6357229432289523,3,1.7381456473456194
2592,-0.6143185398067538,0,0,0,0,0,1,0,0,-1.8041015858584408,1.4505958997460298,2.0469,2.28263,2.53807,1.10852,1.6934,-0.5141317083908258,-0.28770492513676954,-0.4487681434837342,-0.5652399710818741,-0.5978987341612821,-0.3641162980958024,-0.11001290069120637,-0.3870370918189913,-0.04389014208798146,-0.5550231802386093,-0.40387272380744554,-0.6357229432289523,2,3.7926173271939483
2593,-0.16425837907531288,0,0,0,0,0,1,0,0,-1.8007003306902991,1.447467230168573,0.850645,1.10852,2.53807,2.28263,1.6934,-0.5141317083908258,-0.9094048979202128,-0.7520060410139461,-0.9049078818201277,-1.03473469445378,-0.3641162980958024,-0.11001290069120637,-0.3870370918189913,-0.04389014208798146,-0.5550231802386093,-0.40387272380744554,-0.6357229432289523,2,3.7926173271939483
2594,-0.5172997069085671,0,0,0,0,0,1,0,0,-1.7976896035211667,1.4436118457281129,1.663,2.0469,1.6934,1.58598,1.40834,-0.5598552757223639,-0.9094048979202128,-0.7981582150108286,-0.9134611432552311,-1.00043451895584,-0.3641162980958024,-0.11001290069120637,-0.3870370918189913,0.7791325223287542,-0.5550231802386093,-0.40387272380744554,0.5644988738891453,2,-0.31632603250270985
2596,0.020531694233857655,0,0,0,0,0,1,0,0,-1.7953631964105605,1.4522863926922909,2.0469,0.850645,1.10852,1.40834,2.91175,0.2965013602470635,-0.027336025445099638,-0.3290577120827019,-0.5334143453193204,-0.5034784140985116,-0.3641162980958024,-0.11001290069120637,-0.3870370918189913,-0.8669128065047171,-0.5550231802386093,0.9628281895925127,0.5644988738891453,2,1.7381456473456194
2597,-0.6494420849418344,0,0,0,0,0,1,0,0,-1.7797993816614326,1.4473466167508187,1.90753,0.0564342,2.91175,0.965864,0.423775,-0.8199893200859563,-1.157245099938752,-0.5532839651119801,-0.7498095245365297,-0.848792697789267,-0.3641162980958024,-0.11001290069120637,-0.3870370918189913,-0.8669128065047171,-0.5550231802386093,0.9628281895925127,0.5644988738891453,3,-0.31632603250270985
2598,-0.21669275519172695,0,0,0,0,0,1,0,0,-1.7815819310883414,1.4504602472020809,0.757287,2.91175,0.0564342,1.40834,0.965864,-0.8199893200859563,-1.0139409886760324,-0.8371680432772566,-0.5956167929790904,-0.7058335305097873,-0.3641162980958024,-0.11001290069120637,-0.3870370918189913,-0.8669128065047171,-0.5550231802386093,0.9628281895925127,0.5644988738891453,3,-0.31632603250270985
2601,-0.7591599917543028,0,0,0,0,0,1,0,0,-1.7692303002510168,1.4707563715264382,3.47896,0.680934,2.73547,2.9713,2.86594,0.6485034940620915,0.03982409041793486,0.23381327548177078,0.24493536769044785,-0.06658015392232643,-0.3641162980958024,-0.11001290069120637,-0.3870370918189913,0.7791325223287542,-0.5550231802386093,0.9628281895925127,-0.6357229432289523,2,-0.31632603250270985
2603,0.3745173449777254,0,0,0,0,0,1,0,0,-1.7653769161841932,1.4635858107761484,0.465658,2.9713,1.14373,2.73547,1.4216,0.6485034940620915,0.39023524859794056,-0.024150056733472997,-0.20081444757189312,-0.37404990596847765,-0.3641162980958024,-0.11001290069120637,-0.3870370918189913,1.6021551867454897,-0.5550231802386093,-0.40387272380744554,-0.6357229432289523,2,-0.31632603250270985
2604,-0.3995114133408917,0,0,0,0,0,1,0,0,-1.7700572834489285,1.4526913677332853,0.757287,1.90753,3.47896,2.91175,0.0564342,1.486521489227964,0.6275251415330693,0.2663450100339619,0.15668572847466217,-0.016194317137558218,-0.3641162980958024,-0.11001290069120637,-0.3870370918189913,-0.8669128065047171,-0.5550231802386093,0.9628281895925127,0.5644988738891453,3,-0.31632603250270985
2607,-0.5040528504612761,0,0,0,0,0,1,0,0,-1.754337124580111,1.46400858017254,2.9713,2.73547,3.47896,3.01568,2.86594,-0.8928450082562305,-0.17369398792520105,-0.024150056733472997,-0.07262970862252391,0.06032067345473994,-0.3641162980958024,-0.11001290069120637,-0.3870370918189913,0.7791325223287542,-0.5550231802386093,-0.40387272380744554,-0.6357229432289523,3,-0.31632603250270985
2608,0.1835233335028113,0,0,0,0,0,1,0,0,-1.7553468857392955,1.4671821419223923,1.14373,2.73547,3.47896,2.86594,3.01568,-0.8928450082562305,-0.9847428259263218,-0.08668803089464752,-0.23009964449134024,-0.3573440151465099,-0.3641162980958024,-0.11001290069120637,-0.3870370918189913,-0.04389014208798146,-0.5550231802386093,-0.40387272380744554,-0.6357229432289523,4,-0.31632603250270985
2609,0.09479836457453455,0,0,0,0,0,1,0,0,-1.756908601756287,1.4714089303573752,2.9713,2.86594,1.14373,3.47896,4.22883,-0.513450636097605,-0.4502921669448016,-0.5756765560764124,-0.20081444757189312,-0.4459597913562554,-0.3641162980958024,-0.11001290069120637,-0.3870370918189913,-0.04389014208798146,-0.5550231802386093,-0.40387272380744554,-0.6357229432289523,4,-0.31632603250270985
2611,-0.5789899524460618,0,0,0,0,0,1,0,0,-1.7409939646335777,1.4562620572942757,3.01568,1.33386,1.14373,6.02282,2.9713,2.2018120513818094,1.4689182890253096,0.901151639747365,0.8192999609951593,0.5837881426807815,-0.3641162980958024,-0.11001290069120637,-0.3870370918189913,-0.04389014208798146,-0.5550231802386093,-0.40387272380744554,-0.6357229432289523,4,-0.31632603250270985
2613,1.295826617167998,1,0,0,0,0,0,0,0,1.1347252249683495,-0.996891902242971,1.15874,2.78324,0.820007,2.38407,0.934607,4.816974218246248,4.611969692428079,3.6873849779224734,3.204426288660625,3.7118189225915605,-0.3641162980958024,-0.11001290069120637,-0.3870370918189913,-0.04389014208798146,-0.5550231802386093,-0.40387272380744554,2.9649425081253407,1,-0.31632603250270985
2614,-0.6491095026896503,0,1,0,0,0,0,0,0,1.4446131186188687,-1.1877012706410224,0.143829,1.60265,0.310547,6.55713,2.28997,0.1513247469205331,-0.16088615616209304,-0.5537324820239707,-0.7277870903883339,-0.2319095003775857,-0.3641162980958024,-0.11001290069120637,-0.3870370918189913,-0.8669128065047171,-0.5550231802386093,-0.40387272380744554,0.5644988738891453,4,-0.31632603250270985
2615,1.5325995974729705,0,1,0,0,0,0,0,0,1.436217156935773,-1.1905736720996445,2.28997,0.758171,1.60265,1.21463,0.143829,0.1902725754736294,-0.03273332238941933,0.2703575230701935,0.011446355744071875,0.011688602999548185,-0.3641162980958024,-0.11001290069120637,-0.3870370918189913,0.7791325223287542,-0.5550231802386093,-0.40387272380744554,-0.6357229432289523,3,-0.31632603250270985
2616,-0.8802398714355069,0,1,0,0,0,0,0,0,1.4481259849374475,-1.1820807213416236,0.310547,1.60265,0.758171,6.55713,2.28997,-1.072936999084143,-0.6406439556488703,-0.8464550923233405,0.33536180408031624,0.8680095842415694,-0.3641162980958024,-0.11001290069120637,-0.3870370918189913,-0.04389014208798146,-0.5550231802386093,-0.40387272380744554,0.5644988738891453,3,-0.31632603250270985
2617,-0.817516514060345,0,1,0,0,0,0,0,0,1.4462351600712067,-1.179960427548825,0.143829,1.60265,0.758171,6.55713,2.28997,-1.072936999084143,-1.1471573233534276,-0.5537324820239707,0.3638292146863782,1.003933475605983,-0.3641162980958024,-0.11001290069120637,-0.3870370918189913,-0.04389014208798146,-0.5550231802386093,-0.40387272380744554,0.5644988738891453,3,-0.31632603250270985
2618,-0.33139600976855355,0,1,0,0,0,0,0,0,1.4421678913565512,-1.1802052317143021,0.310547,0.143829,0.758171,6.55713,2.28997,-0.7299207325118541,-0.6406439556488703,-0.5645707605988954,-0.08609699492455714,0.695330419102586,-0.3641162980958024,-0.11001290069120637,-0.3870370918189913,-0.04389014208798146,-0.5550231802386093,-0.40387272380744554,0.5644988738891453,3,-0.31632603250270985
2619,-0.07280954645267698,0,1,0,0,0,0,0,0,1.4357809730854685,-1.1971904975737628,6.55713,1.21463,0.758171,0.746861,1.60265,0.1902725754736294,-0.21701746886275142,0.44300028083033677,0.6294059263938122,0.695330419102586,-0.3641162980958024,-0.11001290069120637,-0.3870370918189913,1.6021551867454897,-0.5550231802386093,-0.40387272380744554,0.5644988738891453,1,-0.31632603250270985
2620,-0.4773785499184494,0,1,0,0,0,0,0,0,1.4284436212808378,-1.2004776227647616,2.28997,0.746861,6.55713,0.758171,1.60265,0.5097928840062793,0.12696726941003064,0.3803832741220551,1.4258465774681595,1.7189366298546689,-0.3641162980958024,-0.11001290069120637,-0.3870370918189913,0.7791325223287542,-0.5550231802386093,-0.40387272380744554,0.5644988738891453,2,-0.31632603250270985
2622,-0.6533645991514185,0,1,0,0,0,0,0,0,1.41916000202058,-1.1980579653020111,1.21463,2.28997,6.55713,3.02925,0.758171,0.9682643298349335,1.7327524880034242,1.513425641404145,2.246701438870713,2.0546098749578054,-0.3641162980958024,-0.11001290069120637,-0.3870370918189913,0.7791325223287542,0.4150033169688831,-0.40387272380744554,0.5644988738891453,1,-0.31632603250270985
2624,0.20532552978570015,1,0,0,0,0,0,0,0,1.398161229663762,-1.212123829487167,2.52263,2.92914,7.81072,3.60358,12.1049,0.35563462937536344,-0.2326509560359841,0.5269132320719644,1.1078561078179203,0.8543628430437717,-0.3641162980958024,-0.11001290069120637,-0.3870370918189913,-0.8669128065047171,2.355056311383868,2.329529102992471,-0.6357229432289523,0,-0.31632603250270985
2625,0.014722791548649732,1,0,0,0,0,0,0,0,1.3937854208976252,-1.2179700105619184,3.02925,7.81072,2.92914,3.60358,1.6301,0.35563462937536344,-0.13915088001128537,0.07503896136002247,0.024106453278356782,-0.10062722105340684,-0.3641162980958024,-0.11001290069120637,-0.3870370918189913,-0.8669128065047171,3.32508280859136,0.9628281895925127,-0.6357229432289523,0,-0.31632603250270985
2626,-0.5653194674739299,0,1,0,0,0,0,0,0,1.1371497716393535,-0.9553257123862661,6.3402,0.824654,1.99637,1.19993,0.934607,0.31318719138799944,-0.19853900091227666,-0.4525528630634011,-0.28073815932606005,-0.2539548093486166,-0.3641162980958024,-0.11001290069120637,-0.3870370918189913,-0.04389014208798146,0.4150033169688831,-0.40387272380744554,-0.6357229432289523,3,-0.31632603250270985
2627,-0.6240969847349429,0,1,0,0,0,0,0,0,1.1441882278102617,-0.9513662316099101,1.99637,0.980884,1.19993,1.94535,6.3402,-0.5276712702729728,-0.19853900091227666,-0.3702267357100508,-0.14997492105621554,-0.17705467216633433,-0.3641162980958024,-0.11001290069120637,-0.3870370918189913,-0.8669128065047171,0.4150033169688831,-0.40387272380744554,-0.6357229432289523,4,-0.31632603250270985
2628,1.4509852671943333,0,1,0,0,0,0,0,0,1.1304292864513654,-0.9522347486886908,0.980884,1.2103,1.19993,0.934607,1.99637,0.31318719138799944,0.19878797443863125,0.005177889236687313,-0.2760092690144594,-0.4995799551143393,-0.3641162980958024,-0.11001290069120637,-0.3870370918189913,-0.04389014208798146,0.4150033169688831,-0.40387272380744554,-0.6357229432289523,3,-0.31632603250270985
2629,3.8329363475433382,0,1,0,0,0,0,0,0,1.0833425163529,-1.023209971900062,3.9535,7.40798,4.02389,2.05937,7.53938,0.5928008615038365,0.601392745828913,0.6267085236686943,1.0448794440451297,0.7559321014129674,-0.3641162980958024,-0.11001290069120637,-0.3870370918189913,-0.8669128065047171,0.4150033169688831,0.9628281895925127,1.764720691007243,1,-0.31632603250270985
2630,1.8527100152002502,0,1,0,0,0,0,0,0,1.0947449479715474,-1.0256821391527136,2.05937,12.6714,4.02389,7.53938,3.9535,1.584437704795852,0.601392745828913,0.0983384992200896,0.9082501396973466,0.7737114969920031,-0.3641162980958024,-0.11001290069120637,-0.3870370918189913,-0.8669128065047171,1.3850298141763753,0.9628281895925127,0.5644988738891453,1,-0.31632603250270985
2631,4.977749170135262,0,1,0,0,0,0,0,0,1.0795243316716225,-1.0418437914031502,4.02389,12.6714,4.72698,7.40798,6.44374,1.691840817805486,2.5673260826399105,2.2777002642836646,1.7540730234754707,1.5348035918299052,-0.3641162980958024,-0.11001290069120637,1.4728290102938495,-0.04389014208798146,0.4150033169688831,-0.40387272380744554,0.5644988738891453,1,-0.31632603250270985
2632,-0.5081875551575479,0,1,0,0,0,0,0,0,1.0466162801741175,-1.081009609404125,1.09163,1.54083,1.7911,3.7345,1.18309,0.9582090523484061,1.309888802927783,0.9776060034538402,0.8496945602635196,0.887576647874166,-0.3641162980958024,-0.11001290069120637,-0.3870370918189913,-0.04389014208798146,1.3850298141763753,-0.40387272380744554,-0.6357229432289523,2,-0.31632603250270985
2633,-0.5236541347811812,0,1,0,0,0,0,0,0,1.0435855936501177,-1.0895317594528442,1.13274,3.7345,1.7911,3.72548,1.18309,0.9582090523484061,1.1044402126872885,0.6437356065308931,0.2641815410019619,-0.03298261588827017,-0.3641162980958024,-0.11001290069120637,-0.3870370918189913,-0.04389014208798146,2.355056311383868,-0.40387272380744554,-0.6357229432289523,1,-0.31632603250270985
2635,0.46726415132212096,0,1,0,0,0,0,0,0,1.030721785506036,-1.0959310393598798,0.736068,1.09163,0.711946,2.30675,1.13274,1.5477289032111028,1.257655385346978,1.1749777581042316,0.9328938084242551,1.2180484300450212,-0.3641162980958024,-0.11001290069120637,1.4728290102938495,-0.8669128065047171,3.32508280859136,-0.40387272380744554,-0.6357229432289523,0,-0.31632603250270985
2636,-0.18326899129575056,0,1,0,0,0,0,0,0,1.1412487875893818,-0.9478921828115747,1.19993,0.824654,0.980884,1.94535,6.3402,-0.5625631017404419,-0.9954123696228665,-0.4525528630634011,-0.6351800615458005,-0.4995799551143393,-0.3641162980958024,-0.11001290069120637,-0.3870370918189913,-0.8669128065047171,1.3850298141763753,-0.40387272380744554,-0.6357229432289523,3,-0.31632603250270985
2637,-0.48290904664594664,0,1,0,0,0,0,0,0,1.1382061498165226,-0.9446374723735085,1.99637,1.94535,0.824654,6.3402,0.980884,-0.5625631017404419,-0.05071213650686492,-0.3702267357100508,-0.32119205009039675,-0.5474748852983529,-0.3641162980958024,-0.11001290069120637,-0.3870370918189913,-0.8669128065047171,1.3850298141763753,-0.40387272380744554,-0.6357229432289523,3,-0.31632603250270985
2639,-0.20246395340710488,0,1,0,0,0,0,0,0,1.1455540410653287,-0.9400097389775559,1.19993,1.99637,2.14683,0.824654,0.980884,0.7314487823378919,0.08773325336100504,0.10855658252026205,-0.14997492105621554,0.5605402603001863,-0.3641162980958024,-0.11001290069120637,-0.3870370918189913,-0.8669128065047171,1.3850298141763753,-0.40387272380744554,-0.6357229432289523,3,-0.31632603250270985
2640,-0.12666228805634708,0,1,0,0,0,0,0,0,1.1571887804923064,-0.9383823972769879,0.852831,1.94535,1.86711,1.99637,0.824654,1.1707883942348245,0.6154023846516924,0.2862263828180869,1.0286851367943923,0.6587157175949554,-0.3641162980958024,-0.11001290069120637,-0.3870370918189913,-0.8669128065047171,0.4150033169688831,-0.40387272380744554,-0.6357229432289523,4,-0.31632603250270985
2641,-0.6134961135587055,0,1,0,0,0,0,0,0,1.1668090235874338,-0.934950527836887,1.86711,0.544416,2.14683,2.98586,2.91831,-0.6859844285484473,-0.0444789486618814,-0.1832120800574404,1.2836094573242687,0.9636586591049526,-0.3641162980958024,-0.11001290069120637,-0.3870370918189913,0.7791325223287542,-0.5550231802386093,-0.40387272380744554,0.5644988738891453,2,-0.31632603250270985
2642,-0.23189974007100836,0,1,0,0,0,0,0,0,1.167097857015646,-0.9310139454871433,0.852831,0.544416,2.14683,2.98586,1.94535,-0.6859844285484473,-0.3008579532831548,0.2862263828180869,1.807151449234985,1.3904656448745571,-0.3641162980958024,-0.11001290069120637,-0.3870370918189913,-0.04389014208798146,-0.5550231802386093,-0.40387272380744554,0.5644988738891453,3,-0.31632603250270985
2643,-0.7295293209200018,0,1,0,0,0,0,0,0,1.1748520419320891,-0.9314188457302088,1.86711,0.852831,2.14683,2.98586,2.91831,0.39804819351737997,-0.0444789486618814,1.579948340255606,1.0785398957266432,1.4617568963528922,-0.3641162980958024,-0.11001290069120637,-0.3870370918189913,0.7791325223287542,-0.5550231802386093,-0.40387272380744554,-0.6357229432289523,3,-0.31632603250270985
2645,-0.6025002069019327,1,0,0,0,0,0,0,0,1.3461287938817177,-1.1922807874206078,1.35184,0.950313,4.49513,0.13117,0.994452,-0.24974016154254275,-0.04827826314916272,-0.38527261793339507,-0.6382604688061119,-0.8291035921824859,-0.3641162980958024,-0.11001290069120637,-0.3870370918189913,-0.8669128065047171,1.3850298141763753,0.9628281895925127,-0.6357229432289523,2,-0.31632603250270985
2652,-0.7041469745106598,1,0,0,0,0,0,0,0,1.3719130621038447,-1.1887124983180026,2.52325,2.55981,25.197,0.824306,0.677247,-0.5487569292863508,-0.30504312346413137,0.9862162834692082,1.1778734003557685,1.0380990440925524,-0.3641162980958024,-0.11001290069120637,-0.3870370918189913,-0.8669128065047171,0.4150033169688831,2.329529102992471,-0.6357229432289523,1,1.7381456473456194
2653,0.0149560505942993,1,0,0,0,0,0,0,0,1.3686953808737623,-1.1918762696604692,0.611882,2.55981,25.197,0.824306,0.950313,-0.5487569292863508,-0.40703456617350886,0.693843178141211,0.3556317582218465,0.4519764395519909,-0.3641162980958024,-0.11001290069120637,-0.3870370918189913,-0.8669128065047171,0.4150033169688831,0.9628281895925127,-0.6357229432289523,2,1.7381456473456194
2654,0.028710809802278824,1,0,0,0,0,0,0,0,1.364646385939264,-1.1861890393552317,2.52325,0.611882,4.9753,0.677247,0.950313,0.2565333534420414,-0.30504312346413137,0.6766951221969233,0.4914555732467502,0.4670793991248961,-0.3641162980958024,-0.11001290069120637,-0.3870370918189913,-0.8669128065047171,1.3850298141763753,2.329529102992471,-0.6357229432289523,1,-0.31632603250270985
2655,-0.425756818219137,1,0,0,0,0,0,0,0,1.3420952297963935,-1.1959782675683888,0.882058,4.49513,0.950313,0.994452,0.13117,-0.24974016154254275,-0.1802526992540991,-0.14364798462955514,-0.2825336603701436,-0.14849992441030324,-0.3641162980958024,-0.11001290069120637,-0.3870370918189913,-0.8669128065047171,2.355056311383868,0.9628281895925127,-0.6357229432289523,1,-0.31632603250270985
2656,-0.5768210195457883,1,0,0,0,0,0,0,0,1.3523159537423715,-1.1982273179271843,0.824306,0.882058,1.35184,1.26097,0.13117,0.19358972492901405,-0.04827826314916272,-0.14364798462955514,0.36797756198429543,0.3354547534428953,-0.3641162980958024,-0.11001290069120637,-0.3870370918189913,-0.8669128065047171,0.4150033169688831,0.9628281895925127,0.5644988738891453,2,-0.31632603250270985
2657,-0.6242279107799203,1,0,0,0,0,0,0,0,1.3581673943055923,-1.2019882428487225,0.950313,1.26097,2.20693,2.52325,0.882058,0.19358972492901405,-0.19619739447986348,0.759395270325711,0.3556317582218465,0.15862206974229362,-0.3641162980958024,-0.11001290069120637,-0.3870370918189913,-0.8669128065047171,1.3850298141763753,-0.40387272380744554,1.764720691007243,1,-0.31632603250270985
2658,1.179870535781473,0,1,0,0,0,0,0,0,1.3963839556128539,-1.163266301462235,7.08386,1.76565,0.650413,0.965501,6.30076,0.8867017781207268,0.41358162435294094,0.6902173443845041,0.5032455613370685,0.2451471685169784,-0.3641162980958024,-0.11001290069120637,-0.3870370918189913,-0.8669128065047171,-0.5550231802386093,2.329529102992471,2.9649425081253407,0,-0.31632603250270985
2659,-0.2700714542187545,0,1,0,0,0,0,0,0,1.3927374258368939,-1.1728601696169543,7.08386,5.61958,6.30076,0.650413,0.965501,0.8718066721054974,0.41358162435294094,2.072503204004521,2.0515380272148183,1.634346220775953,-0.3641162980958024,-0.11001290069120637,-0.3870370918189913,-0.8669128065047171,-0.5550231802386093,2.329529102992471,2.9649425081253407,0,-0.31632603250270985
2661,2.4891686079830415,1,0,0,0,0,0,0,0,1.2789894561691613,-1.1414238575767945,1.46435,0.992604,1.44682,0.764251,0.62499,7.532907286110865,5.930108652406274,4.959081764453125,4.136218465524465,3.49205895133065,-0.3641162980958024,-0.11001290069120637,1.4728290102938495,1.6021551867454897,-0.5550231802386093,-0.40387272380744554,-0.6357229432289523,1,-0.31632603250270985
2662,-0.5308889274389889,0,1,0,0,0,0,0,0,1.5677932313939003,-1.273539177552566,0.433515,0.654191,1.56098,4.30925,6.40242,0.8349916308792331,1.9831052510051952,1.4972203412491316,2.6109170382248923,2.2981850088543014,-0.3641162980958024,-0.11001290069120637,1.4728290102938495,0.7791325223287542,-0.5550231802386093,-0.40387272380744554,-0.6357229432289523,2,-0.31632603250270985
2666,-0.7712529683741629,0,1,0,0,0,0,0,0,1.562245650188438,-1.266674594490822,1.0724,0.654191,1.56098,4.30925,2.90542,0.8349916308792331,0.2381522306957877,-0.21843609594020402,2.6643251903319687,3.4123973703331307,-0.3641162980958024,-0.11001290069120637,3.3326951124066904,-0.8669128065047171,-0.5550231802386093,-0.40387272380744554,0.5644988738891453,2,-0.31632603250270985
2667,-0.6882293019906816,0,1,0,0,0,0,0,0,1.5521798090963923,-1.2656610380873337,1.56098,0.433515,1.0724,4.30925,4.17432,-0.9548187431144513,0.2381522306957877,1.2945050387990085,1.8889898418904523,2.558798839750572,-0.3641162980958024,-0.11001290069120637,-0.3870370918189913,0.7791325223287542,-0.5550231802386093,-0.40387272380744554,0.5644988738891453,2,-0.31632603250270985
2668,-0.34707327498180585,0,1,0,0,0,0,0,0,1.5530795891481826,-1.2626539616557386,0.654191,0.433515,1.0724,4.30925,4.17432,-0.9548187431144513,0.23829592505875397,1.4972203412491316,2.47448841672679,2.968913928326941,-0.3641162980958024,-0.11001290069120637,1.4728290102938495,0.7791325223287542,-0.5550231802386093,-0.40387272380744554,0.5644988738891453,1,-0.31632603250270985
2669,-0.6308468243123597,0,1,0,0,0,0,0,0,1.2854935170003818,-0.9235460547643058,2.26944,2.41805,1.39981,3.85834,4.30022,0.3719692127660274,1.7192466176710701,1.7272459203771806,2.2398571301240335,2.4828862445646864,-0.3641162980958024,-0.11001290069120637,-0.3870370918189913,-0.8669128065047171,1.3850298141763753,-0.40387272380744554,-0.6357229432289523,3,-0.31632603250270985
2670,-0.1833442361491859,0,1,0,0,0,0,0,0,1.092183946134441,-1.0004848810909124,7.53938,2.05937,3.9535,12.6714,7.40798,0.8530533434653316,2.3075646995935863,2.7324997737821257,2.252237021266105,1.9441639797799157,-0.3641162980958024,-0.11001290069120637,-0.3870370918189913,-0.8669128065047171,1.3850298141763753,0.9628281895925127,1.764720691007243,0,-0.31632603250270985
2672,0.5530508087237478,0,1,0,0,0,0,0,0,1.0764923515275853,-1.018654154558127,12.6714,7.40798,7.53938,4.02389,2.05937,0.5928008615038365,2.4424513600330586,2.0686029590057804,1.584951950497962,1.5397166095058232,-0.3641162980958024,-0.11001290069120637,-0.3870370918189913,-0.8669128065047171,1.3850298141763753,0.9628281895925127,0.5644988738891453,1,-0.31632603250270985
2676,-0.6051890817394444,0,0,1,0,0,0,0,0,-0.26448764935546687,0.16991506765222664,4.59205,3.82995,5.0578,2.64928,5.28463,4.401197477343161,3.0717433807043495,2.5068662373948976,2.727969917936549,2.2833023338559792,-0.3641162980958024,-0.11001290069120637,-0.3870370918189913,0.7791325223287542,2.355056311383868,-0.40387272380744554,-0.6357229432289523,0,-0.31632603250270985
2677,-0.18753161224286238,0,0,1,0,0,0,0,0,-0.2631893290986185,0.19752424151795467,1.8715,2.82772,2.64928,2.95917,3.82995,-0.9896053089585158,1.4080287100929112,2.5831987886801344,2.4575957449681205,2.2214382737530833,-0.3641162980958024,-0.11001290069120637,-0.3870370918189913,-0.04389014208798146,1.3850298141763753,-0.40387272380744554,-0.6357229432289523,1,1.7381456473456194
2678,-0.2302481155381028,0,0,1,0,0,0,0,0,-0.26034730001916334,0.1989378123055471,1.98504,2.82772,2.64928,2.95917,2.45943,-0.9896053089585158,0.9968992762759926,2.268714702423572,1.8932801782002027,1.9696203260004457,-0.3641162980958024,-0.11001290069120637,-0.3870370918189913,-0.04389014208798146,0.4150033169688831,-0.40387272380744554,-0.6357229432289523,2,1.7381456473456194
2679,0.1295050532215834,0,0,1,0,0,0,0,0,-0.26027368691490266,0.21150047958557447,1.8715,1.98504,0.0379999,2.95917,2.90306,2.127731424111013,1.4080287100929112,0.9331088613494696,1.696621652228149,1.4003236980780056,-0.3641162980958024,-0.11001290069120637,-0.3870370918189913,-0.8669128065047171,1.3850298141763753,-0.40387272380744554,-0.6357229432289523,3,-0.31632603250270985
2683,-0.0033848824305639427,0,0,1,0,0,0,0,0,-0.25547262447181246,0.24224721831259172,0.0827169,2.17547,1.26779,0.0379999,2.58131,-0.39953400176967263,0.5747263307753776,0.7450088163782073,0.7717221980571478,0.7980959195952926,-0.3641162980958024,-0.11001290069120637,-0.3870370918189913,0.7791325223287542,-0.5550231802386093,-0.40387272380744554,-0.6357229432289523,2,1.7381456473456194
2684,-0.9200553470289747,0,0,1,0,0,0,0,0,-0.256457004508698,0.2259512206949017,2.82772,2.4745,2.72788,2.90306,0.0827169,2.886673216921442,1.9178826464280188,1.6665127780406364,1.4592172233785576,1.229879337576883,-0.3641162980958024,-0.11001290069120637,-0.3870370918189913,-0.04389014208798146,1.3850298141763753,-0.40387272380744554,-0.6357229432289523,1,1.7381456473456194
2685,-0.9032317264736351,0,0,1,0,0,0,0,0,-0.25561436341223764,0.24706848880298224,2.4745,2.17547,1.26779,2.17385,2.61427,-0.39953400176967263,-0.6014681865060314,0.017077179306127805,0.7635416162672114,0.7892636687049742,-0.3641162980958024,-0.11001290069120637,-0.3870370918189913,2.4251778511622253,-0.5550231802386093,-0.40387272380744554,-0.6357229432289523,0,1.7381456473456194
2686,-0.11588722504440702,0,0,1,0,0,0,0,0,-0.254965206739743,0.2530764147248775,0.0827169,1.26779,2.4745,2.17385,1.72668,-0.0026126292522863294,0.18758039241023844,0.07328598063087595,0.10460594725112678,0.2785437031761381,-0.3641162980958024,-0.11001290069120637,-0.3870370918189913,2.4251778511622253,-0.5550231802386093,-0.40387272380744554,-0.6357229432289523,1,-0.31632603250270985
2689,-0.45737846787533704,0,0,1,0,0,0,0,0,-0.2648412505633977,0.253151370095177,2.17385,0.503375,2.17547,0.0827169,1.72668,0.20979579864722875,-0.0781192915464193,-0.2624120275065533,-0.3106427322002233,-0.1668288862650115,-0.3641162980958024,-0.11001290069120637,-0.3870370918189913,0.7791325223287542,-0.5550231802386093,-0.40387272380744554,-0.6357229432289523,2,1.7381456473456194
2690,-0.7449699410691999,0,0,1,0,0,0,0,0,-0.2722378101976172,0.25748043520114583,2.17385,1.26779,1.72668,2.17547,1.18372,-0.13491360627267954,-0.0781192915464193,0.2183260002363142,0.8583036117232845,0.5771465392860305,-0.3641162980958024,-0.11001290069120637,-0.3870370918189913,2.4251778511622253,-0.5550231802386093,-0.40387272380744554,-0.6357229432289523,0,1.7381456473456194
2691,-0.11649670835723322,0,0,1,0,0,0,0,0,-0.26667717145917663,0.25961529923443677,0.503375,1.26779,1.72668,2.17547,1.18372,-0.13491360627267954,-0.4421011023774057,-0.7589834558615958,0.10460594725112678,-0.03882637131800409,-0.3641162980958024,-0.11001290069120637,-0.3870370918189913,1.6021551867454897,-0.5550231802386093,-0.40387272380744554,-0.6357229432289523,1,1.7381456473456194
2692,-0.28473291391062977,0,0,1,0,0,0,0,0,-0.26407243162488236,0.2660920685576478,2.17385,1.18372,2.21703,0.503375,1.26779,0.2857764514913598,-0.348129256412781,-0.3193535189366283,-0.1322255514587049,-0.1668288862650115,-0.3641162980958024,-0.11001290069120637,-0.3870370918189913,1.6021551867454897,-0.5550231802386093,-0.40387272380744554,-0.6357229432289523,2,-0.31632603250270985
2697,0.32526582616162614,0,1,0,0,0,0,0,0,1.478587880224253,-1.217222782209233,4.00993,5.6025,0.758171,2.28997,0.143829,1.2553221389813105,2.764303682777833,6.98351482812476,6.127695386828745,5.350041167068193,-0.3641162980958024,-0.11001290069120637,-0.3870370918189913,-0.04389014208798146,-0.5550231802386093,-0.40387272380744554,-0.6357229432289523,4,-0.31632603250270985
2700,1.1030229669679643,1,0,0,0,0,0,0,0,1.4815411597940829,-1.2683798988900772,5.61024,3.19591,3.81573,6.17982,1.77804,-1.928393982219956,0.5934038764469163,0.1710907613217671,-0.06948993348152029,0.37502004704439196,2.077028990750787,-0.11001290069120637,-0.3870370918189913,0.7791325223287542,-0.5550231802386093,0.9628281895925127,-0.6357229432289523,0,-0.31632603250270985
2701,1.176356601126043,1,0,0,0,0,0,0,0,1.481673224822524,-1.268447902811325,5.41532,3.19591,3.81573,6.17982,1.77804,-1.928393982219956,0.559518039775222,0.14486300265486093,-0.06589022792537232,0.3989989305933608,0.8564563463274925,-0.11001290069120637,-0.3870370918189913,0.7791325223287542,-0.5550231802386093,2.329529102992471,-0.6357229432289523,0,-0.31632603250270985
2702,1.3906464192245371,1,0,0,0,0,0,0,0,1.4740345864361533,-1.2779347121408302,2.50082,1.17599,5.41532,5.61024,2.99955,0.45725679863179225,0.5331498230381767,0.28908975233553685,-0.06589022792537232,-0.28291063853029774,0.8564563463274925,-0.11001290069120637,-0.3870370918189913,-0.04389014208798146,-0.5550231802386093,0.9628281895925127,-0.6357229432289523,2,-0.31632603250270985
2703,0.006517340281526356,1,0,0,0,0,0,0,0,1.4702408454975404,-1.284482768254167,1.17599,6.17982,2.72667,2.99955,0.926479,-0.9203778528387483,-0.2564345617740806,0.006199021994084961,-0.30121924085537866,-0.529698359955827,-0.3641162980958024,-0.11001290069120637,-0.3870370918189913,-0.04389014208798146,-0.5550231802386093,-0.40387272380744554,0.5644988738891453,3,-0.31632603250270985
2704,-0.49191585560215634,1,0,0,0,0,0,0,0,1.4683957940999899,-1.2872112013242274,2.50082,2.72667,0.926479,6.17982,2.99955,-0.9203778528387483,0.17150166599586117,0.019595531730187053,-0.2927721790432485,-0.39269872451023546,-0.3641162980958024,-0.11001290069120637,-0.3870370918189913,0.7791325223287542,-0.5550231802386093,-0.40387272380744554,0.5644988738891453,2,-0.31632603250270985
2705,0.09148759102337979,1,0,0,0,0,0,0,0,1.45898503183117,-1.2845447427382748,2.24057,1.17599,2.50082,5.6546,6.17982,0.19516895387811087,0.17150166599586117,0.006199021994084961,0.3542882773451475,0.2750595855851377,-0.3641162980958024,-0.11001290069120637,-0.3870370918189913,0.7791325223287542,-0.5550231802386093,2.329529102992471,-0.6357229432289523,1,-0.31632603250270985
2708,0.1822930801491437,1,0,0,0,0,0,0,0,1.4507314994183231,-1.2703622613125078,2.87379,4.87364,5.6546,2.24057,2.20648,0.585571243184316,-0.15386475744989092,-0.40506314383161296,-0.3852481065939553,-0.609163375282785,2.077028990750787,-0.11001290069120637,-0.3870370918189913,-0.8669128065047171,-0.5550231802386093,2.329529102992471,0.5644988738891453,0,-0.31632603250270985
2709,0.1468377052104132,1,0,0,0,0,0,0,0,1.4551113852080266,-1.263676796636562,2.20648,2.96803,5.6546,1.77804,4.87364,0.4897122381148812,-0.16016202173346664,-0.5000380928774135,-0.4150704664997263,-0.2504348220778487,2.077028990750787,-0.11001290069120637,-0.3870370918189913,-0.8669128065047171,-0.5550231802386093,2.329529102992471,0.5644988738891453,0,-0.31632603250270985
2711,-0.10422051051925804,1,0,0,0,0,0,0,0,1.4478722864647358,-1.2603397354911288,2.87379,0.381175,4.87364,1.60929,2.83159,0.4897122381148812,-0.06534850392103514,-0.27406666876579017,-0.43924605110882226,-0.6812794033569636,4.5181742795973765,-0.11001290069120637,-0.3870370918189913,-0.8669128065047171,-0.5550231802386093,-0.40387272380744554,0.5644988738891453,0,-0.31632603250270985
2712,0.8992298059236994,1,0,0,0,0,0,0,0,1.4426591038047565,-1.2681477463621005,2.96803,2.83159,2.0644,2.20648,0.806924,0.5939643942158207,-0.14781903360436782,-0.40379860261496786,-0.5687563664721399,-0.8048468176296402,3.2976016351740816,-0.11001290069120637,-0.3870370918189913,-0.8669128065047171,-0.5550231802386093,-0.40387272380744554,0.5644988738891453,1,-0.31632603250270985
2713,-0.15767445439972091,1,0,0,0,0,0,0,0,1.433472965351706,-1.267855282478118,0.137132,0.689082,0.476086,2.83159,4.87364,-0.28449901746648,-0.7609173224036018,-0.7956595245133892,-1.0017622460443416,-0.9132610173983842,5.738746924020671,-0.11001290069120637,-0.3870370918189913,-0.8669128065047171,-0.5550231802386093,-0.40387272380744554,-0.6357229432289523,0,-0.31632603250270985
2714,-0.6751024610846199,1,0,0,0,0,0,0,0,1.4286346407770236,-1.270781827235441,0.21362,2.0644,0.137132,0.290147,0.476086,-0.3409881879050926,-0.7609173224036018,-0.8801146715275573,-0.9002886547888771,-0.9589849087294122,5.738746924020671,-0.11001290069120637,-0.3870370918189913,-0.8669128065047171,-0.5550231802386093,-0.40387272380744554,-0.6357229432289523,0,-0.31632603250270985
2716,-0.8251914891107492,1,0,0,0,0,0,0,0,1.4222729209393397,-1.2663056376526016,0.951969,0.137132,0.689082,0.476086,1.71971,-0.3582697996749736,-0.41003516844047755,-0.6480243887943963,-0.8958727760689045,-1.0640289979974908,3.2976016351740816,-0.11001290069120637,-0.3870370918189913,-0.8669128065047171,-0.5550231802386093,-0.40387272380744554,-0.6357229432289523,2,-0.31632603250270985
2717,-0.8827594453527893,1,0,0,0,0,0,0,0,1.429295120847769,-1.264460259061425,0.476086,2.0644,1.58886,0.689082,0.290147,-1.32183882660134,-0.8129636162754093,-1.1004604304834347,-1.1060483393989913,-1.2164513277407691,5.738746924020671,-0.11001290069120637,-0.3870370918189913,-0.8669128065047171,-0.5550231802386093,-0.40387272380744554,-0.6357229432289523,0,-0.31632603250270985
2718,-0.7552367250961843,1,0,0,0,0,0,0,0,1.4291245223273854,-1.262468096116262,0.137132,1.58886,2.0644,0.290147,2.83159,-1.32183882660134,-1.2118141364728694,-0.7956595245133892,-0.8958727760689045,-1.0607506714243198,5.738746924020671,-0.11001290069120637,-0.3870370918189913,-0.8669128065047171,-0.5550231802386093,-0.40387272380744554,-0.6357229432289523,0,-0.31632603250270985
2719,-0.33658414241292,1,0,0,0,0,0,0,0,1.4310253929779484,-1.259398066164874,0.476086,0.137132,2.83159,4.0382,2.0644,-0.816096947021802,-0.7789044466450702,-0.8525145583245552,-0.8093245867440098,-0.8846264155575192,5.738746924020671,-0.11001290069120637,-0.3870370918189913,-0.8669128065047171,-0.5550231802386093,-0.40387272380744554,-0.6357229432289523,0,-0.31632603250270985
2720,0.13096104113555715,1,0,0,0,0,0,0,0,1.437377446133042,-1.261993773858681,1.58886,2.0644,0.476086,4.87364,0.137132,0.1420108073898762,-0.38913012352952914,-0.5871020388427087,-0.8162576533760816,-1.023446027645745,5.738746924020671,-0.11001290069120637,-0.3870370918189913,-0.8669128065047171,-0.5550231802386093,-0.40387272380744554,-0.6357229432289523,0,-0.31632603250270985
2721,-0.7909445465181905,1,0,0,0,0,0,0,0,1.4429585330023011,-1.2535151226438714,1.60929,2.20648,4.0382,2.83159,1.58886,-1.0578863340801266,-0.06534850392103514,-0.46556746631584883,-0.4272649911915705,-0.22619748511682186,5.738746924020671,-0.11001290069120637,-0.3870370918189913,-0.8669128065047171,-0.5550231802386093,-0.40387272380744554,-0.6357229432289523,0,-0.31632603250270985
2723,0.5849170041536126,1,0,0,0,0,0,0,0,1.4342168821989973,-1.2520539743861498,1.58886,0.381175,1.60929,2.83159,4.01933,0.6140427464124955,-0.04670995512023599,-0.20861800116289717,-0.34930084169616127,-0.43533754403309377,4.5181742795973765,-0.11001290069120637,-0.3870370918189913,-0.8669128065047171,-0.5550231802386093,-0.40387272380744554,0.5644988738891453,0,-0.31632603250270985
2724,0.5778176522319888,1,0,0,0,0,0,0,0,1.4270267042016234,-1.2428598687094266,1.99141,4.0382,1.69834,1.58886,1.60929,0.2218851792559697,0.7095297824978027,0.49287091938493094,0.8910207895494552,0.7149887627593878,3.2976016351740816,-0.11001290069120637,-0.3870370918189913,-0.8669128065047171,-0.5550231802386093,2.329529102992471,-0.6357229432289523,0,-0.31632603250270985
2728,-0.5874719285495601,1,0,0,0,0,0,0,0,1.408252662115244,-1.2627229004243137,1.71971,0.43135,0.193108,0.542783,0.951969,0.14808309562588123,-0.26775127480431893,-0.4293903209740394,-0.5928689443055675,-0.6245714561820888,-0.3641162980958024,-0.11001290069120637,-0.3870370918189913,-0.8669128065047171,-0.5550231802386093,-0.40387272380744554,0.5644988738891453,4,-0.31632603250270985
2729,-0.7720674939126003,1,0,0,0,0,0,0,0,1.4062689123993386,-1.2698875457569696,0.542783,0.193108,0.576906,0.922003,1.71971,-1.1274616558443675,-1.3294313921793828,-1.1699995955807283,-0.9084539198571964,-1.0027115216811961,-0.3641162980958024,-0.11001290069120637,-0.3870370918189913,-0.04389014208798146,-0.5550231802386093,-0.40387272380744554,0.5644988738891453,3,-0.31632603250270985
2731,-0.5761979921593438,1,0,0,0,0,0,0,0,1.4192387680577507,-1.2622498620982985,0.290147,1.71971,0.476086,0.137132,0.922003,-0.3582697996749736,-0.5210191686424898,-0.26533005497728906,-0.48318454184105836,-0.6245714561820888,3.2976016351740816,-0.11001290069120637,-0.3870370918189913,-0.8669128065047171,-0.5550231802386093,-0.40387272380744554,-0.6357229432289523,2,-0.31632603250270985
2736,-0.3933074751751482,1,0,0,0,0,0,0,0,1.4069860592598111,-1.2520341320002963,0.569048,0.922003,3.40783,0.951969,1.71971,1.4552199508202115,0.5537880482397287,0.8443540607570665,0.5885483057173085,0.3103195196950575,-0.3641162980958024,-0.11001290069120637,-0.3870370918189913,-0.8669128065047171,-0.5550231802386093,0.9628281895925127,-0.6357229432289523,4,-0.31632603250270985
2738,-0.6307674409919855,1,0,0,0,0,0,0,0,1.4388906709729612,-1.2766767382185251,4.87364,2.0644,0.689082,0.920544,2.96803,1.0388340027708485,0.4112434066164503,0.16176463604873567,-0.12641918571960817,-0.20370113610804985,3.2976016351740816,-0.11001290069120637,1.4728290102938495,-0.8669128065047171,-0.5550231802386093,-0.40387272380744554,0.5644988738891453,0,-0.31632603250270985
2742,-0.7173057944794313,1,0,0,0,0,0,0,0,1.4018057894603397,-1.2726184293603489,0.193108,0.43135,0.542783,0.922003,1.71971,-0.9320807696612199,-0.8591009466901308,-0.9584665456180433,-0.12008894089706076,-0.15440128783259868,-0.3641162980958024,-0.11001290069120637,-0.3870370918189913,-0.8669128065047171,-0.5550231802386093,-0.40387272380744554,0.5644988738891453,4,-0.31632603250270985
2743,-0.8616999157733073,1,0,0,0,0,0,0,0,1.4030000840943597,-1.2696279259659435,0.43135,0.576906,0.542783,0.922003,1.71971,-0.9728601614275574,-1.2988351826852165,-1.108401750104985,-0.7064585800870234,-0.5330837607257614,-0.3641162980958024,-0.11001290069120637,-0.3870370918189913,-0.04389014208798146,-0.5550231802386093,-0.40387272380744554,-0.6357229432289523,4,-0.31632603250270985
2744,0.1667663046427619,0,0,0,0,1,0,0,0,-0.6667862396650431,1.2248186427312426,1.02323,1.30372,2.86766,4.68201,1.82921,-0.5898016130106786,-0.499557113565411,-0.5749527712800363,-0.5889253497941093,-0.7760330253066584,-0.3641162980958024,-0.11001290069120637,-0.3870370918189913,0.7791325223287542,0.4150033169688831,-0.40387272380744554,-0.6357229432289523,2,-0.31632603250270985
2745,-0.4438607299556789,0,0,0,0,1,0,0,0,-0.6636625846158679,1.2305681305323046,1.02323,1.82921,2.92676,4.60294,2.58752,-1.2512956078910673,-1.3599602281761587,-0.8582356413267966,-0.7696868829315805,-0.953386984115048,-0.3641162980958024,-0.11001290069120637,-0.3870370918189913,-0.04389014208798146,1.3850298141763753,-0.40387272380744554,0.5644988738891453,1,-0.31632603250270985
2746,-0.5493878746560662,0,0,0,0,1,0,0,0,-0.6647636411076299,1.2286097962561866,1.30372,2.92676,1.82921,4.68201,2.86766,-1.2512956078910673,-1.0420279001643593,-1.1338647084759248,-0.6808163669528934,-0.809510720872588,-0.3641162980958024,-0.11001290069120637,-0.3870370918189913,0.7791325223287542,0.4150033169688831,-0.40387272380744554,0.5644988738891453,1,-0.31632603250270985
2747,-0.2461586397970046,0,0,0,0,1,0,0,0,-0.6621681683418288,1.2331545463279316,1.30372,1.02323,4.60294,2.58752,2.92676,-1.0135497561147737,-0.8174281501980513,-1.1258280704516728,-0.8979818395138068,-0.7760330253066584,-0.3641162980958024,-0.11001290069120637,-0.3870370918189913,-0.8669128065047171,1.3850298141763753,-0.40387272380744554,0.5644988738891453,2,-0.31632603250270985
2748,0.7973858967989718,0,0,0,0,1,0,0,0,-0.6595588222239085,1.2377352234822059,1.82921,1.30372,2.58752,1.02323,2.53594,-0.2780964305009069,-0.08723808941872081,-0.4128122400171463,-0.35261648683593966,-0.32623637605291866,-0.3641162980958024,-0.11001290069120637,-0.3870370918189913,-0.04389014208798146,0.4150033169688831,-0.40387272380744554,-0.6357229432289523,3,-0.31632603250270985
2751,0.8271339496046319,0,0,0,0,1,0,0,0,-0.6734177268688906,1.2314500609463186,2.61069,1.02323,2.64929,2.92676,1.30372,0.33745022100840893,0.028367895126252433,-0.3778770901343744,-0.5889253497941093,-0.8089729832693099,-0.3641162980958024,-0.11001290069120637,-0.3870370918189913,-0.8669128065047171,1.3850298141763753,-0.40387272380744554,0.5644988738891453,2,-0.31632603250270985
2752,0.0478531005162283,0,0,0,0,1,0,0,0,-0.6809388133573494,1.2319349531539514,1.78813,4.68201,2.64929,3.03681,1.52031,0.23912901578796578,-0.34632376779137175,-0.698141395342993,-0.6581984152975884,-0.07100982859568815,-0.3641162980958024,-0.11001290069120637,-0.3870370918189913,-0.8669128065047171,2.355056311383868,-0.40387272380744554,1.764720691007243,0,-0.31632603250270985
2753,0.06237535722924827,0,0,0,0,1,0,0,0,-0.6784710926956088,1.2387604859857966,3.03681,2.61069,4.03585,4.68201,1.78813,0.34547767032061205,-0.314927370207251,-0.6702739257365814,-0.6607895154196165,-0.5629440981374172,-0.3641162980958024,-0.11001290069120637,-0.3870370918189913,-0.8669128065047171,2.355056311383868,-0.40387272380744554,0.5644988738891453,1,-0.31632603250270985
2754,0.20816978524555577,0,0,0,0,1,0,0,0,-0.6860182861857737,1.2392458322508975,1.78813,2.47013,2.64929,1.73136,2.61069,0.1340040323042735,-0.42458981322744493,-0.7201430162671355,-0.6733991075281908,-0.8900523986225065,-0.3641162980958024,-0.11001290069120637,-0.3870370918189913,-0.8669128065047171,3.32508280859136,-0.40387272380744554,0.5644988738891453,0,-0.31632603250270985
2755,-0.005028982478125951,0,0,0,0,1,0,0,0,-0.6929801525330349,1.240965080796891,1.34582,1.52031,3.03681,3.71654,1.13036,-0.1607071558322291,-0.5882416418408909,-0.793230766149313,-0.8446445979347915,-0.9801709571608027,-0.3641162980958024,-0.11001290069120637,-0.3870370918189913,-0.8669128065047171,2.355056311383868,-0.40387272380744554,0.5644988738891453,1,-0.31632603250270985
2756,-0.36237431592788144,0,0,0,0,1,0,0,0,-0.6949226299233603,1.2351519572589307,2.47013,1.78813,3.71654,3.03681,1.34582,0.015016039642714104,-0.4207639137948908,-0.759054563147643,-0.5487112742694454,-0.3920633984495053,-0.3641162980958024,-0.11001290069120637,-0.3870370918189913,-0.8669128065047171,2.355056311383868,-0.40387272380744554,0.5644988738891453,1,-0.31632603250270985
2757,0.46390070637356146,0,0,0,0,1,0,0,0,-0.7009776274028734,1.2390977797297813,3.99157,1.52031,1.13036,2.47013,1.02911,0.09375754210280517,-0.38517588207470954,-0.6431134869403462,-0.8446445979347915,-0.6498783200805048,-0.3641162980958024,-0.11001290069120637,-0.3870370918189913,-0.8669128065047171,2.355056311383868,-0.40387272380744554,0.5644988738891453,1,-0.31632603250270985
2758,-0.5090829689134283,0,0,0,0,1,0,0,0,-0.699489914527164,1.2464332002240937,2.61752,1.02911,3.71654,1.34582,2.47013,-0.19992763013466938,-0.4431648173964293,-0.6431134869403462,-0.891096871902211,-0.9801709571608027,-0.3641162980958024,-0.11001290069120637,-0.3870370918189913,-0.8669128065047171,3.32508280859136,-0.40387272380744554,-0.6357229432289523,1,-0.31632603250270985
2759,-0.5471756759650673,0,0,0,0,1,0,0,0,-0.7064498818703203,1.2478327167424117,2.55296,2.87484,1.13036,3.99157,2.61752,-0.256067527055033,-0.47036940516032943,-0.80933733290552,-0.794581329288315,-0.9437244266569356,-0.3641162980958024,-0.11001290069120637,-0.3870370918189913,-0.8669128065047171,3.32508280859136,-0.40387272380744554,-0.6357229432289523,1,-0.31632603250270985
2760,0.05042271226104499,0,0,0,0,1,0,0,0,-0.6985444202164781,1.25179455437234,1.13036,2.55296,2.08197,1.02911,1.34582,-0.19992763013466938,-0.45080240092259727,-0.5393261170643435,-0.7173355642709862,-0.9186939911010259,-0.3641162980958024,-0.11001290069120637,-0.3870370918189913,-0.8669128065047171,3.32508280859136,-0.40387272380744554,-0.6357229432289523,1,-0.31632603250270985
2761,0.02613367357211855,0,0,0,0,1,0,0,0,-0.7055076224525516,1.2530202405960795,1.02911,2.61752,2.87484,1.13036,2.2772,-0.256067527055033,-0.45080240092259727,-0.6392060506581063,-0.6676616747756965,-0.5833823623417068,-0.3641162980958024,-0.11001290069120637,-0.3870370918189913,-0.8669128065047171,3.32508280859136,-0.40387272380744554,-0.6357229432289523,1,-0.31632603250270985
2762,0.14723274069094863,0,0,0,0,1,0,0,0,-0.712935321255861,1.2503053472761811,1.02911,2.2772,2.55296,2.89566,3.02995,0.17211909905559838,-0.3317263452212675,-0.6392060506581063,-0.5711259097842836,-0.5265838367664654,-0.3641162980958024,-0.11001290069120637,-0.3870370918189913,-0.8669128065047171,1.3850298141763753,-0.40387272380744554,0.5644988738891453,2,-0.31632603250270985
2763,0.15506572993356715,0,0,0,0,1,0,0,0,-0.7142208268925647,1.2411930293228657,0.654029,3.02995,3.99157,0.347138,0.535042,-0.09027767335378761,-0.5928325967776656,-0.8935363936769863,-0.8103593789120104,-0.9876044222937627,-0.3641162980958024,-0.11001290069120637,-0.3870370918189913,-0.04389014208798146,-0.5550231802386093,-0.40387272380744554,2.9649425081253407,1,-0.31632603250270985
2764,0.567373666575164,0,0,0,0,1,0,0,0,-0.7076660983470725,1.239909161032825,2.89566,3.71654,1.02911,0.654029,1.13036,0.07895658877844872,-0.5291629895902926,-0.528789937648733,-0.7701760673391461,-0.6598947861510229,-0.3641162980958024,-0.11001290069120637,-0.3870370918189913,-0.8669128065047171,2.355056311383868,-0.40387272380744554,0.5644988738891453,1,-0.31632603250270985
2765,-0.6882902503219642,0,0,0,0,1,0,0,0,-0.7149178693605561,1.2354600853911857,0.347138,0.535042,2.89566,3.99157,3.02995,-1.1665398955034028,-0.6799342306003667,-1.0036368784670808,-0.7701760673391461,-0.9151237412284811,-0.3641162980958024,-0.11001290069120637,-0.3870370918189913,-0.04389014208798146,-0.5550231802386093,-0.40387272380744554,1.764720691007243,2,-0.31632603250270985
2766,-0.8037500919000831,0,0,0,0,1,0,0,0,-0.7166702719999835,1.2336127187444372,0.654029,0.535042,2.89566,0.554504,3.02995,-1.1665398955034028,-0.9235200323204329,-0.5465870683406864,-0.6111889473581129,-0.7874402736229141,-0.3641162980958024,-0.11001290069120637,-0.3870370918189913,-0.8669128065047171,-0.5550231802386093,-0.40387272380744554,2.9649425081253407,2,-0.31632603250270985
2767,-0.2616139326926227,0,0,0,0,1,0,0,0,-0.6880535901086942,1.233078185679172,3.03681,1.52031,2.61069,2.47013,2.64929,0.1340040323042735,-0.4207639137948908,-0.7893313607151966,-0.580174482440925,-0.5629440981374172,-0.3641162980958024,-0.11001290069120637,-0.3870370918189913,-0.8669128065047171,3.32508280859136,-0.40387272380744554,0.5644988738891453,0,-0.31632603250270985
2768,0.5840328771257475,0,0,0,0,1,0,0,0,-0.6781360886621601,1.246093189940629,1.73136,2.64929,3.03681,2.08197,1.34582,0.17851170298297597,-0.28278902738390166,-0.08723408596427935,0.008025959194446096,-0.234440745990718,-0.3641162980958024,-0.11001290069120637,-0.3870370918189913,-0.8669128065047171,3.32508280859136,-0.40387272380744554,-0.6357229432289523,1,-0.31632603250270985
2769,-0.28297218434024285,0,0,0,0,1,0,0,0,-0.6849079800166835,1.2478316482055418,2.08197,1.34582,4.03585,3.03681,2.47013,-0.07518431953885493,-0.518307312371963,-0.8287677930452365,-0.6733991075281908,-0.6338301049997689,-0.3641162980958024,-0.11001290069120637,-0.3870370918189913,-0.8669128065047171,2.355056311383868,-0.40387272380744554,-0.6357229432289523,2,-0.31632603250270985
2770,-0.1510641940254266,0,0,0,0,1,0,0,0,-0.6901184650532496,1.2509754046283865,1.34582,1.73136,2.61752,1.13036,2.47013,-0.40344398970571277,-0.655917714642116,-0.5393261170643435,-0.4369325060236442,-0.6105452105751283,-0.3641162980958024,-0.11001290069120637,-0.3870370918189913,-0.8669128065047171,3.32508280859136,-0.40387272380744554,-0.6357229432289523,1,-0.31632603250270985
2771,-0.4280216883075406,0,0,0,0,1,0,0,0,-0.6915122529883141,1.246345785136472,2.08197,2.47013,1.73136,1.13036,2.61752,-0.40344398970571277,-0.7200843071886822,-0.8744941210570003,-0.891096871902211,-0.9186939911010259,-0.3641162980958024,-0.11001290069120637,-0.3870370918189913,-0.8669128065047171,4.295109305798853,-0.40387272380744554,-0.6357229432289523,0,-0.31632603250270985
2772,0.039135984245744625,0,0,0,0,1,0,0,0,-0.6547626118502745,1.2304663292854872,2.53594,1.82921,1.30372,4.60294,1.02323,-0.7948830976135488,-0.25412881357519823,-0.4536680502701304,-0.6917612792394343,-0.7456822681134341,-0.3641162980958024,-0.11001290069120637,-0.3870370918189913,-0.04389014208798146,0.4150033169688831,-0.40387272380744554,-0.6357229432289523,3,-0.31632603250270985
2773,0.01973033654477142,0,0,0,0,1,0,0,0,-0.651792916787852,1.2281705746842988,2.58752,1.50919,2.86766,1.82921,1.30372,-0.7948830976135488,0.27536685537838346,0.012571089908701125,-0.24103443837242705,-0.4332022691603541,-0.3641162980958024,-0.11001290069120637,-0.3870370918189913,0.7791325223287542,0.4150033169688831,-0.40387272380744554,-0.6357229432289523,2,-0.31632603250270985
2776,-0.3665579297788862,0,0,0,0,1,0,0,0,-0.6435923886744306,1.222409732313473,4.3258,2.53594,2.58752,2.41786,2.70513,-0.16941115926098566,0.27536685537838346,0.5804921543856912,0.2851092192953198,0.0564062757091813,-0.3641162980958024,-0.11001290069120637,-0.3870370918189913,-0.8669128065047171,0.4150033169688831,-0.40387272380744554,1.764720691007243,2,-0.31632603250270985
2778,0.14453145045262009,0,0,0,0,1,0,0,0,-0.6597413304895829,1.220709925630514,2.92676,1.02323,1.30372,2.53594,2.58752,0.5686480226222849,0.17322997175537375,0.006147196942264276,-0.31463760661857837,-0.5329221672312845,-0.3641162980958024,-0.11001290069120637,-0.3870370918189913,-0.8669128065047171,0.4150033169688831,-0.40387272380744554,0.5644988738891453,3,-0.31632603250270985
2779,-0.024694224923451098,0,0,0,0,1,0,0,0,-0.6474592576809968,1.2091600610287723,1.25387,1.45057,1.51313,4.3258,1.50919,0.9995842191295506,0.17632604300632648,0.4033070524190763,0.1934268281566948,-0.033919922034286974,-0.3641162980958024,-0.11001290069120637,-0.3870370918189913,-0.8669128065047171,-0.5550231802386093,-0.40387272380744554,1.764720691007243,3,-0.31632603250270985
2782,-0.38861219632078325,0,0,0,0,1,0,0,0,-0.6378804987153459,1.2071683317726303,8.98848,2.41786,2.70513,1.25387,4.3258,0.9731326335394788,0.17632604300632648,-0.17675382167906717,-0.1375727361206154,-0.27515972684880124,-0.3641162980958024,-0.11001290069120637,-0.3870370918189913,-0.8669128065047171,0.4150033169688831,-0.40387272380744554,1.764720691007243,2,-0.31632603250270985
2784,-0.46261550967443643,0,0,0,0,1,0,0,0,-0.6474919513849137,1.2000522097942257,1.51313,2.41786,1.45057,8.98848,2.70513,-0.7991037562997555,0.15046614599168764,0.21229454853400037,0.9611345944528936,1.2203232462163067,-0.3641162980958024,-0.11001290069120637,-0.3870370918189913,-0.8669128065047171,0.4150033169688831,-0.40387272380744554,1.764720691007243,2,-0.31632603250270985
2785,-0.36507560616621004,0,0,0,0,1,0,0,0,-0.6493257094666944,1.1968914787920735,1.25387,2.41786,1.45057,8.98848,2.70513,-0.7991037562997555,0.9553253049146769,0.9296358458903293,1.4217900783197455,1.8080804479014336,-0.3641162980958024,-0.11001290069120637,-0.3870370918189913,-0.8669128065047171,0.4150033169688831,-0.40387272380744554,1.764720691007243,2,-0.31632603250270985
2786,0.6931191033936263,0,0,0,0,1,0,0,0,-0.6386032486221926,1.2194766105740167,1.50919,2.70513,1.45057,2.41786,2.53594,-0.16941115926098566,0.06169314934340759,0.38924793337139085,0.1934268281566948,0.20455796647383015,-0.3641162980958024,-0.11001290069120637,-0.3870370918189913,-0.8669128065047171,-0.5550231802386093,-0.40387272380744554,1.764720691007243,3,-0.31632603250270985
2787,0.08338372030839411,0,0,0,0,1,0,0,0,-0.6310344658608364,1.2143815575999821,4.3258,1.45057,8.98848,1.50919,2.41786,0.8812653532163659,0.2863662823169199,0.1995822332480831,0.38463282605617416,0.4013364599106968,-0.3641162980958024,-0.11001290069120637,-0.3870370918189913,-0.8669128065047171,0.4150033169688831,-0.40387272380744554,2.9649425081253407,1,-0.31632603250270985
2789,2.4473324694729945,0,0,0,0,1,0,0,0,-0.629320913908353,1.2030612056770114,1.45057,2.70513,13.7165,1.25387,2.41786,0.9731326335394788,0.720378315732859,0.48122479903729987,0.9611345944528936,0.7104054075899153,-0.3641162980958024,-0.11001290069120637,-0.3870370918189913,-0.8669128065047171,0.4150033169688831,-0.40387272380744554,1.764720691007243,2,-0.31632603250270985
2790,4.226128329169688,0,0,0,0,1,0,0,0,-0.618797208055406,1.1949899396384176,8.98848,7.76668,1.45057,2.70513,1.52454,2.1920871213150965,1.8365554112245233,2.3735164598104506,1.942983543184018,1.8439342376709933,-0.3641162980958024,-0.11001290069120637,-0.3870370918189913,-0.8669128065047171,1.3850298141763753,-0.40387272380744554,0.5644988738891453,2,-0.31632603250270985
2792,-0.09981492435061914,0,0,0,1,0,0,0,0,-0.23989816501211123,0.2862634609195836,2.24118,0.682768,0.989446,0.615255,0.661624,-0.3369575461696653,-0.22182514847631205,-0.4809189834872027,-0.5428944301254204,-0.6249404907194157,-0.3641162980958024,-0.11001290069120637,-0.3870370918189913,-0.8669128065047171,-0.5550231802386093,-0.40387272380744554,2.9649425081253407,2,-0.31632603250270985
2793,-0.09116552844822721,0,0,0,1,0,0,0,0,-0.23457214406575494,0.2867234179990102,2.21819,0.989446,0.682768,0.661624,0.615255,-0.3369575461696653,-0.6173477663333877,-0.8400203149593497,-0.46641747281804913,-0.517654105601092,-0.3641162980958024,-0.11001290069120637,-0.3870370918189913,-0.04389014208798146,-0.5550231802386093,-0.40387272380744554,2.9649425081253407,1,-0.31632603250270985
2794,-0.5620982352983632,0,0,0,1,0,0,0,0,-0.2332596964166017,0.2808776701437245,2.24118,2.21819,0.682768,0.661624,0.615255,-0.023777329637412817,-0.06441419338369114,0.42842659776939596,0.6582802460391928,0.4424683273718056,-0.3641162980958024,-0.11001290069120637,-0.3870370918189913,-0.04389014208798146,-0.5550231802386093,-0.40387272380744554,2.9649425081253407,1,-0.31632603250270985
2798,-0.07936713542956655,0,0,0,1,0,0,0,0,-0.23613757321643486,0.26222233149163976,3.19284,3.47874,0.501287,0.230469,2.61427,-0.17444430798525723,0.04079268662909774,-0.2045760678165608,-0.45736944077422037,0.3477654348832221,-0.3641162980958024,-0.11001290069120637,-0.3870370918189913,1.6021551867454897,-0.5550231802386093,-0.40387272380744554,1.764720691007243,0,-0.31632603250270985
2799,0.2668720576531333,0,0,0,1,0,0,0,0,-0.23025793654140747,0.2622328735617146,0.501287,0.230469,2.27254,3.47874,2.61427,-0.5166507786654848,-0.9696669642240998,-1.0583940367358637,-0.8315483236221481,0.49204328456860347,-0.3641162980958024,-0.11001290069120637,-0.3870370918189913,0.7791325223287542,0.4150033169688831,-0.40387272380744554,1.764720691007243,0,-0.31632603250270985
2800,-0.8476438009273194,0,0,0,1,0,0,0,0,-0.22590022681320943,0.2602627191867293,0.501287,3.19284,3.47874,2.27254,2.61427,-0.4956730122264129,-0.9696669642240998,-0.5386198426084399,-0.45736944077422037,0.4940276767489112,-0.3641162980958024,-0.11001290069120637,-0.3870370918189913,1.6021551867454897,0.4150033169688831,-0.40387272380744554,0.5644988738891453,0,-0.31632603250270985
2801,-0.7457554973390648,0,0,0,1,0,0,0,0,-0.22634160981187496,0.26477244753297996,3.19284,0.230469,2.27254,3.47874,0.989446,-0.5166507786654848,-0.9714045224178206,-0.2045760678165608,-0.1494590151873416,0.5855160880833977,-0.3641162980958024,-0.11001290069120637,-0.3870370918189913,0.7791325223287542,0.4150033169688831,-0.40387272380744554,0.5644988738891453,1,-0.31632603250270985
2802,0.3744345756389466,0,0,0,1,0,0,0,0,-0.2318260601938912,0.25456333156223954,3.19284,0.230469,2.27254,2.61427,0.501287,0.5755115211448569,-0.13095808910981943,-0.3896930746948016,-0.5840471475075326,-0.428327817391533,-0.3641162980958024,-0.11001290069120637,-0.3870370918189913,0.7791325223287542,0.4150033169688831,-0.40387272380744554,1.764720691007243,0,-0.31632603250270985
2803,0.04919998339272079,0,0,0,1,0,0,0,0,-0.23584266786156194,0.24625339220428108,3.47874,2.58131,2.27254,3.19284,0.230469,1.0046258336104101,0.18705374712025108,1.1634332375020944,0.8646283029313776,0.4940276767489112,-0.3641162980958024,-0.11001290069120637,-0.3870370918189913,1.6021551867454897,0.4150033169688831,-0.40387272380744554,0.5644988738891453,0,-0.31632603250270985
2806,0.5143674295726415,0,0,0,1,0,0,0,0,-0.23013083154721636,0.22706331412862593,2.72788,2.58131,2.90306,2.61427,2.53107,0.1112439033140913,0.7533798243338137,0.3528698496019672,1.4499278449949762,1.070988100141964,-0.3641162980958024,-0.11001290069120637,-0.3870370918189913,0.7791325223287542,2.355056311383868,-0.40387272380744554,-0.6357229432289523,0,-0.31632603250270985
2808,0.036799631546577505,0,0,0,1,0,0,0,0,-0.23642814104210336,0.2370124326998578,2.61427,2.72788,3.85068,3.47874,2.4745,1.0483490872252752,0.3196138073222562,0.22819816229451403,1.101557161754963,0.7980959195952926,-0.3641162980958024,-0.11001290069120637,-0.3870370918189913,1.6021551867454897,0.4150033169688831,-0.40387272380744554,-0.6357229432289523,1,-0.31632603250270985
2809,0.09194282238666356,0,0,0,1,0,0,0,0,-0.23694189851909786,0.22722595098336684,3.85068,2.58131,2.90306,0.0379999,2.61427,0.1112439033140913,0.3196138073222562,-0.055878475410932264,1.1516647137797877,0.8749093424562764,-0.3641162980958024,-0.11001290069120637,-0.3870370918189913,0.7791325223287542,0.4150033169688831,-0.40387272380744554,-0.6357229432289523,2,-0.31632603250270985
2810,0.15784978951067463,0,0,0,1,0,0,0,0,-0.23740993046732015,0.2170037439496219,2.95917,2.72788,2.53107,3.85068,0.437954,1.3282362866530093,0.42576657133213064,0.1296456648166586,-0.012945676033950484,-0.2118720167072309,-0.3641162980958024,-0.11001290069120637,-0.3870370918189913,-0.04389014208798146,2.355056311383868,-0.40387272380744554,-0.6357229432289523,1,-0.31632603250270985
2811,0.17895973314195818,0,0,0,1,0,0,0,0,-0.23815882120474438,0.20691373797561277,2.53107,0.437954,2.90306,2.45943,0.657748,-0.19316806201641173,-0.03426337419906369,-0.08077957575239923,-0.35941583509692554,-0.040001116002821045,-0.3641162980958024,-0.11001290069120637,-0.3870370918189913,-0.04389014208798146,1.3850298141763753,-0.40387272380744554,-0.6357229432289523,2,-0.31632603250270985
2812,0.017898124363621006,0,0,0,1,0,0,0,0,-0.23234004322605406,0.20696728883511858,0.437954,2.95917,2.45943,0.657748,2.90306,-1.0273110682506492,-0.7444392728456634,-0.2517934071823397,-0.5197111653633393,-0.4840409653102268,-0.3641162980958024,-0.11001290069120637,-0.3870370918189913,-0.04389014208798146,1.3850298141763753,-0.40387272380744554,-0.6357229432289523,2,-0.31632603250270985
2813,-0.7695829088521656,0,0,0,1,0,0,0,0,-0.22924768996899977,0.2068711250675757,2.53107,0.657748,2.95917,2.45943,2.90306,-1.0273110682506492,-0.1850292632216937,-0.4547749149565263,-0.43709960619805116,-0.2118720167072309,-0.3641162980958024,-0.11001290069120637,-0.3870370918189913,-0.8669128065047171,2.355056311383868,-0.40387272380744554,-0.6357229432289523,2,-0.31632603250270985
2814,-0.009054582136916582,0,0,0,1,0,0,0,0,-0.2332208030593504,0.19769459489046992,0.657748,2.53107,0.437954,2.95917,2.64928,0.47780064796580857,0.19982638621988244,-0.12556209279093342,-0.35941583509692554,0.010381400620724549,-0.3641162980958024,-0.11001290069120637,-0.3870370918189913,0.7791325223287542,1.3850298141763753,-0.40387272380744554,-0.6357229432289523,1,-0.31632603250270985
2817,-0.686891072272334,0,0,0,1,0,0,0,0,-0.2255762071111146,0.1999401789109438,2.45943,0.437954,2.53107,2.95917,2.90306,0.47780064796580857,-0.1850292632216937,-0.2187452649950985,0.2784088115256965,1.0966707020987732,-0.3641162980958024,-0.11001290069120637,-0.3870370918189913,-0.04389014208798146,2.355056311383868,-0.40387272380744554,-0.6357229432289523,1,-0.31632603250270985
2819,-0.41300657780451927,1,0,0,0,0,0,0,0,0.03778220195534429,-0.2609010854936585,3.21496,1.91256,2.6053,2.8719,2.62678,-0.5852724323594317,0.09717586292708927,-0.2756172438518321,-0.11035771448468631,-0.1274604404486737,-0.3641162980958024,-0.11001290069120637,-0.3870370918189913,-0.8669128065047171,-0.5550231802386093,-0.40387272380744554,-0.6357229432289523,5,-0.31632603250270985
2820,0.27519413844308155,1,0,0,0,0,0,0,0,0.04056470776630722,-0.26426354690140846,1.38573,2.6053,2.62678,1.55063,2.8719,-0.5852724323594317,-0.4338910632416672,-0.30694940987846886,-0.5315950366670713,-0.6756313370916261,-0.3641162980958024,-0.11001290069120637,-0.3870370918189913,-0.8669128065047171,-0.5550231802386093,-0.40387272380744554,-0.6357229432289523,5,-0.31632603250270985
2821,0.14612664134544928,1,0,0,0,0,0,0,0,0.03368291658467493,-0.27188798265150776,2.98498,2.5835,1.55063,3.21496,1.82457,0.6443566761576016,0.1374688969932524,-0.2472515994436212,-0.4219440622731089,-0.6095790856713824,-0.3641162980958024,-0.11001290069120637,-0.3870370918189913,-0.04389014208798146,-0.5550231802386093,-0.40387272380744554,-0.6357229432289523,4,-0.31632603250270985
2822,0.18867008147778844,1,0,0,0,0,0,0,0,0.02882025635937409,-0.2784892186473364,0.177549,1.82457,2.8719,2.5835,3.48094,-0.5501109771650399,-0.45525374250740913,-0.5256982092781031,-0.13492857928309965,-0.1436225184904157,-0.3641162980958024,-0.11001290069120637,-0.3870370918189913,0.7791325223287542,-0.5550231802386093,-0.40387272380744554,-0.6357229432289523,3,-0.31632603250270985
2823,-0.8675535891463093,1,0,0,0,0,0,0,0,0.026054524058580046,-0.28199863975941025,2.98498,1.82457,2.8719,3.48094,2.5835,-0.5501109771650399,-0.10054851268241327,0.4006257010863428,0.3635269341494115,0.13201497615873595,-0.3641162980958024,-0.11001290069120637,-0.3870370918189913,0.7791325223287542,-0.5550231802386093,-0.40387272380744554,-0.6357229432289523,3,-0.31632603250270985
2824,-0.2479043203967044,1,0,0,0,0,0,0,0,0.0346815553617955,-0.28221621156978627,3.48094,2.98498,2.5835,0.177549,2.8719,0.14004511032090333,-0.45525374250740913,-0.6378043022305983,-0.7799190883662298,-0.6095790856713824,-0.3641162980958024,-0.11001290069120637,-0.3870370918189913,0.7791325223287542,-0.5550231802386093,-0.40387272380744554,-0.6357229432289523,3,-0.31632603250270985
2825,0.3752622690267352,1,0,0,0,0,0,0,0,0.04074144353843591,-0.28533344742228384,0.923482,1.82457,2.5835,0.122714,1.55063,-0.1319953907878662,-0.4944340720455854,-0.6104016625198424,-0.014686172945882842,-0.26763101637378617,-0.3641162980958024,-0.11001290069120637,-0.3870370918189913,-0.04389014208798146,0.4150033169688831,-0.40387272380744554,-0.6357229432289523,3,-0.31632603250270985
2827,-0.5869154928584058,1,0,0,0,0,0,0,0,0.04665977879669633,-0.28428038061325994,3.48094,0.122714,2.5835,1.17262,1.82457,-0.1319953907878662,-0.35198898204229223,-0.4472926059321292,-0.5626656425554374,-0.4323219794285753,-0.3641162980958024,-0.11001290069120637,-0.3870370918189913,0.7791325223287542,0.4150033169688831,-0.40387272380744554,-0.6357229432289523,2,-0.31632603250270985
2828,0.03762356269169432,1,0,0,0,0,0,0,0,0.04107916533624747,-0.27771872400698056,1.55063,1.82457,3.48094,0.923482,2.8719,-0.3307121184035847,-0.2453432202719319,-0.6104016625198424,-0.7223298542455026,-0.8344610092801371,-0.3641162980958024,-0.11001290069120637,-0.3870370918189913,-0.04389014208798146,-0.5550231802386093,-0.40387272380744554,-0.6357229432289523,4,-0.31632603250270985
2829,-0.3509671961470845,1,0,0,0,0,0,0,0,0.04353911616475553,-0.27324313291116453,2.5835,2.62678,2.8719,1.56575,3.21496,-0.3307121184035847,-0.6602996509166651,-0.2472515994436212,-0.5334518053297149,-0.7751489884130079,-0.3641162980958024,-0.11001290069120637,-0.3870370918189913,-0.04389014208798146,0.4150033169688831,-0.40387272380744554,-0.6357229432289523,3,-0.31632603250270985
2831,-0.8881838468369425,1,0,0,0,0,0,0,0,0.05199528518274596,-0.279297726608165,1.17262,1.56575,0.923482,1.55063,2.62678,-0.9628818839409987,-0.5642071831861022,-0.7302778793880654,-0.4246830785175523,-0.6266970261344238,-0.3641162980958024,-0.11001290069120637,-0.3870370918189913,-0.8669128065047171,0.4150033169688831,-0.40387272380744554,-0.6357229432289523,4,-0.31632603250270985
2832,-0.3452786852273731,1,0,0,0,0,0,0,0,0.05356622571193208,-0.2732843655266977,2.62678,0.122714,1.17262,4.17315,1.55063,0.019301462481817327,-0.5642071831861022,-0.811325654829498,-0.5646791671192856,-0.7768341650142622,-0.3641162980958024,-0.11001290069120637,-0.3870370918189913,-0.8669128065047171,0.4150033169688831,-0.40387272380744554,-0.6357229432289523,4,-0.31632603250270985
2833,0.053906548975101165,1,0,0,0,0,0,0,0,0.04836191924561293,-0.26960760661336414,1.55063,1.56575,2.6053,3.21496,4.17315,-0.08102467358888948,-0.5850263487902349,-0.6920154913807106,-0.597908566903727,-0.7771838751163301,-0.3641162980958024,-0.11001290069120637,-0.3870370918189913,-0.8669128065047171,0.4150033169688831,-0.40387272380744554,-0.6357229432289523,4,-0.31632603250270985
2834,0.04582525171614607,1,0,0,0,0,0,0,0,0.04746658006718176,-0.262419254810018,3.21496,2.62678,3.34164,4.17315,1.38573,0.22073834374900286,-0.30786263112532697,-0.5244972311162066,-0.6015466988895094,-0.8101237023233923,-0.3641162980958024,-0.11001290069120637,-0.3870370918189913,-0.8669128065047171,0.4150033169688831,-0.40387272380744554,-0.6357229432289523,4,-0.31632603250270985
2835,0.3228542286090235,1,0,0,0,0,0,0,0,0.05464381386448681,-0.25803559474342996,4.17315,2.6053,1.27201,2.21404,2.62678,0.2640874918550311,-0.11467109441282192,-0.18619402567892798,-0.2408000904074752,-0.1631908311750065,-0.3641162980958024,-0.11001290069120637,-0.3870370918189913,0.7791325223287542,-0.5550231802386093,-0.40387272380744554,-0.6357229432289523,3,-0.31632603250270985
2837,-0.10137625505940241,1,0,0,0,0,0,0,0,0.048834717398358624,-0.24853796772033798,1.14845,0.413216,1.10487,0.738286,3.34164,-0.4520079706192349,-0.8442250904956512,-0.5567757877429798,-0.34609659417894617,-0.5112276668941734,-0.3641162980958024,-0.11001290069120637,-0.3870370918189913,0.7791325223287542,0.4150033169688831,-0.40387272380744554,0.5644988738891453,1,-0.31632603250270985
2838,0.6356884690091057,1,0,0,0,0,0,0,0,0.05682789568588336,-0.2645786779086156,1.27201,3.34164,2.6053,1.56575,2.62678,0.1925424283039385,-0.40136680136828307,-0.31105310532687885,-0.5646791671192856,-0.7771838751163301,-0.3641162980958024,-0.11001290069120637,-0.3870370918189913,-0.04389014208798146,1.3850298141763753,-0.40387272380744554,-0.6357229432289523,2,-0.31632603250270985
2839,-0.45579080146785145,1,0,0,0,0,0,0,0,0.06362341846638937,-0.2627009285751869,4.17315,2.34476,3.34164,1.56575,2.6053,0.1925424283039385,0.018262559962900916,-0.18619402567892798,0.3661406596241825,0.205021648657475,-0.3641162980958024,-0.11001290069120637,-0.3870370918189913,-0.04389014208798146,1.3850298141763753,-0.40387272380744554,-0.6357229432289523,2,-0.31632603250270985
2841,-0.4931837313825418,1,0,0,0,0,0,0,0,0.05526442761442748,-0.2797675658648695,0.122714,1.56575,1.23508,0.923482,1.27695,-0.9628818839409987,-0.4454578627478195,-0.5899958440953138,-0.5626656425554374,-0.7415093537393442,-0.3641162980958024,-0.11001290069120637,-0.3870370918189913,-0.8669128065047171,2.355056311383868,-0.40387272380744554,-0.6357229432289523,2,-0.31632603250270985
2842,-0.4696847636546863,1,0,0,0,0,0,0,0,0.06238729388994405,-0.2836467458386185,1.27695,1.17262,3.41995,0.122714,1.39148,-0.9320113815569797,-0.1902078011216403,-0.284782689538266,-0.2944648693562188,-0.4643958732821065,-0.3641162980958024,-0.11001290069120637,-0.3870370918189913,-0.04389014208798146,1.3850298141763753,-0.40387272380744554,-0.6357229432289523,2,-0.31632603250270985
2843,-0.45393225358799866,1,0,0,0,0,0,0,0,0.06525211457583506,-0.2819172122917102,1.23508,3.41995,2.8962,1.17262,1.3877,-0.9320113815569797,-0.6199043101774374,-0.2420401553792184,-0.4945300670737662,-0.4866068037377167,-0.3641162980958024,-0.11001290069120637,-0.3870370918189913,0.7791325223287542,0.4150033169688831,-0.40387272380744554,-0.6357229432289523,2,-0.31632603250270985
2845,0.3523163509716295,1,0,0,0,0,0,0,0,0.07073942786358485,-0.2788928780703869,1.3877,1.27695,2.8962,2.34476,1.23508,-0.2913206017158132,-0.6199043101774374,-0.6395096541682018,-0.5932823886551506,-0.8174984053900938,-0.3641162980958024,-0.11001290069120637,-0.3870370918189913,0.7791325223287542,1.3850298141763753,-0.40387272380744554,-0.6357229432289523,1,-0.31632603250270985
2846,-0.05219621885406656,1,0,0,0,0,0,0,0,0.06814247354237533,-0.27015066389120984,1.27201,3.41995,1.3877,4.17315,1.27695,0.8233799795615575,0.1422352630694715,-0.1276822414854309,-0.047280802291151974,-0.3184059265582844,-0.3641162980958024,-0.11001290069120637,-0.3870370918189913,0.7791325223287542,1.3850298141763753,-0.40387272380744554,-0.6357229432289523,1,-0.31632603250270985
2847,0.15526889103784255,1,0,0,0,0,0,0,0,0.07447484334099577,-0.2855090115921996,3.41995,1.3877,1.27695,1.23508,4.61945,0.46941833746726724,0.04248548683396197,-0.2420401553792184,-0.14139188529821228,-0.14482066913150063,-0.3641162980958024,-0.11001290069120637,-0.3870370918189913,-0.04389014208798146,2.355056311383868,-0.40387272380744554,-0.6357229432289523,1,-0.31632603250270985
2848,-0.41226541599818123,1,0,0,0,0,0,0,0,0.07583030336811301,-0.27693535000818686,3.41995,2.8962,2.34476,1.27695,1.23508,-0.2913206017158132,0.04248548683396197,-0.1276822414854309,-0.2136722231429285,0.056655712095474965,-0.3641162980958024,-0.11001290069120637,-0.3870370918189913,1.6021551867454897,0.4150033169688831,-0.40387272380744554,-0.6357229432289523,1,-0.31632603250270985
2851,-0.41084328826825334,1,0,0,0,0,0,0,0,0.05637434457968024,-0.2933507410368849,1.23508,0.923482,1.17262,1.27695,0.122714,1.6892072277683088,1.066664961981443,0.6645454419434802,0.36027716263509874,0.12008759349665839,-0.3641162980958024,-0.11001290069120637,-0.3870370918189913,-0.8669128065047171,1.3850298141763753,-0.40387272380744554,-0.6357229432289523,3,-0.31632603250270985
2852,-0.25961241959124276,0,0,0,0,0,0,1,0,0.11094438952581465,-0.2800805558399042,3.07249,3.1522,1.96262,0.935883,0.324756,0.09363540526061852,2.279909062156019,1.7100745323410516,1.2225246488750052,1.0397245576064922,-0.3641162980958024,-0.11001290069120637,-0.3870370918189913,0.7791325223287542,-0.5550231802386093,-0.40387272380744554,0.5644988738891453,2,-0.31632603250270985
2855,0.2515823034350731,0,0,0,1,0,0,0,0,0.09816472387596306,-0.2669066887744586,1.96262,5.13186,0.324756,2.41201,0.525461,0.15635606254570475,0.1615446921004876,-0.14173608020264564,-0.10933622446573356,0.11826202619248284,-0.3641162980958024,-0.11001290069120637,-0.3870370918189913,-0.04389014208798146,0.4150033169688831,-0.40387272380744554,-0.6357229432289523,3,-0.31632603250270985
2856,-0.8121707434480316,0,0,0,1,0,0,0,0,0.10617961843911676,-0.2605647962547108,1.96262,2.41201,0.525461,3.1522,5.13186,-0.8932483801850328,-0.12113423373647088,-0.4236148096746774,-0.4514386578357627,-0.24748462652608025,-0.3641162980958024,-0.11001290069120637,-0.3870370918189913,0.7791325223287542,0.4150033169688831,-0.40387272380744554,-0.6357229432289523,2,-0.31632603250270985
2857,-0.19596656031296356,0,0,0,1,0,0,0,0,0.1036223247466883,-0.2628507796586716,0.324756,3.1522,2.41201,0.525461,5.13186,-0.8932483801850328,-0.48219619183935536,-0.45568304878951843,-0.40307819321937227,-0.5586689900270561,-0.3641162980958024,-0.11001290069120637,-0.3870370918189913,0.7791325223287542,0.4150033169688831,-0.40387272380744554,-0.6357229432289523,2,-0.31632603250270985
2858,0.9963784361940619,0,0,0,1,0,0,0,0,0.09292879233978817,-0.25917834965056386,2.41201,3.1522,1.96262,0.525461,3.50027,0.4447135472080377,0.1615446921004876,0.036896288870071334,-0.24563736904773784,-0.41081394379087793,-0.3641162980958024,-0.11001290069120637,-0.3870370918189913,1.6021551867454897,-0.5550231802386093,-0.40387272380744554,-0.6357229432289523,2,-0.31632603250270985
2859,-0.026895136886434735,0,0,0,1,0,0,0,0,0.09970175431834503,-0.25535210669141395,0.525461,5.13186,0.324756,1.96262,3.38186,-0.8053348163060717,-0.26584558856178253,-0.5301014820775516,-0.7297684029677707,-0.9314380015538486,-0.3641162980958024,-0.11001290069120637,-0.3870370918189913,-0.8669128065047171,0.4150033169688831,-0.40387272380744554,-0.6357229432289523,4,-0.31632603250270985
2860,-0.7366606519043357,0,0,0,1,0,0,0,0,0.10241491608902806,-0.2528301593588652,2.41201,3.38186,0.324756,1.96262,5.13186,-0.8053348163060717,-0.26818109917529204,-0.4236148096746774,-0.40307819321937227,-0.5156179115931072,-0.3641162980958024,-0.11001290069120637,-0.3870370918189913,-0.04389014208798146,0.4150033169688831,-0.40387272380744554,-0.6357229432289523,3,-0.31632603250270985
2862,0.3379859686348697,0,0,0,1,0,0,0,0,0.0973440049778973,-0.24715696997546083,2.28693,0.525461,3.50027,2.41201,2.24378,-0.01596070384239149,-0.26818109917529204,-0.4886540318300697,-0.703798081558284,-0.2261270557368885,-0.3641162980958024,-0.11001290069120637,-0.3870370918189913,1.6021551867454897,-0.5550231802386093,-0.40387272380744554,-0.6357229432289523,2,-0.31632603250270985
2863,-0.07395326822489406,0,0,0,1,0,0,0,0,0.09471594493798743,-0.2416876394978661,3.38186,2.24378,3.50027,1.4827,1.98182,-0.01596070384239149,-0.44920653002146893,-0.3742858364820389,-0.5073530013973203,-0.1887436170833447,-0.3641162980958024,-0.11001290069120637,-0.3870370918189913,0.7791325223287542,-0.5550231802386093,-0.40387272380744554,0.5644988738891453,2,-0.31632603250270985
2864,0.3825346841112605,0,0,0,1,0,0,0,0,0.08868904643265903,-0.24835028683818047,3.64674,3.38186,2.28693,1.98182,5.13186,-0.23924903112868964,-0.07333468881830518,-0.3742858364820389,-0.19499387874112223,-0.41081394379087793,-0.3641162980958024,-0.11001290069120637,-0.3870370918189913,-0.8669128065047171,0.4150033169688831,-0.40387272380744554,0.5644988738891453,3,-0.31632603250270985
2865,0.43764025252462896,0,0,0,1,0,0,0,0,0.08352693854471906,-0.25055442109408155,3.50027,1.98182,5.13186,3.38186,2.28693,-0.23924903112868964,0.6463576523892909,0.38901447408245216,0.2177805776583822,-0.03564193117825903,-0.3641162980958024,-0.11001290069120637,-0.3870370918189913,-0.04389014208798146,0.4150033169688831,-0.40387272380744554,0.5644988738891453,2,-0.31632603250270985
2869,0.14974215655301717,0,0,0,1,0,0,0,0,0.08387994141419132,-0.23058520693603707,1.98182,2.24378,1.47329,0.34164,2.16711,1.0942324785289914,0.28652133822784454,-0.07673329191363809,-0.355022804793355,-0.3807980589751677,-0.3641162980958024,-0.11001290069120637,-0.3870370918189913,1.6021551867454897,-0.5550231802386093,-0.40387272380744554,0.5644988738891453,1,-0.31632603250270985
2871,-0.8058185729210204,0,0,0,1,0,0,0,0,0.09281562119956183,-0.22451549872351598,0.153234,1.47329,2.88151,1.4827,0.245031,0.03015257603202307,-0.2719789693824603,-0.032982110079815524,-0.3293204114719852,-0.5595786838434605,-0.3641162980958024,-0.11001290069120637,-0.3870370918189913,-0.04389014208798146,-0.5550231802386093,-0.40387272380744554,-0.6357229432289523,4,-0.31632603250270985
2873,-0.8767014822027104,0,0,0,1,0,0,0,0,0.09907127691929475,-0.2263456648884687,0.245031,0.34164,1.4827,2.24378,1.47329,-0.2951893444235045,-0.576884909473792,-0.7888817438758132,-0.3055708331344978,-0.08808055823977337,-0.3641162980958024,-0.11001290069120637,-0.3870370918189913,0.7791325223287542,-0.5550231802386093,-0.40387272380744554,-0.6357229432289523,3,-0.31632603250270985
2875,-0.3765241106163965,0,0,0,1,0,0,0,0,0.09918560250297895,-0.23312594335446638,0.245031,2.24378,0.153234,2.28693,0.34164,-0.7417788514382401,-0.551816840437591,-0.7888817438758132,-0.5073530013973203,-0.5915674403913411,-0.3641162980958024,-0.11001290069120637,-0.3870370918189913,-0.04389014208798146,-0.5550231802386093,-0.40387272380744554,-0.6357229432289523,4,-0.31632603250270985
2876,-0.8421652231486925,0,0,0,1,0,0,0,0,0.10217101454634968,-0.23059019049152268,1.4827,0.153234,2.24378,0.34164,2.28693,-0.7417788514382401,-0.8209844196511049,-0.1395358677871829,-0.2940744196448778,-0.1410112628788072,-0.3641162980958024,-0.11001290069120637,-0.3870370918189913,-0.04389014208798146,-0.5550231802386093,-0.40387272380744554,-0.6357229432289523,4,-0.31632603250270985
2877,-0.09018734535356779,0,0,0,1,0,0,0,0,0.09291797805813715,-0.23524392448606213,1.4827,2.28693,2.88151,0.245031,0.153234,0.0635639242007479,-0.44920653002146893,-0.17661937119079096,-0.4494880590974202,-0.5700126638005911,-0.3641162980958024,-0.11001290069120637,-0.3870370918189913,-0.8669128065047171,-0.5550231802386093,-0.40387272380744554,-0.6357229432289523,5,-0.31632603250270985
2879,-0.1887430543831713,0,0,0,1,0,0,0,0,0.08119191877966103,-0.2396393827714794,2.88151,3.64674,3.50027,2.24378,2.28693,1.0942324785289914,0.6463576523892909,0.14752535309657938,-0.07415116470246165,-0.1887436170833447,-0.3641162980958024,-0.11001290069120637,-0.3870370918189913,0.7791325223287542,-0.5550231802386093,-0.40387272380744554,-0.6357229432289523,3,-0.31632603250270985
2880,-0.5524390534628691,1,0,0,0,0,0,0,0,1.6245659277306803,-1.432339472543363,0.563292,1.38806,1.2948,4.2807,1.15508,-0.7606807372852497,-0.8689964394953811,-0.5420587099651877,-0.8041102000655534,-0.46077188284934006,-0.3641162980958024,-0.11001290069120637,-0.3870370918189913,-0.8669128065047171,0.4150033169688831,2.329529102992471,0.5644988738891453,1,-0.31632603250270985
2881,-0.7224277116527746,1,0,0,0,0,0,0,0,1.6214162295321624,-1.434608707370731,1.01512,1.2948,4.2807,1.38806,1.15508,-0.7606807372852497,-1.045566095997498,-0.8947042171577854,-0.6943102339349275,-0.8426377459045958,-0.3641162980958024,-0.11001290069120637,-0.3870370918189913,-0.04389014208798146,0.4150033169688831,2.329529102992471,-0.6357229432289523,1,-0.31632603250270985
2883,-0.4997827050288208,1,0,0,0,0,0,0,0,1.6230300782040705,-1.4434885090322636,1.2948,0.563292,1.01512,1.38806,4.2807,0.6133341961166292,0.1257492372858732,0.158565000217616,0.34904856376452015,0.07635252957712607,-0.3641162980958024,-0.11001290069120637,-0.3870370918189913,-0.04389014208798146,-0.5550231802386093,2.329529102992471,0.5644988738891453,1,-0.31632603250270985
2887,-0.7010081354496047,1,0,0,0,0,0,0,0,1.6373189239920174,-1.4357591265257414,1.38806,1.91951,1.01512,0.801641,0.563292,0.8794860017153894,0.13416016029409852,0.4049836341098182,0.2938145852637932,0.16612857886647756,-0.3641162980958024,-0.11001290069120637,-0.3870370918189913,-0.04389014208798146,1.3850298141763753,0.9628281895925127,0.5644988738891453,0,-0.31632603250270985
2888,-0.3677505607058363,1,0,0,0,0,0,0,0,1.630656456037726,-1.4564155590962897,0.756026,0.801641,1.91951,1.15508,1.15846,-4.902695106097756e-06,0.2225657939885945,0.8832108204053457,0.4779201180823736,0.39899498373547776,-0.3641162980958024,-0.11001290069120637,-0.3870370918189913,-0.04389014208798146,2.355056311383868,-0.40387272380744554,-0.6357229432289523,0,1.7381456473456194
2890,-0.6327550337954798,1,0,0,0,0,0,0,0,1.637520565291862,-1.449542386745758,1.91951,1.50602,0.756026,0.620225,1.15508,-0.18972679934610023,0.2225657939885945,0.6642887836965615,0.2938145852637932,0.15359853149960365,-0.3641162980958024,-0.11001290069120637,-0.3870370918189913,0.7791325223287542,2.355056311383868,-0.40387272380744554,-0.6357229432289523,0,-0.31632603250270985
2892,-0.21218558847095026,1,0,0,0,0,0,0,0,1.6397826898807744,-1.444502283023187,0.801641,0.620225,1.50602,1.15508,1.38806,-0.18972679934610023,0.13416016029409852,0.8832108204053457,0.6528984798220567,0.46613397654192634,-0.3641162980958024,-0.11001290069120637,-0.3870370918189913,-0.04389014208798146,2.355056311383868,0.9628281895925127,-0.6357229432289523,0,-0.31632603250270985
2893,-0.7088509065231698,1,0,0,0,0,0,0,0,1.6489720873722717,-1.4760075526178855,4.75529,0.407308,0.188637,1.15846,1.93706,-0.7408232289034791,-0.23872108097027975,-0.24815541972610625,-0.1122503328149928,1.0408923685532365,-0.3641162980958024,-0.11001290069120637,-0.3870370918189913,-0.8669128065047171,-0.5550231802386093,0.9628281895925127,-0.6357229432289523,0,7.9015606868906065
2894,0.854703663903339,1,0,0,0,0,0,0,0,1.6523469839216225,-1.473928362891487,0.407308,0.599379,0.188637,1.15846,1.93706,-0.752710660717497,-1.1553373144999093,0.0971025439647071,-0.21259704109113994,1.187514029825938,-0.3641162980958024,-0.11001290069120637,-0.3870370918189913,-0.8669128065047171,-0.5550231802386093,0.9628281895925127,-0.6357229432289523,1,5.847089007042277
2895,-0.4985110670057636,1,0,0,0,0,0,0,0,1.6455596715934893,-1.4648250287243458,4.75529,0.599379,0.407308,0.756026,1.50602,1.6486411855064058,0.7679791760048983,0.2707955300697589,0.08009483795266613,0.39899498373547776,-0.3641162980958024,-0.11001290069120637,-0.3870370918189913,-0.04389014208798146,0.4150033169688831,0.9628281895925127,-0.6357229432289523,1,1.7381456473456194
2896,-0.6499165037427442,1,0,0,0,0,0,0,0,1.632306120687785,-1.4622623299596338,1.50602,1.15846,0.801641,1.91951,1.15508,-4.902695106097756e-06,1.0181887375697138,0.6642887836965615,1.2921455464172593,1.1524615837918082,-0.3641162980958024,-0.11001290069120637,-0.3870370918189913,-0.8669128065047171,3.32508280859136,-0.40387272380744554,-0.6357229432289523,0,1.7381456473456194
2897,-0.5359265703764846,1,0,0,0,0,0,0,0,1.7445388064703389,-1.6048701774222152,1.1812,0.158009,3.17541,2.65521,1.7569,-0.8203566205994367,-0.3884278784720111,-0.6864916239464223,-0.44349917820842616,-0.6170995167759761,-0.3641162980958024,-0.11001290069120637,-0.3870370918189913,-0.8669128065047171,-0.5550231802386093,0.9628281895925127,-0.6357229432289523,4,-0.31632603250270985
2898,0.06460260489093411,1,0,0,0,0,0,0,0,1.7478093901108087,-1.614254731652679,0.158009,0.565466,1.1812,1.7569,1.05901,-0.6604508710594122,-0.15626551678374492,-0.2850147227046352,-0.5085113739079129,-0.695194451087638,-0.3641162980958024,-0.11001290069120637,-0.3870370918189913,-0.8669128065047171,-0.5550231802386093,0.9628281895925127,-0.6357229432289523,4,-0.31632603250270985
2899,-0.8749050113269417,1,0,0,0,0,0,0,0,1.7444156176166008,-1.6117774752972154,2.65521,1.05901,1.1812,0.565466,1.7569,-0.6604508710594122,-0.3884278784720111,-0.6163017045890211,-0.2941302725280732,-0.5258532454954133,-0.3641162980958024,-0.11001290069120637,-0.3870370918189913,-0.8669128065047171,-0.5550231802386093,0.9628281895925127,-0.6357229432289523,4,-0.31632603250270985
2900,-0.8431452873646877,1,0,0,0,0,0,0,0,1.7440878342373065,-1.5896955445144694,1.46237,3.17541,1.50796,1.05901,1.1812,-0.6022457543220864,1.0222358488304255,0.6962018827647201,0.5567159070141479,0.3382287881771104,-0.3641162980958024,-0.11001290069120637,-0.3870370918189913,-0.8669128065047171,-0.5550231802386093,2.329529102992471,-0.6357229432289523,3,-0.31632603250270985
2901,-0.3841727499680984,1,0,0,0,0,0,0,0,1.7467108201732422,-1.5931090215742905,0.242426,3.17541,1.50796,1.05901,1.1812,-0.6022457543220864,0.0001617476599998268,-0.17020511780750322,-0.05451958515197118,-0.31435340228584113,-0.3641162980958024,-0.11001290069120637,-0.3870370918189913,-0.8669128065047171,-0.5550231802386093,2.329529102992471,-0.6357229432289523,3,-0.31632603250270985
2902,0.26031446867624375,1,0,0,0,0,0,0,0,1.7508730989879397,-1.6006606926581235,1.50796,1.1812,1.05901,1.7569,1.46237,-0.6283036267916544,-0.8423807003280119,-0.6864916239464223,-0.7801870714190479,-0.9302593877984411,-0.3641162980958024,-0.11001290069120637,-0.3870370918189913,-0.8669128065047171,-0.5550231802386093,2.329529102992471,-0.6357229432289523,3,-0.31632603250270985
2904,-0.30826574182253114,0,1,0,0,0,0,0,0,1.0109602145822534,-1.1291883689991804,2.92961,7.08985,0.79924,3.05274,1.66176,-0.62006991508818,-0.24776332176875734,-0.10084270518081336,-0.08581138874830146,0.24097156243138015,-0.3641162980958024,-0.11001290069120637,3.3326951124066904,-0.04389014208798146,-0.5550231802386093,-0.40387272380744554,-0.6357229432289523,2,-0.31632603250270985
2905,1.7330217890833326,0,1,0,0,0,0,0,0,1.0080399971650378,-1.1222221670720576,0.79924,1.66413,2.92961,3.05274,2.30675,0.19185627731630908,-0.24776332176875734,-0.5196819209555537,0.07025356610729225,0.7917558884798798,-0.3641162980958024,-0.11001290069120637,3.3326951124066904,-0.8669128065047171,0.4150033169688831,-0.40387272380744554,-0.6357229432289523,2,-0.31632603250270985
2906,-0.020093002135880382,0,1,0,0,0,0,0,0,1.008091882819112,-1.1465935175043316,1.66176,2.39805,7.7323,1.88414,1.66413,-1.0802132181784048,-0.8724815717036646,-0.045257161464869015,0.6340875537304459,0.6279712603750794,-0.3641162980958024,-0.11001290069120637,-0.3870370918189913,2.4251778511622253,-0.5550231802386093,-0.40387272380744554,-0.6357229432289523,1,-0.31632603250270985
2909,1.103425526933843,0,1,0,0,0,0,0,0,1.0270146788711303,-1.144167447601561,2.43009,1.66176,2.92961,1.66413,2.39805,3.858024244383308,2.5154625332038822,2.1184685326824853,1.6919828418050655,1.3534833918552747,-0.3641162980958024,-0.11001290069120637,-0.3870370918189913,1.6021551867454897,-0.5550231802386093,-0.40387272380744554,-0.6357229432289523,2,-0.31632603250270985
2910,-0.3020994260835054,1,0,0,0,0,0,0,0,1.0551173920818528,-1.1540749281967828,5.50296,3.51865,4.01282,0.328102,0.419071,0.5486992894390311,-0.07839642104087476,-0.11778583255925264,-0.18445792119693902,-0.3859868676621556,-0.3641162980958024,-0.11001290069120637,1.4728290102938495,0.7791325223287542,-0.5550231802386093,-0.40387272380744554,-0.6357229432289523,2,-0.31632603250270985
2911,-0.8541182443411628,1,0,0,0,0,0,0,0,1.0714728962004894,-1.1489071368263146,0.211473,0.445307,4.01282,1.6937,0.639138,-1.5800263897911613,-1.2115129097233523,-0.7454834812894894,-0.7109692343851258,-0.7442305446275426,-0.3641162980958024,-0.11001290069120637,3.3326951124066904,1.6021551867454897,-0.5550231802386093,-0.40387272380744554,-0.6357229432289523,0,-0.31632603250270985
2912,-0.6938926058844921,1,0,0,0,0,0,0,0,1.0696737299681993,-1.1583410061049972,0.21326,0.211473,0.419071,4.01282,0.445307,1.15463101145665,0.3695329505383816,0.03164828703393397,-0.21875457937446233,-0.31749837715875223,-0.3641162980958024,-0.11001290069120637,1.4728290102938495,1.6021551867454897,-0.5550231802386093,-0.40387272380744554,-0.6357229432289523,1,-0.31632603250270985
2914,-0.7766871516892628,1,0,0,0,0,0,0,0,1.0604838076158494,-1.1646202849624416,5.50296,0.639138,1.68052,1.24974,2.89153,1.1771540796355955,0.526707386461746,0.2515094874271672,0.4561889329953518,0.18792999461631152,-0.3641162980958024,-0.11001290069120637,-0.3870370918189913,1.6021551867454897,-0.5550231802386093,0.9628281895925127,-0.6357229432289523,1,-0.31632603250270985
2916,1.1359952617433284,1,0,0,0,0,0,0,0,1.0510141424426662,-1.1607818866903563,1.68052,1.13923,0.419071,2.89153,1.24974,0.5486992894390311,0.1579923272138957,-0.17907069024774294,-0.3843793664590934,-0.00020355139148015998,-0.3641162980958024,-0.11001290069120637,-0.3870370918189913,0.7791325223287542,-0.5550231802386093,0.9628281895925127,-0.6357229432289523,2,-0.31632603250270985
2917,-0.5057458596635712,1,0,0,0,0,0,0,0,1.0423496460800017,-1.1650081347960632,2.89153,0.757289,5.50296,0.198049,1.24974,-0.28420010314019434,-0.6709539569880392,-0.2880681265812247,-0.39426221774129555,-0.42857783758946333,-0.3641162980958024,-0.11001290069120637,-0.3870370918189913,1.6021551867454897,-0.5550231802386093,2.329529102992471,-0.6357229432289523,0,-0.31632603250270985
2918,0.15351192371012748,1,0,0,0,0,0,0,0,1.0452458246059706,-1.1694193674784292,0.198049,1.13923,1.24974,0.757289,0.305973,-0.2973702220935116,-0.8127393450209421,-0.9003825943118766,-0.762743774238159,-0.8200458981546619,-0.3641162980958024,-0.11001290069120637,-0.3870370918189913,0.7791325223287542,-0.5550231802386093,3.696230016392429,-0.6357229432289523,0,-0.31632603250270985
2920,-0.6494413324933,1,0,0,0,0,0,0,0,1.0367671363654636,-1.1674303255887317,1.13923,2.89153,1.39531,1.55819,0.198049,-0.09522499867706326,-0.07820624227046921,-0.0018732000998826924,-0.2775226651680159,-0.45207647536177226,-0.3641162980958024,-0.11001290069120637,-0.3870370918189913,2.4251778511622253,-0.5550231802386093,0.9628281895925127,-0.6357229432289523,0,-0.31632603250270985
2921,-0.4094023493249666,1,0,0,0,0,0,0,0,1.0361183179285869,-1.1778985971749272,1.02985,0.150701,4.35197,0.305973,0.404643,-0.6754950369807603,-0.6963499019944868,-0.8959165044129628,-0.8953288366179833,-1.0850268958013438,-0.3641162980958024,-0.11001290069120637,-0.3870370918189913,0.7791325223287542,-0.5550231802386093,0.9628281895925127,1.764720691007243,0,-0.31632603250270985
2922,-0.5468972700073567,1,0,0,0,0,0,0,0,1.0378227168925718,-1.181543310921776,1.39531,0.150701,0.305973,0.404643,4.35197,-0.6754950369807603,-0.8790739892634869,-0.8273851294843008,-0.8727282534084165,-0.8906118026567453,-0.3641162980958024,-0.11001290069120637,-0.3870370918189913,1.6021551867454897,-0.5550231802386093,0.9628281895925127,0.5644988738891453,0,-0.31632603250270985
2923,-0.782115315416088,1,0,0,0,0,0,0,0,1.0297927773331896,-1.1826528126805753,0.452772,4.35197,0.162013,1.39531,1.02985,-0.5173646578945879,-0.8821279868689709,-0.721922453817381,-0.8730260696258713,-1.0847566020748145,-0.3641162980958024,-0.11001290069120637,-0.3870370918189913,2.4251778511622253,-0.5550231802386093,-0.40387272380744554,0.5644988738891453,0,-0.31632603250270985
2924,-0.8776544582714687,1,0,0,0,0,0,0,0,1.0421001319905203,-1.1787034296451258,0.305973,1.02985,1.39531,0.198049,1.24974,-1.3654871019083183,-0.8790739892634869,-1.0288765819767889,-1.227253205609807,-1.0728984256484917,-0.3641162980958024,-0.11001290069120637,-0.3870370918189913,-0.04389014208798146,-0.5550231802386093,3.696230016392429,0.5644988738891453,0,-0.31632603250270985
2925,0.025761211547613534,1,0,0,0,0,0,0,0,0.7544493857072965,-0.8617495920487812,3.0219,1.76572,1.14397,1.11042,2.37797,1.4437610314995242,0.5974202339959004,0.1200826744652903,-0.10787083749004013,-0.3731009814742914,2.077028990750787,-0.11001290069120637,-0.3870370918189913,-0.8669128065047171,1.3850298141763753,-0.40387272380744554,-0.6357229432289523,1,-0.31632603250270985
2927,-0.4357455725126778,1,0,0,0,0,0,0,0,0.74688081382662,-0.8729603918616052,1.22112,1.7266,1.11934,3.58912,0.290323,-0.3242023789752611,-0.34813431745871165,-0.5738594374421128,-0.6734897852874072,-0.7742132894739155,-0.3641162980958024,-0.11001290069120637,-0.3870370918189913,-0.04389014208798146,-0.5550231802386093,-0.40387272380744554,0.5644988738891453,3,-0.31632603250270985
2929,-0.47493685442447275,1,0,0,0,0,0,0,0,0.7429906182950353,-0.8764664683689949,0.290323,1.32529,1.11934,1.04568,1.7266,-0.5527438872203757,-0.8427524952588388,-0.7793271333181618,-0.9518308092807729,-0.9802348984589949,0.8564563463274925,-0.11001290069120637,-0.3870370918189913,-0.8669128065047171,-0.5550231802386093,-0.40387272380744554,0.5644988738891453,3,-0.31632603250270985
2930,-0.8251252736397262,1,0,0,0,0,0,0,0,0.7396976005363864,-0.87954273608975,1.04568,1.22112,0.483357,3.03623,1.11934,-1.0546831232315534,-1.0142240048008824,-0.9377571384869104,-1.0211671527744788,-0.9086277523327411,-0.3641162980958024,-0.11001290069120637,-0.3870370918189913,-0.04389014208798146,-0.5550231802386093,-0.40387272380744554,0.5644988738891453,3,-0.31632603250270985
2931,-0.5409416398579497,1,0,0,0,0,0,0,0,0.7375889887120758,-0.881553099196483,0.290323,0.483357,3.03623,1.22112,2.58978,-1.0546831232315534,-1.2811018518419333,-0.8926528278972167,-0.9518308092807729,-0.8167572875524862,0.8564563463274925,-0.11001290069120637,-0.3870370918189913,-0.04389014208798146,-0.5550231802386093,-0.40387272380744554,-0.6357229432289523,3,-0.31632603250270985
2932,-0.7525011984495428,1,0,0,0,0,0,0,0,0.7350584509761603,-0.8838006765381641,1.04568,0.290323,2.58978,3.03623,4.26522,-0.9084453436481316,-0.5912658037928775,-0.7440892445831367,-0.9290343287379516,-0.8965660931770427,0.8564563463274925,-0.11001290069120637,-0.3870370918189913,-0.8669128065047171,-0.5550231802386093,-0.40387272380744554,-0.6357229432289523,4,-0.31632603250270985
2935,-0.5039625566371537,1,0,0,0,0,0,0,0,0.7640426985585898,-0.8682111907333484,1.76572,1.11042,3.58912,3.29471,2.55197,-1.0524488249092527,-0.708964367005814,-0.046282730402898375,-0.3046946787955511,-0.4917355408588504,0.8564563463274925,-0.11001290069120637,-0.3870370918189913,-0.8669128065047171,0.4150033169688831,-0.40387272380744554,0.5644988738891453,2,-0.31632603250270985
2936,-0.27004511852005214,1,0,0,0,0,0,0,0,0.7618833855281262,-0.8701836397903276,1.11042,1.14397,3.58912,2.29805,3.29471,-1.0671160935458766,-1.3891456575416432,-0.6452775812776044,-0.35461166221205415,-0.5469134086103864,0.8564563463274925,-0.11001290069120637,-0.3870370918189913,-0.8669128065047171,0.4150033169688831,-0.40387272380744554,-0.6357229432289523,3,-0.31632603250270985
2937,-0.5165848808009315,1,0,0,0,0,0,0,0,0.7598801765645029,-0.8722349268141337,1.76572,3.58912,1.14397,2.29805,1.7266,-1.0671160935458766,-0.9271063345054472,-1.0398147072633517,-0.48289967385026866,-0.6519558522524921,-0.3641162980958024,-0.11001290069120637,-0.3870370918189913,-0.8669128065047171,1.3850298141763753,-0.40387272380744554,-0.6357229432289523,3,-0.31632603250270985
2938,0.4159622102499086,1,0,0,0,0,0,0,0,0.7558489199667626,-0.8750549747536973,1.11042,1.7266,1.76572,1.11934,1.32529,-0.43663128159105646,-0.7532867269415775,-0.6452775812776044,-0.6944964859250615,-0.9039306266572664,0.8564563463274925,-0.11001290069120637,-0.3870370918189913,-0.8669128065047171,0.4150033169688831,-0.40387272380744554,0.5644988738891453,2,-0.31632603250270985
2939,-0.2847630118520039,1,0,0,0,0,0,0,0,0.7514582508183889,-0.8785889604962331,1.11934,3.58912,1.32529,1.22112,3.46134,-0.9558724421779491,-0.7532867269415775,-0.7269354622411615,-0.7575636922012818,-0.7860183861892405,0.8564563463274925,-0.11001290069120637,-0.3870370918189913,-0.04389014208798146,-0.5550231802386093,-0.40387272380744554,0.5644988738891453,2,-0.31632603250270985
2940,-0.5132289603377154,1,0,0,0,0,0,0,0,0.7488506820083547,-0.8805326228081954,1.7266,1.22112,1.32529,3.03623,3.58912,-0.9558724421779491,-0.40855535711325563,-0.5738594374421128,-0.8140800915813415,-0.9229960067966136,0.8564563463274925,-0.11001290069120637,-0.3870370918189913,-0.04389014208798146,-0.5550231802386093,-0.40387272380744554,-0.6357229432289523,3,-0.31632603250270985
2941,0.20795157517059337,1,0,0,0,0,0,0,0,0.7425535278061431,-0.885798293354073,1.04568,0.290323,0.483357,2.58978,1.11934,0.08031470816429598,-0.41437272871569564,-0.6804485811566546,-0.8999544276158405,-1.0315283717594423,0.8564563463274925,-0.11001290069120637,-0.3870370918189913,-0.8669128065047171,-0.5550231802386093,-0.40387272380744554,0.5644988738891453,3,-0.31632603250270985
2942,0.03998625108956398,1,0,0,0,0,0,0,0,0.7365230544358332,-0.8906570604824563,0.483357,3.03623,2.00115,1.04568,0.290323,0.30867018225519044,-0.2566948275915003,-0.45936733859845497,-0.5774400750390632,-0.4157699589545132,-0.3641162980958024,-0.11001290069120637,-0.3870370918189913,-0.8669128065047171,-0.5550231802386093,-0.40387272380744554,-0.6357229432289523,5,-0.31632603250270985
2944,-0.18147063929864604,1,0,0,0,0,0,0,0,0.7439482692214693,-0.8952575096440119,0.239531,0.989947,2.58978,3.03623,0.337989,0.28055475507729655,-0.28941462008539526,-0.45936733859845497,-0.5039187937804664,-0.6831465833242923,0.8564563463274925,-0.11001290069120637,-0.3870370918189913,-0.8669128065047171,-0.5550231802386093,-0.40387272380744554,-0.6357229432289523,4,-0.31632603250270985
2946,-0.5619097469405078,1,0,0,0,0,0,0,0,0.7504248381731377,-0.8911644479217973,0.337989,2.00115,3.46134,3.03623,0.239531,0.19779127907390726,-0.28941462008539526,-0.3483896927467943,-0.5861459375080326,-0.6490190463734897,-0.3641162980958024,-0.11001290069120637,-0.3870370918189913,-0.8669128065047171,-0.5550231802386093,-0.40387272380744554,-0.6357229432289523,5,-0.31632603250270985
2947,0.36788827339007224,1,0,0,0,0,0,0,0,0.7578939080610361,-0.8857266015174764,1.96457,0.989947,1.7266,1.11934,2.29805,0.42947110894461765,0.08842608383224346,-0.24565861856433202,-0.43248069030377534,-0.6177723234848134,-0.3641162980958024,-0.11001290069120637,-0.3870370918189913,-0.8669128065047171,-0.5550231802386093,-0.40387272380744554,0.5644988738891453,4,-0.31632603250270985
2949,-0.06976965437388936,1,0,0,0,0,0,0,0,0.7666902822143008,-0.8794960249627557,3.29471,1.11042,3.46134,1.76572,3.58912,-0.26087919691725936,0.2858250946489989,-0.03655865403335326,-0.35461166221205415,-0.48947026354298184,0.8564563463274925,-0.11001290069120637,-0.3870370918189913,-0.8669128065047171,0.4150033169688831,-0.40387272380744554,-0.6357229432289523,3,-0.31632603250270985
2950,0.3051980237504218,1,0,0,0,0,0,0,0,0.7712296285262136,-0.8764137927804613,2.29805,1.14397,3.27212,1.76572,1.11042,-0.26087919691725936,0.5176406037327246,0.04045233089487449,-0.2801195106228647,-0.4316082480219324,-0.3641162980958024,-0.11001290069120637,-0.3870370918189913,-0.8669128065047171,2.355056311383868,-0.40387272380744554,-0.6357229432289523,2,-0.31632603250270985
2951,-0.7519662075416175,1,0,0,0,0,0,0,0,0.7589681639240791,-0.9001576153337083,2.76989,0.337989,1.4151,0.665924,1.34717,-0.8390426519566465,-0.7363803279750476,-0.7823329212393194,-0.5300198688862875,-0.7714245976842236,-0.3641162980958024,-0.11001290069120637,-0.3870370918189913,-0.8669128065047171,-0.5550231802386093,-0.40387272380744554,-0.6357229432289523,5,-0.31632603250270985
2952,-0.8071921677204825,1,0,0,0,0,0,0,0,0.7544699325031933,-0.8966353845536054,0.484779,0.989947,0.239531,2.76989,1.4151,-0.1824268991228573,-0.4511079261634671,-0.6354290341330823,-0.8727735692651277,-0.8543582439154817,-0.3641162980958024,-0.11001290069120637,-0.3870370918189913,-0.8669128065047171,-0.5550231802386093,-0.40387272380744554,-0.6357229432289523,5,-0.31632603250270985
2954,0.15028015725507984,0,0,0,0,0,1,0,0,-1.883286813282585,1.3636051662915665,3.67649,5.14485,2.98785,3.49462,2.99134,0.650084155602767,-0.09533092742870415,0.6697357302720783,0.6545209364086043,0.7080387079957665,-0.3641162980958024,-0.11001290069120637,-0.3870370918189913,-0.8669128065047171,-0.5550231802386093,0.9628281895925127,2.9649425081253407,1,-0.31632603250270985
2957,-0.3299136861558774,0,0,0,0,0,1,0,0,-1.864354965330247,1.3694558492040128,3.44046,1.83395,1.09168,3.20698,3.07007,0.22431117232733874,-0.19914008702383723,-0.35784833195324184,-0.4681876694392176,-0.6554564516881178,-0.3641162980958024,-0.11001290069120637,-0.3870370918189913,-0.04389014208798146,-0.5550231802386093,-0.40387272380744554,-0.6357229432289523,4,-0.31632603250270985
2958,0.3600327106914231,0,0,0,0,0,1,0,0,-1.8589743932092055,1.3650067384296833,1.60659,3.07007,1.09168,3.85597,1.83395,0.22431117232733874,-0.2740897658439759,-0.5986500201645859,-0.5837281128677119,-0.7027894320256866,-0.3641162980958024,-0.11001290069120637,-0.3870370918189913,-0.8669128065047171,-0.5550231802386093,-0.40387272380744554,-0.6357229432289523,5,-0.31632603250270985
2961,-0.0008867532965107863,0,0,0,0,0,1,0,0,-1.8576597003190016,1.3543711217963972,0.851907,3.07007,0.441018,2.99134,3.44046,-0.43030050612373266,-0.17372157701083496,-0.4325323165328944,-0.43678010466522116,-0.5520477048951791,-0.3641162980958024,-0.11001290069120637,-0.3870370918189913,-0.8669128065047171,-0.5550231802386093,-0.40387272380744554,-0.6357229432289523,5,-0.31632603250270985
2962,0.22068300437185215,0,0,0,0,0,1,0,0,-1.864022625391306,1.3593585773297538,3.44046,2.99134,2.48114,1.60659,0.851907,0.43372550193250115,-0.18183761506421703,-0.5757004788408685,-0.3997148816864694,-0.24444165204968196,-0.3641162980958024,-0.11001290069120637,-0.3870370918189913,-0.8669128065047171,-0.5550231802386093,-0.40387272380744554,-0.6357229432289523,5,-0.31632603250270985
2963,0.1910628678170321,0,0,0,0,0,1,0,0,-1.8680311999902224,1.3525831170275229,3.07007,2.48114,2.98785,2.16793,0.851907,0.5566814713198954,0.345819099901608,-0.015828713107106755,-0.2945220237010837,-0.056337969908128456,-0.3641162980958024,-0.11001290069120637,-0.3870370918189913,-0.8669128065047171,0.4150033169688831,-0.40387272380744554,0.5644988738891453,3,-0.31632603250270985
2965,-0.11872395601891907,0,0,0,0,0,1,0,0,-1.8678148807780828,1.3419244109035724,2.83957,4.48258,2.99134,2.98785,2.48114,1.4203036960655664,0.5252418711306965,0.03526081814924583,0.25155372080010574,0.2982746002408951,-0.3641162980958024,-0.11001290069120637,-0.3870370918189913,-0.04389014208798146,-0.5550231802386093,-0.40387272380744554,1.764720691007243,2,-0.31632603250270985
2967,0.1897498451245854,0,0,0,0,0,1,0,0,-1.878919062677694,1.3505891876853733,3.11658,3.67649,2.99134,2.83957,3.49462,0.6220456129584411,0.007019282311612732,-0.015828713107106755,-0.26281218815613383,-0.43964542936270906,-0.3641162980958024,-0.11001290069120637,-0.3870370918189913,-0.04389014208798146,-0.5550231802386093,-0.40387272380744554,2.9649425081253407,1,-0.31632603250270985
2968,0.4488329244731352,0,0,0,0,0,1,0,0,-1.8859557980650554,1.3559686442697876,3.49462,2.88294,2.98785,3.11658,5.14485,0.5960872954289473,-0.11175888235503416,-0.41897832202369534,-0.13825514908940592,0.2615616396488676,-0.3641162980958024,-0.11001290069120637,-0.3870370918189913,-0.8669128065047171,-0.5550231802386093,0.9628281895925127,2.9649425081253407,1,-0.31632603250270985
2969,0.3804090170017122,0,0,0,0,0,1,0,0,-1.890977484920627,1.349666283623738,3.67649,3.11658,2.29489,2.98785,5.11606,0.5960872954289473,-0.12623610496589557,-0.3299434292610083,-0.1619290359723438,-0.08835889325047415,2.077028990750787,-0.11001290069120637,-0.3870370918189913,-0.8669128065047171,-0.5550231802386093,-0.40387272380744554,2.9649425081253407,0,-0.31632603250270985
2970,0.2381811950382396,0,0,0,0,0,1,0,0,-1.8844458250667808,1.3445661489290892,2.83957,2.98785,3.49462,5.11606,2.29489,0.398279880295249,-0.13279581026147413,-0.5345253642361091,-0.642082894052876,-0.6158200947799879,2.077028990750787,-0.11001290069120637,-0.3870370918189913,-0.04389014208798146,-0.5550231802386093,-0.40387272380744554,1.764720691007243,0,-0.31632603250270985
2971,0.1339633107876272,0,0,0,0,0,1,0,0,-1.8786408541816917,1.339763328094478,3.11658,1.16751,5.11606,2.05924,2.16793,0.398279880295249,-0.040297129090094856,-0.19483897492862487,-0.3564100773958753,-0.6051588348984047,0.8564563463274925,-0.11001290069120637,-0.3870370918189913,0.7791325223287542,0.4150033169688831,-0.40387272380744554,0.5644988738891453,0,-0.31632603250270985
2973,-0.4951062373878146,0,0,0,0,0,1,0,0,-1.8819681439642881,1.3320426995556989,2.05924,5.11606,1.00484,1.29399,2.83957,-0.5864993464480068,-0.27394346900578537,-0.5348719137171596,-0.7565525095047301,-0.9584873046123278,2.077028990750787,-0.11001290069120637,-0.3870370918189913,0.7791325223287542,-0.5550231802386093,-0.40387272380744554,0.5644988738891453,0,-0.31632603250270985
2974,-0.1596157716183526,0,0,0,0,0,1,0,0,-1.8783956518394394,1.3294338616682593,1.16751,1.51615,0.533277,1.29399,0.84539,-0.5864993464480068,-0.8823871933553756,-0.35563314122908013,-0.6101335405550553,-0.6654832622980386,0.8564563463274925,-0.11001290069120637,-0.3870370918189913,0.7791325223287542,-0.5550231802386093,-0.40387272380744554,1.764720691007243,0,-0.31632603250270985
2976,-0.36393940887933646,0,0,0,0,0,1,0,0,-1.8744827582361006,1.3262054017406628,0.533277,2.05924,0.173846,0.84539,1.16751,-0.6754624840913721,-0.8823871933553756,-1.0857239576478472,-0.8077041428084881,-0.8201698486326457,2.077028990750787,-0.11001290069120637,-0.3870370918189913,1.6021551867454897,-0.5550231802386093,-0.40387272380744554,-0.6357229432289523,0,-0.31632603250270985
2977,-0.6162955983307672,0,0,0,0,0,1,0,0,-1.8788260135096162,1.3193985632025556,0.479082,0.860592,0.218531,0.189969,1.51615,-0.6301615272392348,-0.5497408715511677,-0.6541003084932179,-0.8208569936916482,-1.0257416521217302,-0.3641162980958024,-0.11001290069120637,-0.3870370918189913,0.7791325223287542,-0.5550231802386093,-0.40387272380744554,0.5644988738891453,2,-0.31632603250270985
2981,-0.6997364974265475,0,0,0,0,0,1,0,0,-1.8856686870327344,1.3134134881976385,1.10316,1.26841,0.218531,0.189969,1.39392,-1.2200852352917304,-0.9300608193756479,-1.1037751617459035,-1.01103915167861,-1.1006387290843958,-0.3641162980958024,-0.11001290069120637,-0.3870370918189913,-0.04389014208798146,-0.5550231802386093,-0.40387272380744554,1.764720691007243,2,-0.31632603250270985
2982,-0.5193162689806341,0,0,0,0,0,1,0,0,-1.8877288706745172,1.3146752923203204,0.623605,1.26841,1.39392,0.218531,2.77452,-1.2200852352917304,-1.4933600049229356,-1.121907098640294,-0.8853708906233739,-0.9422555740025299,-0.3641162980958024,-0.11001290069120637,1.4728290102938495,-0.8669128065047171,-0.5550231802386093,-0.40387272380744554,2.9649425081253407,1,-0.31632603250270985
2983,-0.4571452088296875,0,0,0,0,0,1,0,0,-1.8896585063758513,1.3162456552068003,1.10316,1.39392,0.623605,2.77452,0.47415,-1.1913483085314052,-1.390104376478545,-1.2315295912686763,-0.7920053024341068,-0.8047151796648231,-0.3641162980958024,-0.11001290069120637,1.4728290102938495,-0.04389014208798146,-0.5550231802386093,-0.40387272380744554,2.9649425081253407,0,-0.31632603250270985
2984,-0.447521392075308,0,0,0,0,0,1,0,0,-1.8868540985992917,1.3252384405697126,1.00484,2.07853,1.16751,1.39392,2.05924,-1.0174743233604022,-0.3754255116789791,-0.4858946564263453,-0.72743470535399,-0.8464294078386081,0.8564563463274925,-0.11001290069120637,-0.3870370918189913,0.7791325223287542,-0.5550231802386093,-0.40387272380744554,0.5644988738891453,1,-0.31632603250270985
2985,-0.5563066389294454,0,0,0,0,0,1,0,0,-1.8889076114868997,1.327444820960272,1.29399,2.07853,1.16751,5.11606,1.39392,-1.0174743233604022,-1.0669031837795584,-0.5348719137171596,-0.5930560539274295,-0.7468775772558717,0.8564563463274925,-0.11001290069120637,-0.3870370918189913,-0.04389014208798146,-0.5550231802386093,-0.40387272380744554,1.764720691007243,1,-0.31632603250270985
2986,0.9904340927726705,0,0,0,0,0,1,0,0,-1.8882258810957857,1.3364977097691426,1.16751,2.29489,2.07853,3.11658,1.00484,0.4339204900103506,-0.09645150167523722,-0.47196150366817435,-0.642082894052876,-0.830930125966771,2.077028990750787,-0.11001290069120637,-0.3870370918189913,-0.04389014208798146,-0.5550231802386093,-0.40387272380744554,0.5644988738891453,1,-0.31632603250270985
2987,-0.0709585230581676,0,0,0,0,0,1,0,0,-1.8949675313576537,1.3415482380826627,5.11606,3.49462,3.11658,2.07853,1.00484,0.6704862146806055,0.1096993586608855,-0.03413238059566507,0.01488886142443152,0.21742993163325655,2.077028990750787,-0.11001290069120637,-0.3870370918189913,-0.8669128065047171,-0.5550231802386093,-0.40387272380744554,1.764720691007243,1,-0.31632603250270985
2990,-0.15235840550451435,0,0,0,0,0,1,0,0,-1.8927812899684864,1.3294173043218753,1.00484,1.29399,5.11606,7.28684,1.16751,-0.6229560119579196,-0.3754255116789791,-0.47196150366817435,-0.6144808471766385,-0.5890063234044459,2.077028990750787,-0.11001290069120637,-0.3870370918189913,-0.04389014208798146,-0.5550231802386093,-0.40387272380744554,1.764720691007243,0,-0.31632603250270985
2991,1.8071342074744667,0,0,0,0,0,1,0,0,-1.90168235323176,1.3261911911126,2.07853,10.5486,1.00484,1.39392,0.47415,0.9518602818893801,0.6139362905610848,0.33355879226685364,0.0026855109017418213,-0.11330615586323667,0.8564563463274925,-0.11001290069120637,-0.3870370918189913,-0.8669128065047171,-0.5550231802386093,-0.40387272380744554,2.9649425081253407,1,-0.31632603250270985
2992,3.034287473180679,0,0,0,0,0,1,0,0,-1.9072583241935634,1.3165184890226798,0.47415,7.28684,2.16002,2.64945,3.18174,0.8056858646927394,0.6139362905610848,0.15481830240527705,0.02993692078599315,-0.23542695111136394,0.8564563463274925,-0.11001290069120637,-0.3870370918189913,-0.04389014208798146,-0.5550231802386093,-0.40387272380744554,2.9649425081253407,0,-0.31632603250270985
2993,-0.7559650952774385,0,0,0,0,0,1,0,0,-1.8989231808177491,1.3131727768809789,2.77452,3.18174,1.39392,10.5486,1.26841,-0.5457901744342716,-0.16318693194055436,-0.43733815820435884,-0.6987901771688448,-0.8047151796648231,-0.3641162980958024,-0.11001290069120637,-0.3870370918189913,-0.8669128065047171,-0.5550231802386093,-0.40387272380744554,5.365386142361536,0,-0.31632603250270985
2994,0.2626959682874722,0,0,0,0,0,1,0,0,-1.9007659645616417,1.3055389094012622,1.00189,2.77452,3.17223,0.47415,2.64945,0.21353144688780168,-0.3804666533556881,-0.6920298895978321,-0.8280715145703833,-0.7533295828308231,-0.3641162980958024,-0.11001290069120637,-0.3870370918189913,0.7791325223287542,-0.5550231802386093,-0.40387272380744554,2.9649425081253407,0,-0.31632603250270985
2995,0.10948992220778397,0,0,0,0,0,1,0,0,-1.8954000144259429,1.3103107924855406,0.47415,1.34886,3.18174,1.26841,1.10316,-0.5457901744342716,-0.5999282093855267,-0.7549711451282911,-0.7920053024341068,-0.9422555740025299,-0.3641162980958024,-0.11001290069120637,-0.3870370918189913,-0.04389014208798146,-0.5550231802386093,-0.40387272380744554,4.165164325243438,0,-0.31632603250270985
2996,-0.4268779665353235,0,0,0,0,0,1,0,0,-1.8905879455594699,1.306296820375391,2.77452,1.00189,0.623605,1.10316,3.18174,-0.0005601093046688614,-0.3889350056535419,-0.42689906227457863,-0.6452572240105855,-0.7429847090336226,-0.3641162980958024,-0.11001290069120637,1.4728290102938495,-0.04389014208798146,-0.5550231802386093,-0.40387272380744554,2.9649425081253407,0,-0.31632603250270985
2997,-0.5574165005176166,0,0,0,0,0,1,0,0,-1.8954257289671,1.3010961216296268,3.18174,1.34886,0.373362,2.77452,3.17223,0.21353144688780168,-0.3889350056535419,-0.31791948484243715,-0.5668411336680904,-0.7569397105002355,-0.3641162980958024,-0.11001290069120637,-0.3870370918189913,-0.04389014208798146,-0.5550231802386093,-0.40387272380744554,2.9649425081253407,1,-0.31632603250270985
2998,0.2591180755066219,0,0,0,0,0,1,0,0,-1.905453697314282,1.2997954214146732,2.64945,3.18174,1.00189,4.41397,0.373362,0.31044065555258793,-0.3078792359640307,-0.20951899094130305,-0.40709973981317477,-0.5631267968601262,-0.3641162980958024,-0.11001290069120637,-0.3870370918189913,-0.04389014208798146,-0.5550231802386093,-0.40387272380744554,1.764720691007243,2,-0.31632603250270985
2999,0.06243555311199643,0,0,0,0,0,1,0,0,-1.9108628589149108,1.3046068821195185,2.16002,3.17223,1.53078,3.18174,4.41397,-0.09544647183952913,-0.36658866844922966,-0.36770105901294114,-0.5075538836553584,-0.3500478297837221,0.8564563463274925,-0.11001290069120637,-0.3870370918189913,0.7791325223287542,-0.5550231802386093,-0.40387272380744554,0.5644988738891453,1,-0.31632603250270985
3000,-0.12169988997228673,0,0,0,0,0,1,0,0,-1.9154874901850012,1.3083809851767498,2.64945,1.53078,10.5486,2.90315,3.17223,-0.09544647183952913,-0.3768820659411983,0.15481830240527705,0.07284403039660224,-0.20304689181836666,-0.3641162980958024,-0.11001290069120637,-0.3870370918189913,2.4251778511622253,-0.5550231802386093,-0.40387272380744554,0.5644988738891453,0,-0.31632603250270985
3001,-0.3584352478505416,0,0,0,0,0,1,0,0,-1.9200086348048744,1.3028724889482162,2.90315,2.16002,0.666146,2.64945,1.63939,-0.05014088059774786,-0.3768820659411983,-0.5829759552263524,-0.6517679530798605,-0.3924168942120308,0.8564563463274925,-0.11001290069120637,-0.3870370918189913,2.4251778511622253,-0.5550231802386093,-0.40387272380744554,-0.6357229432289523,0,-0.31632603250270985
3002,0.15788364969472057,0,0,0,0,0,1,0,0,-1.921685094001061,1.2971936417852827,0.666146,1.53078,1.63939,4.41397,0.282941,-0.2031122817618023,-0.6371279713157091,-0.594242462064206,-0.6158956354268889,-0.6270189066532073,-0.3641162980958024,-0.11001290069120637,-0.3870370918189913,2.4251778511622253,-0.5550231802386093,-0.40387272380744554,-0.6357229432289523,1,-0.31632603250270985
3004,0.7262907970305942,0,0,0,0,0,1,0,0,-1.9132962984879665,1.2929398060159663,2.90315,2.10863,0.546873,3.17223,1.53078,0.9494073404657426,0.20076521987977622,-0.10846601814447406,-0.40709973981317477,-0.37127619552896346,-0.3641162980958024,-0.11001290069120637,-0.3870370918189913,1.6021551867454897,1.3850298141763753,-0.40387272380744554,-0.6357229432289523,0,-0.31632603250270985
3006,-0.7286049378955486,0,0,0,0,0,1,0,0,-1.9053807206917943,1.2862760019763018,0.337165,1.03514,0.373362,0.595283,4.41397,-0.8786336852242077,0.04301671708886396,-0.18981547669603574,-0.42498080270771743,-0.675630443730249,-0.3641162980958024,-0.11001290069120637,-0.3870370918189913,-0.04389014208798146,0.4150033169688831,-0.40387272380744554,0.5644988738891453,2,-0.31632603250270985
3007,-0.807502176516636,0,0,0,0,0,1,0,0,-1.905539945092932,1.282923479576945,0.546873,1.03514,2.10863,0.595283,0.889223,-0.8786336852242077,-0.5841388551585581,-0.14128380796958098,-0.12903817022259834,-0.3872445282553639,0.8564563463274925,-0.11001290069120637,-0.3870370918189913,-0.8669128065047171,2.355056311383868,-0.40387272380744554,0.5644988738891453,0,-0.31632603250270985
3008,-0.544907043633992,0,0,0,0,0,1,0,0,-1.9106771344690832,1.279175986305984,0.889223,0.337165,2.10863,0.546873,2.62513,-0.15610792218890276,-0.5841388551585581,-0.766369117279616,-0.6695552858642171,-0.6756506338115229,2.077028990750787,-0.11001290069120637,-0.3870370918189913,-0.04389014208798146,1.3850298141763753,-0.40387272380744554,-0.6357229432289523,0,-0.31632603250270985
3009,-0.5998045600276118,0,0,0,0,0,1,0,0,-1.9151011644144487,1.2754687581413533,0.456283,1.03514,0.288818,2.62513,2.10863,-0.17071732870068201,-0.7166335662637037,-0.9903517535432604,-0.8379393633998411,-0.9235517398428674,0.8564563463274925,-0.11001290069120637,-0.3870370918189913,-0.8669128065047171,1.3850298141763753,-0.40387272380744554,0.5644988738891453,1,-0.31632603250270985
3010,-0.1410340550624964,0,0,0,0,0,1,0,0,-1.9159464072843015,1.2839653862759806,2.62513,1.03514,0.889223,4.41397,0.337165,-0.05870265231746231,-0.3936114397917693,-0.4165881423138541,-0.5482882866420449,-0.7020363015079898,2.077028990750787,-0.11001290069120637,-0.3870370918189913,-0.04389014208798146,0.4150033169688831,-0.40387272380744554,-0.6357229432289523,1,-0.31632603250270985
3013,-0.6837315408765844,0,0,0,0,0,1,0,0,-1.9271404547167565,1.2989743332880352,1.63939,0.282941,2.90315,1.53078,1.26677,-0.6270452524989558,-0.7965601217432805,-1.0770448570306395,-0.8426199535501832,-0.7161991907313913,-0.3641162980958024,-0.11001290069120637,-0.3870370918189913,2.4251778511622253,-0.5550231802386093,-0.40387272380744554,-0.6357229432289523,1,-0.31632603250270985
3014,-0.8279025611800245,0,0,0,0,0,1,0,0,-1.9325944093211078,1.2978608430036962,1.63939,0.666146,0.409996,1.26677,2.90315,-0.8273673774447627,-0.7965601217432805,-1.0736213737132647,-1.1303376185203184,-0.6270189066532073,0.8564563463274925,-0.11001290069120637,-0.3870370918189913,1.6021551867454897,-0.5550231802386093,-0.40387272380744554,-0.6357229432289523,1,-0.31632603250270985
3015,-0.3175735301924823,0,0,0,0,0,1,0,0,-1.9297085086674546,1.2956264128454242,0.282941,0.666146,1.26677,0.409996,2.90315,-0.8273673774447627,-1.069971283985233,-1.0241457376290437,-1.0364271629333948,-1.0664960004383865,0.8564563463274925,-0.11001290069120637,-0.3870370918189913,1.6021551867454897,-0.5550231802386093,-0.40387272380744554,-0.6357229432289523,1,-0.31632603250270985
3016,-0.7801013869138912,0,0,0,0,0,1,0,0,-1.9366438891672246,1.293970475059202,1.26677,0.282941,1.36207,1.63939,1.39511,-0.9451115400660653,-0.7479521276969372,-1.0576522332550364,-1.0364271629333948,-0.877871914384149,0.8564563463274925,-0.11001290069120637,-0.3870370918189913,0.7791325223287542,-0.5550231802386093,-0.40387272380744554,-0.6357229432289523,2,-0.31632603250270985
3017,-0.45776221662785727,0,0,0,0,0,1,0,0,-1.9341889429791876,1.2918210742115592,0.409996,1.36207,1.63939,0.282941,1.39511,-0.9451115400660653,-0.7379345138410977,-1.0241457376290437,-1.1303376185203184,-1.266660693375465,2.077028990750787,-0.11001290069120637,-0.3870370918189913,0.7791325223287542,-0.5550231802386093,-0.40387272380744554,-0.6357229432289523,1,-0.31632603250270985
3018,0.02861675373548454,0,0,0,0,0,1,0,0,-1.9287146757936453,1.2871123898017918,1.39511,1.68297,1.26677,1.63939,2.62513,0.004079099381789843,-0.5897178798377902,-0.7483283595760055,-0.6891940925285474,-0.7551608190134972,2.077028990750787,-0.11001290069120637,-0.3870370918189913,-0.04389014208798146,-0.5550231802386093,-0.40387272380744554,-0.6357229432289523,2,-0.31632603250270985
3019,-0.40947759417840196,0,0,0,0,0,1,0,0,-1.9348793567015956,1.2853270552915834,1.36207,2.55956,1.68297,3.84337,1.26677,-0.18813946647751842,-0.5964474757426278,-0.8905978979674181,-1.080434627939276,-1.266660693375465,0.8564563463274925,-0.11001290069120637,-0.3870370918189913,-0.8669128065047171,-0.5550231802386093,-0.40387272380744554,-0.6357229432289523,4,-0.31632603250270985
3020,-0.4219080439659196,0,0,0,0,0,1,0,0,-1.939194009642192,1.2890017320656129,1.39511,1.26677,0.409996,3.84337,2.55956,-0.18813946647751842,-0.7379345138410977,-1.0576522332550364,-0.9433133470487324,-0.6690741532286272,3.2976016351740816,-0.11001290069120637,-0.3870370918189913,-0.8669128065047171,-0.5550231802386093,-0.40387272380744554,-0.6357229432289523,2,-0.31632603250270985
3021,0.5116172301795799,0,0,0,0,0,1,0,0,-1.9407702786299041,1.2819395097768311,1.39511,1.36207,3.02363,3.73822,1.68297,0.14399569145975522,-0.3130976797033047,-0.454154009412997,-0.7008424045297074,-0.6280958028471333,2.077028990750787,-0.11001290069120637,-0.3870370918189913,-0.04389014208798146,-0.5550231802386093,-0.40387272380744554,-0.6357229432289523,2,-0.31632603250270985
3022,-0.3011776766289225,0,0,0,0,0,1,0,0,-1.9298787497131096,1.2811247603907454,2.55956,1.39511,3.02363,2.62513,3.84337,0.013048472790114687,-0.5368790991329205,-0.7780460824662965,-0.7608103701516591,-0.6280958028471333,4.5181742795973765,-0.11001290069120637,-0.3870370918189913,-0.8669128065047171,-0.5550231802386093,-0.40387272380744554,-0.6357229432289523,1,-0.31632603250270985
3023,0.20321114940416704,0,0,0,0,0,1,0,0,-1.9345950090509716,1.2759232288199434,1.68297,3.19979,3.84337,3.73822,1.39511,0.2564754946981242,-0.3344755885630479,-0.454154009412997,-0.5652180213221818,-0.7741630392812215,2.077028990750787,-0.11001290069120637,-0.3870370918189913,-0.04389014208798146,-0.5550231802386093,-0.40387272380744554,-0.6357229432289523,2,-0.31632603250270985
3024,0.26948681631001137,0,0,0,0,0,1,0,0,-1.9294968464602742,1.270642408896307,1.33875,3.02363,0.288818,0.456283,1.68297,0.11207709666514837,-0.3344755885630479,-0.34462497514446255,-0.4324428774820226,-0.5894112368906779,0.8564563463274925,-0.11001290069120637,1.4728290102938495,-0.8669128065047171,-0.5550231802386093,-0.40387272380744554,0.5644988738891453,2,-0.31632603250270985
3025,0.053285778934259585,0,0,0,0,0,1,0,0,-1.9211734744595654,1.2807533088596879,2.10863,0.889223,1.68297,0.288818,2.55956,-0.05870265231746231,-0.17602338694149103,-0.49069738580093913,-0.6657243374765974,-0.7551608190134972,2.077028990750787,-0.11001290069120637,-0.3870370918189913,-0.8669128065047171,0.4150033169688831,-0.40387272380744554,0.5644988738891453,1,-0.31632603250270985
3027,-0.7626870942590842,0,0,0,0,0,1,0,0,-1.9189486489139045,1.2712909134887778,0.288818,0.889223,1.33875,2.62513,3.19979,-1.510667109167609,-0.7275948004277899,-0.7069168826588054,-0.4772550569605626,-0.6851599111606025,3.2976016351740816,-0.11001290069120637,1.4728290102938495,-0.8669128065047171,-0.5550231802386093,-0.40387272380744554,0.5644988738891453,0,-0.31632603250270985
3028,-0.8256914911618272,0,0,0,0,0,1,0,0,-1.9201811426012276,1.2721137767602428,0.456283,0.889223,1.33875,2.62513,3.19979,-1.510667109167609,-0.6519208899279376,-0.7343382715538433,-0.6657243374765974,-0.8656487193275442,3.2976016351740816,-0.11001290069120637,1.4728290102938495,-0.8669128065047171,-0.5550231802386093,-0.40387272380744554,-0.6357229432289523,1,-0.31632603250270985
3029,-0.4306815938764797,0,0,0,0,0,1,0,0,-1.924466377761286,1.2663403137962903,3.19979,0.288818,0.456283,0.889223,3.02363,0.11207709666514837,-0.3566716560440605,-0.7069168826588054,0.085168805384725,-0.07414741820433741,3.2976016351740816,-0.11001290069120637,-0.3870370918189913,-0.8669128065047171,-0.5550231802386093,-0.40387272380744554,0.5644988738891453,1,-0.31632603250270985
3033,-0.48187819215388256,0,0,0,0,0,1,0,0,-1.9464851984622429,1.2412031875458729,2.5481,3.91262,1.23692,3.38267,1.33875,2.953723516219801,3.0891864068651618,2.834472622398988,2.7688599322813157,3.1816276754817983,-0.3641162980958024,-0.11001290069120637,1.4728290102938495,0.7791325223287542,0.4150033169688831,-0.40387272380744554,-0.6357229432289523,1,-0.31632603250270985
3035,-0.4689925110030812,0,0,0,0,0,1,0,0,-1.9386347931193137,1.263871748972756,3.38267,3.19979,2.5481,3.73822,3.02363,1.2817080951856765,0.5972738223794998,0.11616227094028725,-0.1416524575761391,-0.22256898192625532,2.077028990750787,-0.11001290069120637,-0.3870370918189913,1.6021551867454897,-0.5550231802386093,-0.40387272380744554,-0.6357229432289523,0,-0.31632603250270985
3036,0.4720572484859519,0,0,0,0,0,1,0,0,-1.944216206640286,1.2740763616437725,3.38267,3.84337,3.02363,1.23692,3.19979,0.3441136161421887,0.002317300448064383,-0.2700755296472725,-0.1416524575761391,0.052669177284590446,2.077028990750787,-0.11001290069120637,-0.3870370918189913,-0.04389014208798146,0.4150033169688831,-0.40387272380744554,-0.6357229432289523,1,-0.31632603250270985
3037,0.3382907102912828,0,0,0,0,0,1,0,0,-1.9482613958070067,1.2680778241737107,3.73822,3.91262,1.23692,2.5481,3.02363,0.3441136161421887,-0.191216239726249,-0.11104990264966086,-0.07236856968864494,0.18918191918184665,0.8564563463274925,-0.11001290069120637,-0.3870370918189913,0.7791325223287542,0.4150033169688831,-0.40387272380744554,-0.6357229432289523,1,-0.31632603250270985
3038,0.537670760681565,0,0,0,0,0,1,0,0,-1.952577575826344,1.2615157715689103,2.5481,3.38267,1.23692,3.73822,1.20267,0.4063335830813333,-0.191216239726249,0.59710800792768,0.4876048199179032,1.224934678875297,-0.3641162980958024,-0.11001290069120637,-0.3870370918189913,1.6021551867454897,0.4150033169688831,-0.40387272380744554,-0.6357229432289523,1,-0.31632603250270985
3040,0.024305223633639763,0,0,0,0,0,1,0,0,-1.947173034926281,1.2562818145419494,3.91262,1.23692,3.38267,1.20267,3.73822,0.4063335830813333,0.624173694903489,0.285842743610463,0.5401380749250573,0.6962234799568872,-0.3641162980958024,-0.11001290069120637,-0.3870370918189913,0.7791325223287542,0.4150033169688831,-0.40387272380744554,-0.6357229432289523,2,-0.31632603250270985
3041,3.055506521849444,0,0,0,0,0,1,0,0,-1.8116330761061137,1.4245564665379828,0.782739,2.79731,0.642126,1.29314,0.0404277,0.6534170915008145,0.04977513245126701,-0.019737250462598024,-0.2794346223646823,-0.5376518156064231,-0.3641162980958024,-0.11001290069120637,-0.3870370918189913,-0.8669128065047171,-0.5550231802386093,-0.40387272380744554,0.5644988738891453,4,-0.31632603250270985
3042,-0.4478411827024082,0,0,0,0,0,1,0,0,-1.8004022252102432,1.4265656388471641,1.2497,1.62929,0.193223,0.782739,0.0924551,-0.5828578325302832,-0.5174492780799923,-0.8502749101113878,-0.8624684352758345,-0.8656625924790067,-0.3641162980958024,-0.11001290069120637,-0.3870370918189913,-0.04389014208798146,-0.5550231802386093,-0.40387272380744554,-0.6357229432289523,4,-0.31632603250270985
3043,-0.4641843648685632,0,0,0,0,0,1,0,0,-1.800357624626823,1.4223041724908034,1.29314,0.782739,0.0404277,0.642126,0.193223,-0.5828578325302832,-0.9586996000654238,-0.577597744770561,-0.39102733175779325,-0.6228681697415887,-0.3641162980958024,-0.11001290069120637,-0.3870370918189913,-0.8669128065047171,-0.5550231802386093,-0.40387272380744554,-0.6357229432289523,5,-0.31632603250270985
3044,-0.6398664248936535,0,0,0,0,0,1,0,0,-1.804571747160375,1.4200004381481621,0.0404277,1.2497,0.642126,0.354528,0.220641,-0.6017884629742247,-0.9586996000654238,-0.9702941309021902,-0.9381924683575135,-1.0859002119450512,-0.3641162980958024,-0.11001290069120637,-0.3870370918189913,-0.8669128065047171,-0.5550231802386093,-0.40387272380744554,-0.6357229432289523,5,-0.31632603250270985
3045,-0.6927684477741682,0,0,0,0,0,1,0,0,-1.8076775057407266,1.4148411873318298,0.220641,0.0404277,0.354528,0.782739,1.62603,-1.2065513555959742,-1.4006593504193698,-1.531239658528228,-1.1859969563799466,-0.9380969762904362,-0.3641162980958024,-0.11001290069120637,-0.3870370918189913,-0.8669128065047171,-0.5550231802386093,-0.40387272380744554,-0.6357229432289523,5,-0.31632603250270985
3046,-0.8513413330251317,0,0,0,0,0,1,0,0,-1.8066868981999895,1.4126815624934441,0.354528,0.642126,0.0404277,1.62603,0.782739,-1.4451439641992618,-1.5047666393230394,-1.4761494362750096,-0.9716569865856759,-1.0859002119450512,-0.3641162980958024,-0.11001290069120637,-0.3870370918189913,-0.8669128065047171,-0.5550231802386093,-0.40387272380744554,-0.6357229432289523,5,-0.31632603250270985
3047,-0.9191419497531231,0,0,0,0,0,1,0,0,-1.804907223723366,1.4158085738037263,0.642126,0.354528,0.220641,0.782739,1.2497,-1.0677945621852254,-1.3355892401736762,-1.4761494362750096,-1.5105821433868558,-1.0531033240897056,-0.3641162980958024,-0.11001290069120637,-0.3870370918189913,-0.8669128065047171,-0.5550231802386093,-0.40387272380744554,-0.6357229432289523,5,-0.31632603250270985
3048,-0.8009697945656473,0,0,0,0,0,1,0,0,-1.8049639180663322,1.4127668860245974,0.220641,0.0404277,0.642126,0.782739,1.62603,-1.4451439641992618,-1.3355892401736762,-1.531239658528228,-0.9381924683575135,-0.9769441860739866,-0.3641162980958024,-0.11001290069120637,-0.3870370918189913,-0.8669128065047171,-0.5550231802386093,-0.40387272380744554,-0.6357229432289523,5,-0.31632603250270985
3049,-0.3225998864019627,0,0,0,0,0,1,0,0,-1.8113213265105625,1.407117231482644,1.24519,0.220641,0.138641,0.354528,0.642126,-0.9493417705170882,-0.34996811213155804,-0.48838620225393126,-0.7539379050703016,-0.9380969762904362,0.8564563463274925,-0.11001290069120637,-0.3870370918189913,-0.8669128065047171,-0.5550231802386093,-0.40387272380744554,-0.6357229432289523,4,-0.31632603250270985
3050,-0.46588113631353006,0,0,0,0,0,1,0,0,-1.8089746515512959,1.4048822538161077,1.62603,0.138641,0.337643,0.220641,0.354528,-0.9493417705170882,-0.4052613069164351,-0.6460049572707114,-0.778656652222657,-0.8885046557895048,2.077028990750787,-0.11001290069120637,-0.3870370918189913,-0.8669128065047171,-0.5550231802386093,-0.40387272380744554,-0.6357229432289523,3,-0.31632603250270985
3052,-0.31940198013096094,0,0,0,0,0,1,0,0,-1.8196944476896095,1.4013226863420642,2.22276,0.911751,0.138641,0.337643,0.265968,-0.576905271526425,-0.6243404625621797,-0.7596597548612798,-0.7600061004962153,-0.9073197488553905,3.2976016351740816,-0.11001290069120637,-0.3870370918189913,-0.8669128065047171,-0.5550231802386093,-0.40387272380744554,-0.6357229432289523,2,-0.31632603250270985
3053,0.18988904810344087,0,0,0,0,0,1,0,0,-1.8191555487900306,1.4128099533059717,1.79833,3.32427,1.62603,2.22276,2.10335,-0.4742504865776041,0.192609536563759,-0.2528143872696358,-0.4213494255594926,-0.6200423038539077,0.8564563463274925,-0.11001290069120637,-0.3870370918189913,-0.04389014208798146,-0.5550231802386093,-0.40387272380744554,0.5644988738891453,2,-0.31632603250270985
3054,-0.25777644516742054,0,0,0,0,0,1,0,0,-1.8229172883382039,1.4157456307055862,2.98822,3.32427,2.10335,4.33362,3.57684,-0.4742504865776041,-0.9317826437186474,-0.016424960618442095,-0.2524045742430258,-0.4257657836436246,-0.3641162980958024,-0.11001290069120637,-0.3870370918189913,0.7791325223287542,-0.5550231802386093,-0.40387272380744554,0.5644988738891453,2,-0.31632603250270985
3055,0.3163192130881645,0,0,0,0,0,1,0,0,-1.8269540110915827,1.418505675390865,1.79833,3.57684,2.98822,4.33362,2.79731,-0.442863983241958,-0.4228253576050456,-0.2580512077027806,-0.44212516346349195,-0.5112744405092016,-0.3641162980958024,-0.11001290069120637,-0.3870370918189913,1.6021551867454897,-0.5550231802386093,-0.40387272380744554,0.5644988738891453,1,-0.31632603250270985
3056,0.4113421762489789,0,0,0,0,0,1,0,0,-1.8323523927298229,1.4229870170201544,3.32427,3.14895,3.28401,1.79833,1.22965,0.235486992447228,0.3643346006070957,0.1408085315027493,-0.14663610394337404,-0.33486883865500694,-0.3641162980958024,-0.11001290069120637,-0.3870370918189913,0.7791325223287542,-0.5550231802386093,-0.40387272380744554,0.5644988738891453,2,-0.31632603250270985
3057,-0.4717276614254557,0,0,0,0,0,1,0,0,-1.8270657611969716,1.4338863788230134,3.28401,2.79731,1.71666,3.57684,1.73638,-0.7022405010980117,0.11778025409895067,-0.019355334386235434,-0.046483633953410736,-0.16561333679727597,-0.3641162980958024,-0.11001290069120637,-0.3870370918189913,-0.8669128065047171,-0.5550231802386093,-0.40387272380744554,1.764720691007243,3,-0.31632603250270985
3058,0.30117242409163136,0,0,0,0,0,1,0,0,-1.824183118156392,1.4310855150177153,1.22965,2.79731,3.57684,1.73638,1.71666,-0.7022405010980117,-0.8365809879789986,0.1408085315027493,-0.14723069043076215,-0.3210593703128027,-0.3641162980958024,-0.11001290069120637,-0.3870370918189913,-0.8669128065047171,-0.5550231802386093,-0.40387272380744554,0.5644988738891453,4,-0.31632603250270985
3059,0.11806407325674058,0,0,0,0,0,1,0,0,-1.8203380043459543,1.4275152884167837,3.28401,10.605,1.22965,3.32427,1.73638,-0.3159768400175222,0.04977513245126701,-0.32293640624023007,-0.24085162671681995,-0.46779974415369785,-0.3641162980958024,-0.11001290069120637,-0.3870370918189913,-0.04389014208798146,-0.5550231802386093,-0.40387272380744554,0.5644988738891453,3,-0.31632603250270985
3060,-0.8485655503819021,0,0,0,0,0,1,0,0,-1.7920809689703587,1.4372939278964725,1.663,0.0924551,0.193223,0.965864,1.58598,-0.7026254166154684,-0.9792875850722043,-0.7866266212656922,-0.9683647208376959,-1.1525615276590102,-0.3641162980958024,-0.11001290069120637,-0.3870370918189913,-0.04389014208798146,-0.5550231802386093,-0.40387272380744554,-0.6357229432289523,4,-0.31632603250270985
3062,-0.8995679793150151,0,0,0,0,0,1,0,0,-1.7955038838939554,1.4341511576446708,0.193223,0.228019,1.58598,1.663,1.62929,-1.1888768312961182,-0.9792875850722043,-1.2585411211668331,-1.1364795622473554,-1.0615056513354848,-0.3641162980958024,-0.11001290069120637,-0.3870370918189913,0.7791325223287542,-0.5550231802386093,-0.40387272380744554,-0.6357229432289523,3,-0.31632603250270985
3063,-0.861656649982582,0,0,0,0,0,1,0,0,-1.796549602280827,1.431955168336146,0.0924551,1.58598,1.29314,1.62929,0.228019,-1.1888768312961182,-0.7574566685833721,-0.8502749101113878,-1.0752775762799842,-1.2212921879219876,-0.3641162980958024,-0.11001290069120637,-0.3870370918189913,-0.04389014208798146,-0.5550231802386093,-0.40387272380744554,-0.6357229432289523,4,-0.31632603250270985
3064,-0.3376676683023888,0,0,0,0,0,1,0,0,-1.7996890100822327,1.436480862939867,0.0924551,1.6934,0.193223,1.62929,1.663,-0.4820882226889001,-0.766074881333047,-1.0818628535472277,-1.2619551735842254,-1.3515822237160113,-0.3641162980958024,-0.11001290069120637,-0.3870370918189913,1.6021551867454897,-0.5550231802386093,-0.40387272380744554,-0.6357229432289523,2,-0.31632603250270985
3065,-0.2972536575222697,0,0,0,0,0,1,0,0,-1.8038480426732781,1.4401597859454487,1.58598,2.28263,1.10852,2.0469,1.62929,-0.2220045410834784,-0.7561854879118995,-0.7981582150108286,-0.8176128960937817,-1.0299122774718443,-0.3641162980958024,-0.11001290069120637,-0.3870370918189913,-0.04389014208798146,-0.5550231802386093,-0.40387272380744554,-0.6357229432289523,3,1.7381456473456194
3066,-0.3086908752444408,0,0,0,0,0,1,0,0,-1.7947205143081753,1.4402973284572156,0.228019,1.10852,1.58598,0.0924551,1.40834,-0.7026254166154684,-1.0195595805163802,-0.9485539877986712,-1.1364795622473554,-1.1967548821638796,-0.3641162980958024,-0.11001290069120637,-0.3870370918189913,-0.8669128065047171,-0.5550231802386093,-0.40387272380744554,0.5644988738891453,3,1.7381456473456194
3067,-0.4045001471236545,0,0,0,0,0,1,0,0,-1.7891944812787217,1.4448955868337698,0.965864,1.663,0.0564342,0.228019,1.10852,-0.5496157492955984,-0.3818043900495518,-0.668391644223452,-0.7822571401622955,-1.00043451895584,-0.3641162980958024,-0.11001290069120637,-0.3870370918189913,-0.04389014208798146,-0.5550231802386093,-0.40387272380744554,-0.6357229432289523,3,1.7381456473456194
3068,-0.5709703559669238,0,0,0,0,0,1,0,0,-1.7861176008635198,1.4416270339989778,1.40834,0.423775,0.0564342,0.228019,1.663,-0.5496157492955984,-0.8923453290496737,-1.178340320638503,-0.9683647208376959,-0.9820952575433097,-0.3641162980958024,-0.11001290069120637,-0.3870370918189913,-0.04389014208798146,-0.5550231802386093,-0.40387272380744554,0.5644988738891453,3,-0.31632603250270985
3070,-0.7749173927364638,0,0,0,0,0,1,0,0,-1.7820570510500071,1.4386299731299308,0.965864,0.0564342,0.757287,1.40834,0.228019,-0.3903009458041003,-0.7802175758720249,-0.3236759350948351,-0.5738747432874549,-0.7563593458657377,-0.3641162980958024,-0.11001290069120637,-0.3870370918189913,-0.8669128065047171,-0.5550231802386093,-0.40387272380744554,0.5644988738891453,4,-0.31632603250270985
3071,-0.9131199160205596,0,0,0,0,0,1,0,0,-1.7814440631877344,1.443907702419539,0.757287,0.965864,0.423775,1.90753,1.40834,-0.743365972959128,-0.8687199427844295,-1.1015990576062638,-1.0679739978979754,-1.1261579328496578,-0.3641162980958024,-0.11001290069120637,-0.3870370918189913,-0.8669128065047171,-0.5550231802386093,-0.40387272380744554,1.764720691007243,3,-0.31632603250270985
3073,-0.8821917229336197,0,0,0,0,0,1,0,0,-1.8127453033923773,1.399031487253293,0.337643,0.911751,0.265968,0.281994,1.24519,-1.5011902371826227,-0.8678675928442487,-1.1605786307314896,-1.2566586825189836,-1.2131206330501072,0.8564563463274925,-0.11001290069120637,-0.3870370918189913,-0.8669128065047171,-0.5550231802386093,-0.40387272380744554,-0.6357229432289523,4,-0.31632603250270985
3074,-0.8073223413169257,0,0,0,0,0,1,0,0,-1.8117718755633774,1.3979071491726325,0.138641,0.265968,0.281994,0.911751,1.24519,-1.5011902371826227,-0.997321268085955,-1.2528284137986216,-1.3252569371936915,-1.1081451515216287,0.8564563463274925,-0.11001290069120637,-0.3870370918189913,-0.8669128065047171,-0.5550231802386093,-0.40387272380744554,-0.6357229432289523,4,-0.31632603250270985
3075,-0.8342882156668143,0,0,0,0,0,1,0,0,-1.8144264842977957,1.3942543714106648,0.281994,0.911751,0.337643,0.138641,2.03482,-1.5060567379577936,-1.3703345146278052,-1.2898517804509484,-1.3546937161494403,-1.1164045615098148,2.077028990750787,-0.11001290069120637,-0.3870370918189913,-0.8669128065047171,-0.5550231802386093,-0.40387272380744554,-0.6357229432289523,3,-0.31632603250270985
3076,-0.8282588455610408,0,0,0,0,0,1,0,0,-1.813133470337775,1.3934915157398005,0.265968,0.911751,0.337643,0.138641,2.03482,-1.5060567379577936,-1.0196711342781604,-1.2528284137986216,-1.2566586825189836,-1.0110374361460501,2.077028990750787,-0.11001290069120637,-0.3870370918189913,-0.8669128065047171,-0.5550231802386093,-0.40387272380744554,-0.6357229432289523,3,-0.31632603250270985
3077,-0.5913289797366555,0,0,0,0,0,1,0,0,-1.81690204407181,1.3959874135605963,0.265968,0.281994,0.138641,0.337643,1.63453,-1.0273768640638339,-1.0196711342781604,-1.177601239716298,-1.3252569371936915,-1.3659708522843856,2.077028990750787,-0.11001290069120637,-0.3870370918189913,-0.04389014208798146,-0.5550231802386093,-0.40387272380744554,-0.6357229432289523,2,-0.31632603250270985
3078,-0.16880316822280722,0,0,0,0,0,1,0,0,-1.8206943141464966,1.3897633564886538,2.70107,0.911751,0.829175,0.265968,0.281994,0.1241514501218742,-0.3239307711372375,-0.6702699988080631,-0.9075987466681662,-1.0110374361460501,-0.3641162980958024,-0.11001290069120637,-0.3870370918189913,-0.8669128065047171,-0.5550231802386093,-0.40387272380744554,-0.6357229432289523,5,-0.31632603250270985
3083,-0.6223960748230372,0,0,0,0,0,1,0,0,-1.8246364214891422,1.383426673002495,0.950566,2.70107,2.03482,0.688656,0.360541,-0.4025857470854397,-0.8966161416064791,-0.6702699988080631,-0.9162225594411162,-1.0623178923289962,-0.3641162980958024,-0.11001290069120637,-0.3870370918189913,-0.04389014208798146,-0.5550231802386093,-0.40387272380744554,-0.6357229432289523,4,-0.31632603250270985
3084,-0.5767258348061925,0,0,0,0,0,1,0,0,-1.8262287482981345,1.378851227943521,0.360541,0.688656,0.829175,0.59493,0.698681,-1.0163819078807335,-1.0289522799966067,-1.206818373091659,-1.021831035413941,-1.097992630442655,-0.3641162980958024,-0.11001290069120637,-0.3870370918189913,1.6021551867454897,-0.5550231802386093,-0.40387272380744554,-0.6357229432289523,2,-0.31632603250270985
3085,0.25035957456674884,0,0,0,0,0,1,0,0,-1.8391110830830222,1.4152863346843747,4.33362,3.57684,3.32427,2.10335,1.79833,0.46674456036275197,0.3643346006070957,0.2913640187206736,0.32492901991833234,0.21941094633087166,-0.3641162980958024,-0.11001290069120637,-0.3870370918189913,0.7791325223287542,-0.5550231802386093,-0.40387272380744554,0.5644988738891453,2,-0.31632603250270985
3086,0.6960611771629478,0,0,0,0,0,1,0,0,-1.8330405864815649,1.410452313082175,2.10335,3.14895,3.32427,1.79833,2.22276,0.13959406263444388,-0.2493160263330786,-0.13123075917151217,-0.2524045742430258,-0.4617560293248168,0.8564563463274925,-0.11001290069120637,-0.3870370918189913,0.7791325223287542,-0.5550231802386093,-0.40387272380744554,0.5644988738891453,1,-0.31632603250270985
3087,-0.14302051919318925,0,0,0,0,0,1,0,0,-1.8277084195750117,1.4063508734845842,2.22276,4.33362,1.63453,2.98822,1.79833,-0.4157288624311267,-0.494772486840633,-0.3061771307586794,-0.36069471023153216,-0.6015723463477776,0.8564563463274925,-0.11001290069120637,-0.3870370918189913,2.4251778511622253,-0.5550231802386093,-0.40387272380744554,-0.6357229432289523,0,-0.31632603250270985
3088,-0.09809557944962165,0,0,0,0,0,1,0,0,-1.823489600012203,1.4036903883329317,1.63453,2.10335,0.911751,2.98822,0.138641,-0.576905271526425,-0.9114235406271921,-0.1303577637905622,-0.4213494255594926,-0.48198895980943723,0.8564563463274925,-0.11001290069120637,-0.3870370918189913,0.7791325223287542,-0.5550231802386093,-0.40387272380744554,0.5644988738891453,1,-0.31632603250270985
3089,0.08185624978365681,0,0,0,0,0,1,0,0,-1.8271526913449156,1.3876432327835422,5.40598,0.829175,2.03482,0.950566,5.36424,-0.5141256123756529,-0.8966161416064791,-0.8641335051528876,-0.6384001778682997,-0.6439389801509408,-0.3641162980958024,-0.11001290069120637,-0.3870370918189913,-0.8669128065047171,-0.5550231802386093,-0.40387272380744554,-0.6357229432289523,5,-0.31632603250270985
3090,1.0995090323125338,0,0,0,0,0,1,0,0,-1.830247357030202,1.3910415387012296,2.70107,5.36424,2.03482,0.829175,1.16225,-0.5141256123756529,-0.6673975869564109,-0.3037288542663633,-0.5580856119053991,-0.5401476546712011,-0.3641162980958024,-0.11001290069120637,-0.3870370918189913,-0.8669128065047171,-0.5550231802386093,-0.40387272380744554,-0.6357229432289523,5,-0.31632603250270985
3091,1.0838054314005792,0,0,0,0,0,1,0,0,-1.8352333523535014,1.3944102581133166,5.40598,1.16225,2.70107,2.10335,1.81959,-0.09048497992364601,-0.6165750002494657,-0.06907915937435322,0.3110966817427003,0.02412394152748107,-0.3641162980958024,-0.11001290069120637,-0.3870370918189913,-0.8669128065047171,-0.5550231802386093,-0.40387272380744554,0.5644988738891453,4,-0.31632603250270985
3094,-0.2342022325861297,0,0,0,0,0,1,0,0,-1.852002552518317,1.4013558585922852,0.963362,1.16225,1.81959,5.36424,3.47869,0.8883985194599956,1.0516018033494412,0.9492333987003757,0.9402109092680229,0.6553678239859249,-0.3641162980958024,-0.11001290069120637,-0.3870370918189913,0.7791325223287542,-0.5550231802386093,-0.40387272380744554,-0.6357229432289523,3,-0.31632603250270985
3095,-0.497085177033164,0,0,0,0,0,1,0,0,-1.841475093988163,1.3932517630544483,5.36424,1.81959,5.40598,1.86099,7.11928,-0.02274736771072354,0.06735999963331671,0.05991501812722697,0.1057806742695482,-0.18879616419710663,-0.3641162980958024,-0.11001290069120637,-0.3870370918189913,-0.8669128065047171,-0.5550231802386093,-0.40387272380744554,-0.6357229432289523,5,-0.31632603250270985
3099,1.9209119503540386,0,0,0,1,0,0,0,0,0.06154756674395916,-0.1945398402514287,6.19788,3.97294,2.80126,1.96695,2.05948,1.1779219269677117,0.5020634822344939,1.1715339021737792,0.798895073689914,0.6155171658173345,-0.3641162980958024,-0.11001290069120637,-0.3870370918189913,1.6021551867454897,0.4150033169688831,-0.40387272380744554,-0.6357229432289523,1,-0.31632603250270985
3100,1.3974410294897477,0,0,0,1,0,0,0,0,0.05197229620279295,-0.19810936454554873,1.96695,2.80126,7.58926,2.21609,1.29942,0.4650264042614325,-0.23097814585544224,-0.1785711438648438,-0.24398033675396794,-0.37221849387473166,-0.3641162980958024,-0.11001290069120637,-0.3870370918189913,2.4251778511622253,-0.5550231802386093,-0.40387272380744554,-0.6357229432289523,1,-0.31632603250270985
3101,0.11955015911208851,0,0,0,1,0,0,0,0,0.04856707175433902,-0.20495341493353547,1.29942,6.19788,1.96695,2.21609,1.9892,-0.5264957407888071,-0.23097814585544224,-0.27655637965694424,-0.5083605265165403,-0.37606871580794743,-0.3641162980958024,-0.11001290069120637,-0.3870370918189913,3.248200515578961,-0.5550231802386093,-0.40387272380744554,-0.6357229432289523,0,-0.31632603250270985
3102,-0.19433750923608853,0,0,0,1,0,0,0,0,0.044129589697954066,-0.196754151043989,2.21609,6.19788,2.80126,2.05948,1.29942,-0.5551691925574729,-0.250605134918142,-0.27655637965694424,-0.29673182573254386,-0.46877666907345394,-0.3641162980958024,-0.11001290069120637,-0.3870370918189913,2.4251778511622253,0.4150033169688831,-0.40387272380744554,-0.6357229432289523,0,-0.31632603250270985
3103,-0.10060499531169018,0,0,0,1,0,0,0,0,0.04037621127524,-0.19930933701501663,1.96695,2.80126,1.29942,6.19788,2.05948,-0.5551691925574729,0.25270469574701965,-0.17868206710243342,-0.24398033675396794,-0.007759732853910044,-0.3641162980958024,-0.11001290069120637,-0.3870370918189913,2.4251778511622253,0.4150033169688831,-0.40387272380744554,-0.6357229432289523,0,-0.31632603250270985
3105,-0.15952547779423012,0,0,0,1,0,0,0,0,0.0451105245967038,-0.1861449650374013,7.04743,1.73261,3.24434,1.96695,6.19788,0.5183644066979382,0.259676313831293,-0.03515532564131999,-0.29673182573254386,-0.06066876845299909,-0.3641162980958024,-0.11001290069120637,-0.3870370918189913,0.7791325223287542,2.355056311383868,-0.40387272380744554,-0.6357229432289523,0,-0.31632603250270985
3107,0.4587464339132409,0,0,1,0,0,0,0,0,0.010799372550895124,-0.19802549992284502,5.82432,3.12867,0.589838,0.362773,3.21527,1.9151113208262358,0.8611513103238535,1.1081114816223496,0.8116987614282862,0.8716682549353417,-0.3641162980958024,-0.11001290069120637,-0.3870370918189913,1.6021551867454897,-0.5550231802386093,-0.40387272380744554,-0.6357229432289523,1,1.7381456473456194
3108,1.2568986922432268,0,0,1,0,0,0,0,0,0.018808856107056404,-0.20727716108263702,3.79321,3.70284,0.362773,0.589838,3.21527,1.588352674440016,0.8373733750549164,0.5175824599639786,0.16162991879547323,-0.1251434573184033,-0.3641162980958024,-0.11001290069120637,-0.3870370918189913,1.6021551867454897,-0.5550231802386093,-0.40387272380744554,-0.6357229432289523,2,-0.31632603250270985
3109,-0.7124404622563025,0,0,1,0,0,0,0,0,0.0063404316934582575,-0.21317098446513552,0.362773,3.21527,0.567481,2.74536,0.617824,-1.5559792152821148,-0.9235752386057523,-0.7495047579367755,-0.8759149996149973,-0.7896130107113526,-0.3641162980958024,-0.11001290069120637,-0.3870370918189913,2.4251778511622253,-0.5550231802386093,-0.40387272380744554,-0.6357229432289523,1,-0.31632603250270985
3110,-0.7978678254827756,0,0,1,0,0,0,0,0,0.007151559592497611,-0.21420291127479857,0.589838,3.21527,2.74536,0.567481,0.617824,-1.5559792152821148,-1.2374967248081221,-0.8813138390864704,-0.9434958627867809,-0.9970605936957831,-0.3641162980958024,-0.11001290069120637,-0.3870370918189913,2.4251778511622253,-0.5550231802386093,-0.40387272380744554,-0.6357229432289523,1,-0.31632603250270985
3111,-0.7208517081975716,0,0,1,0,0,0,0,0,-7.893864893916192e-05,-0.21668832935711427,0.589838,0.362773,3.21527,2.74536,0.617824,0.30034605536131154,-0.3133351027829357,-0.36558887730796585,-0.5250357017669055,-0.5916410047073156,-0.3641162980958024,-0.11001290069120637,-0.3870370918189913,2.4251778511622253,-0.5550231802386093,-0.40387272380744554,-0.6357229432289523,1,-0.31632603250270985
3112,0.27531076796590626,0,0,1,0,0,0,0,0,0.009280979366495338,-0.2170086528567008,2.74536,0.362773,0.589838,0.617824,0.567481,-0.9209544183762993,-1.2374967248081221,-1.2259058811110486,-1.3639894837722073,-0.8825166992233882,-0.3641162980958024,-0.11001290069120637,-0.3870370918189913,2.4251778511622253,-0.5550231802386093,-0.40387272380744554,-0.6357229432289523,1,-0.31632603250270985
3113,0.09851922257691192,0,0,1,0,0,0,0,0,0.009256498664894837,-0.22023482160232163,0.617824,3.21527,0.362773,0.589838,0.567481,-1.39547231585157,-1.2904872363310942,-0.8813138390864704,-0.8759149996149973,-0.7691958301569805,-0.3641162980958024,-0.11001290069120637,-0.3870370918189913,2.4251778511622253,-0.5550231802386093,-0.40387272380744554,-0.6357229432289523,1,-0.31632603250270985
3114,0.4927458209379976,0,0,1,0,0,0,0,0,0.022733084896610373,-0.21755027614443082,5.82432,3.21527,2.74536,0.617824,0.362773,1.588352674440016,1.0091399838887996,0.5123288248204715,0.1654499177537296,0.177439567289165,-0.3641162980958024,-0.11001290069120637,-0.3870370918189913,1.6021551867454897,-0.5550231802386093,-0.40387272380744554,-0.6357229432289523,2,-0.31632603250270985
3116,-0.7019114499150958,0,0,1,0,0,0,0,0,0.009570127383748604,-0.2219833476109554,2.74536,3.21527,0.362773,0.589838,0.567481,-1.39547231585157,-0.8603284279995812,-0.5079465877139148,-0.5475318490577464,-0.5916410047073156,-0.3641162980958024,-0.11001290069120637,-0.3870370918189913,3.248200515578961,-0.5550231802386093,-0.40387272380744554,-0.6357229432289523,0,-0.31632603250270985
3120,-0.6565907222424585,1,0,0,0,0,0,0,0,0.03891155706851294,-0.24390236789440847,1.14845,1.10487,1.91256,2.21404,0.413216,-0.005095541049874534,-0.4901632981429361,-0.41815827592454946,-0.34609659417894617,-0.5471649634861175,-0.3641162980958024,-0.11001290069120637,-0.3870370918189913,1.6021551867454897,-0.5550231802386093,-0.40387272380744554,0.5644988738891453,1,-0.31632603250270985
3121,-0.2148003471278282,1,0,0,0,0,0,0,0,0.03641938994086314,-0.25210282254044253,1.14845,0.738286,1.38573,2.21404,3.21496,0.7461569010153285,0.007965005875234658,-0.3408026742023509,-0.011497834167004834,-0.20019374431192896,-0.3641162980958024,-0.11001290069120637,-0.3870370918189913,-0.04389014208798146,-0.5550231802386093,-0.40387272380744554,0.5644988738891453,3,-0.31632603250270985
3122,-0.518672925483762,1,0,0,0,0,0,0,0,0.04530441601266607,-0.2413923081919319,0.413216,1.14845,0.738286,2.21404,1.91256,-0.2514210538025901,-0.5134598539839578,-0.8500901726194348,-0.8193921900495932,-0.06372962896773998,-0.3641162980958024,-0.11001290069120637,-0.3870370918189913,0.7791325223287542,-0.5550231802386093,-0.40387272380744554,0.5644988738891453,2,-0.31632603250270985
3123,-0.7788899447735824,1,0,0,0,0,0,0,0,0.050370643885310866,-0.24369954204095923,2.21404,1.10487,1.14845,0.738286,3.34164,-0.32616509066628496,-0.7881456809883942,-0.6986865048822941,-0.2803966799176704,0.16196626374850512,-0.3641162980958024,-0.11001290069120637,-0.3870370918189913,0.7791325223287542,0.4150033169688831,-0.40387272380744554,0.5644988738891453,1,-0.31632603250270985
3125,-0.5022770719202022,1,0,0,0,0,0,0,0,0.043945772124183664,-0.24766236114364312,2.21404,0.738286,1.10487,0.413216,1.91256,-0.4520079706192349,-0.6033310806352483,-0.8702908427473939,-0.945203163510088,-0.9580545326027697,-0.3641162980958024,-0.11001290069120637,-0.3870370918189913,1.6021551867454897,-0.5550231802386093,-0.40387272380744554,-0.6357229432289523,2,-0.31632603250270985
3126,0.568746885150359,0,0,0,0,0,0,0,1,-1.9938625666038887,1.2706425951913312,4.33685,2.06707,1.83265,2.81538,1.7149,-0.23203222885879654,0.21990442833296384,0.22746465176221067,-0.051007119918287235,-0.11959059939887809,-0.3641162980958024,-0.11001290069120637,-0.3870370918189913,-0.04389014208798146,2.355056311383868,-0.40387272380744554,-0.6357229432289523,1,-0.31632603250270985
3127,0.6972763815459286,0,0,0,0,0,0,0,1,-1.9915141402776124,1.2657837221073962,3.99522,1.7149,2.06707,5.86695,1.58271,-0.23203222885879654,0.18955498297245638,-0.19052612464403829,0.2768053745066421,0.17132509615923647,-0.3641162980958024,-0.11001290069120637,-0.3870370918189913,0.7791325223287542,2.355056311383868,-0.40387272380744554,-0.6357229432289523,0,-0.31632603250270985
3128,-0.1566699356063591,0,0,0,0,0,0,0,1,-2.0016775125603186,1.2647840583572756,1.7149,3.99522,4.33685,9.91648,1.42959,0.938799260167692,0.21990442833296384,-0.19052612464403829,-0.3967230673379703,-0.05431390710708757,-0.3641162980958024,-0.11001290069120637,-0.3870370918189913,0.7791325223287542,1.3850298141763753,0.9628281895925127,-0.6357229432289523,0,-0.31632603250270985
3129,-0.06262139329753237,0,0,0,0,0,0,0,1,-2.050251590607692,1.239395308537279,7.10855,1.4755,4.82975,3.44555,8.73261,1.47656139907245,0.5620969506093575,1.1586520364845099,0.9512547481279607,1.044819003454298,-0.3641162980958024,-0.11001290069120637,-0.3870370918189913,-0.04389014208798146,0.4150033169688831,0.9628281895925127,-0.6357229432289523,2,-0.31632603250270985
3130,-0.3792329253400685,0,0,0,0,0,0,0,1,-2.061733757429676,1.2390882745670793,2.31705,4.82975,7.10855,3.44555,1.43219,1.5482160307857364,2.746514100698398,2.23648763799224,2.4922397222212522,2.6589643459096424,-0.3641162980958024,-0.11001290069120637,-0.3870370918189913,-0.04389014208798146,0.4150033169688831,0.9628281895925127,0.5644988738891453,1,-0.31632603250270985
3133,0.3619476922113525,0,0,0,0,0,0,0,1,-2.038335966853646,1.2262344862270662,7.10855,8.73261,2.31705,1.80795,4.03062,1.2415176022450367,0.8066694525491913,1.4404568056143001,1.2913873911096727,1.281771402119633,-0.3641162980958024,-0.11001290069120637,-0.3870370918189913,-0.8669128065047171,2.355056311383868,-0.40387272380744554,-0.6357229432289523,2,-0.31632603250270985
3134,1.7400571828795361,0,0,0,0,0,0,0,1,-2.039590384883289,1.236012596724554,8.73261,3.44555,2.31705,4.03062,1.80795,1.1477732323858325,0.3319853926702076,0.01571782718581447,1.1879347837161534,0.9163217819729058,-0.3641162980958024,-0.11001290069120637,-0.3870370918189913,-0.04389014208798146,2.355056311383868,-0.40387272380744554,-0.6357229432289523,1,-0.31632603250270985
3135,2.3510679662304974,0,0,0,0,0,0,0,1,-2.029517701498713,1.234620885522678,7.10855,1.80795,4.03062,3.44555,7.54383,1.1477732323858325,0.30481518424298615,-0.12368204187505114,-0.08250771305890406,0.9136140188791193,-0.3641162980958024,-0.11001290069120637,-0.3870370918189913,-0.04389014208798146,1.3850298141763753,0.9628281895925127,-0.6357229432289523,1,-0.31632603250270985
3136,-0.2541571677171809,0,0,0,0,0,0,0,1,-2.0193076803224375,1.2329235909271359,4.03062,8.73261,7.54383,3.44555,7.10855,0.08691429178190797,0.30481518424298615,1.413334678042713,1.2913873911096727,0.9163217819729058,-0.3641162980958024,-0.11001290069120637,-0.3870370918189913,-0.04389014208798146,0.4150033169688831,0.9628281895925127,-0.6357229432289523,2,-0.31632603250270985
3137,0.5820652242084134,0,0,0,0,0,0,0,1,-2.0201495383169275,1.239186732917283,1.80795,8.73261,7.54383,1.94837,7.10855,0.08691429178190797,0.3475716618392268,0.1371163132854669,0.853687280830112,0.7854716084162569,-0.3641162980958024,-0.11001290069120637,-0.3870370918189913,-0.8669128065047171,0.4150033169688831,2.329529102992471,-0.6357229432289523,2,-0.31632603250270985
3138,-0.28916483577797103,0,0,0,0,0,0,0,1,-1.996086532603082,1.257571315700314,2.06707,4.33685,3.99522,9.91648,7.54383,0.938799260167692,0.18955498297245638,0.5825927196267562,0.5008304677932383,1.2270695648470957,-0.3641162980958024,-0.11001290069120637,-0.3870370918189913,-0.04389014208798146,1.3850298141763753,2.329529102992471,-0.6357229432289523,0,-0.31632603250270985
3140,-0.33889792165605653,0,0,0,0,0,0,0,1,-1.9802729604763967,1.2763527952448936,5.86695,3.34794,3.07039,1.62036,0.704807,-0.17184479894091753,0.3496866239810217,0.22129368860788529,0.011542347808473316,-0.05483357966508261,-0.3641162980958024,-0.11001290069120637,-0.3870370918189913,-0.04389014208798146,0.4150033169688831,-0.40387272380744554,0.5644988738891453,2,-0.31632603250270985
3141,1.2729371327529688,0,0,0,0,0,0,0,1,-1.978128536642737,1.2712129312396336,1.58271,3.34794,4.33685,3.99522,2.16875,-0.17184479894091753,0.46433926277422616,0.6796996820330524,0.48294424689765714,0.4287374745343066,-0.3641162980958024,-0.11001290069120637,-0.3870370918189913,0.7791325223287542,1.3850298141763753,-0.40387272380744554,0.5644988738891453,0,-0.31632603250270985
3142,0.3252244414922366,0,0,0,0,0,0,0,1,-1.969882275700092,1.2781372032005847,2.16875,1.58271,5.86695,1.92552,0.704807,0.010401833824492447,0.3496866239810217,-0.02243171954338546,0.22433600606853282,0.0008562534257314214,-0.3641162980958024,-0.11001290069120637,-0.3870370918189913,0.7791325223287542,2.355056311383868,-0.40387272380744554,-0.6357229432289523,0,-0.31632603250270985
3143,-0.11841545211983416,0,0,0,0,0,0,0,1,-1.965552796788547,1.282655254964555,3.34794,1.92552,2.69259,0.704807,1.58271,0.010401833824492447,-0.2813842664703124,0.21726981779948148,0.2801405520171142,0.21497748453832552,-0.3641162980958024,-0.11001290069120637,-0.3870370918189913,0.7791325223287542,0.4150033169688831,-0.40387272380744554,0.5644988738891453,1,-0.31632603250270985
3144,-0.20992448062521846,0,0,0,0,0,0,0,1,-1.9607387979268143,1.2884438162625271,2.16875,2.69259,3.34794,0.704807,1.62036,0.42400320941002745,0.7553324250500476,0.6205159280401062,0.7638884882611303,0.853562242363581,-0.3641162980958024,-0.11001290069120637,-0.3870370918189913,-0.04389014208798146,0.4150033169688831,-0.40387272380744554,0.5644988738891453,2,-0.31632603250270985
3145,0.07866586799799853,0,0,0,0,0,0,0,1,-1.972392102543379,1.292214828551645,0.704807,1.62036,2.16875,1.92552,3.34794,-0.07935869403043011,0.0638122696099479,0.21726981779948148,-0.1219723492593431,0.05757971724627667,-0.3641162980958024,-0.11001290069120637,-0.3870370918189913,-0.04389014208798146,1.3850298141763753,-0.40387272380744554,0.5644988738891453,1,-0.31632603250270985
3146,-0.6691863344832667,0,0,0,0,0,0,0,1,-1.9780118179997739,1.2898021205964767,1.62036,2.69259,3.07039,1.58271,2.16875,-1.0108668069535938,-0.6590496896647736,-0.22641428667087457,0.2620660414579248,-0.038429413176133576,-0.3641162980958024,-0.11001290069120637,-0.3870370918189913,-0.04389014208798146,0.4150033169688831,-0.40387272380744554,-0.6357229432289523,3,-0.31632603250270985
3147,-0.3247330779968545,0,0,0,0,0,0,0,1,-1.9808926607355204,1.2886247604471075,0.704807,3.07039,2.69259,1.58271,2.81538,-1.0108668069535938,-0.49372470143954333,-0.3697325704274488,0.011542347808473316,0.11643939623822211,-0.3641162980958024,-0.11001290069120637,-0.3870370918189913,1.6021551867454897,-0.5550231802386093,-0.40387272380744554,-0.6357229432289523,2,-0.31632603250270985
3148,0.22080339613734878,0,0,0,0,0,0,0,1,-1.9871545794544334,1.2859084680971626,1.62036,2.81538,0.704807,1.58271,2.69259,0.1409905771721755,-0.0867583695939155,-0.22641428667087457,-0.12959454676447726,0.2214725492006759,-0.3641162980958024,-0.11001290069120637,-0.3870370918189913,1.6021551867454897,-0.5550231802386093,-0.40387272380744554,-0.6357229432289523,2,-0.31632603250270985
3149,0.1248624457646233,0,0,0,0,0,0,0,1,-1.9950459323832557,1.2825444511685462,1.83265,3.07039,3.99522,1.62036,1.58271,0.660476185873888,-0.0867583695939155,0.30993776944697154,0.4507787818189504,0.21491866497669007,-0.3641162980958024,-0.11001290069120637,-0.3870370918189913,0.7791325223287542,-0.5550231802386093,-0.40387272380744554,-0.6357229432289523,3,-0.31632603250270985
3150,-0.24486442831791688,0,0,0,0,0,0,0,1,-2.0026338241554495,1.2787598813544077,2.81538,1.42959,3.99522,2.06707,3.07039,0.660476185873888,0.2686726878314765,0.22746465176221067,0.33526805361423523,0.38705190436665354,-0.3641162980958024,-0.11001290069120637,-0.3870370918189913,1.6021551867454897,0.4150033169688831,-0.40387272380744554,-0.6357229432289523,1,-0.31632603250270985
3151,-0.39650538144615005,0,0,0,0,0,0,0,1,-2.0118004987372595,1.274534988071739,1.67616,1.83265,2.06707,9.91648,3.99522,1.0616421711119084,0.2686726878314765,0.6637200507720447,0.29125257383981307,0.5734323717613972,-0.3641162980958024,-0.11001290069120637,-0.3870370918189913,0.7791325223287542,0.4150033169688831,0.9628281895925127,-0.6357229432289523,1,-0.31632603250270985
3152,-0.30373976388839563,0,0,0,0,0,0,0,1,-2.0209372438603475,1.2709558446477676,1.42959,9.91648,1.94837,4.66092,1.83265,1.0616421711119084,1.2181439594153802,1.1273043449418887,1.1004892694993063,0.8448654556041028,-0.3641162980958024,-0.11001290069120637,-0.3870370918189913,-0.04389014208798146,-0.5550231802386093,3.696230016392429,-0.6357229432289523,1,-0.31632603250270985
3154,0.4476929649435899,1,0,0,0,0,0,0,0,0.2705537786811786,-0.8292560091368361,0.929616,2.76277,5.06143,0.608463,1.11035,-0.2920063317174266,-0.1369201178832496,-0.15822758342923943,-0.36039921717471146,-0.5449646112453319,-0.3641162980958024,-0.11001290069120637,-0.3870370918189913,2.4251778511622253,-0.5550231802386093,-0.40387272380744554,-0.6357229432289523,1,-0.31632603250270985
3155,-0.5846077332035441,1,0,0,0,0,0,0,0,0.26513094293139927,-0.8283620093552743,3.67346,0.608463,2.76277,1.11035,5.06143,-0.2920063317174266,-0.13674096844182038,-0.4070081184506933,-0.3283369473066397,-0.3343205383979361,-0.3641162980958024,-0.11001290069120637,-0.3870370918189913,1.6021551867454897,-0.5550231802386093,-0.40387272380744554,0.5644988738891453,1,-0.31632603250270985
3156,-0.7054332852801368,1,0,0,0,0,0,0,0,0.2648559794884479,-0.8204305944727012,2.76277,0.929616,1.40349,4.97342,3.67346,-0.264166932663613,-0.13674096844182038,-0.22884351645963436,-0.38263554509306025,-0.619774118594642,-0.3641162980958024,-0.11001290069120637,-0.3870370918189913,0.7791325223287542,-0.5550231802386093,-0.40387272380744554,0.5644988738891453,2,-0.31632603250270985
3157,0.10506928706845808,1,0,0,0,0,0,0,0,0.27037153027815125,-0.8213229857728067,0.608463,3.67346,0.929616,4.97342,1.63197,-0.264166932663613,-0.1369201178832496,-0.4070081184506933,-0.3436649551204972,-0.5847045132844237,-0.3641162980958024,-0.11001290069120637,-0.3870370918189913,1.6021551867454897,-0.5550231802386093,-0.40387272380744554,0.5644988738891453,1,-0.31632603250270985
3158,-0.32036511425493325,1,0,0,0,0,0,0,0,0.27439249615380396,-0.8115031203543375,4.97342,1.40349,2.76277,0.608463,4.72282,-0.3177806840851992,0.306524644262032,0.004538759058362885,0.07499805104682862,0.03386845940380166,-0.3641162980958024,-0.11001290069120637,-0.3870370918189913,0.7791325223287542,-0.5550231802386093,-0.40387272380744554,-0.6357229432289523,3,-0.31632603250270985
3159,0.9367694633025886,1,0,0,0,0,0,0,0,0.2689970614573481,-0.811003114835936,1.40349,1.63197,0.608463,2.76277,4.72282,-0.44439339826042384,-0.8379343870513951,-0.06412838985439542,-0.3436649551204972,-0.2746745594472811,-0.3641162980958024,-0.11001290069120637,-0.3870370918189913,1.6021551867454897,-0.5550231802386093,-0.40387272380744554,-0.6357229432289523,2,-0.31632603250270985
3160,-0.4063248348194614,1,0,0,0,0,0,0,0,0.2639898406086085,-0.8110481210786162,4.97342,0.608463,1.63197,2.76277,0.91754,-0.44439339826042384,0.22629349881466979,-0.1592743099970796,-0.06409519242925613,-0.22233843235176845,-0.3641162980958024,-0.11001290069120637,-0.3870370918189913,0.7791325223287542,-0.5550231802386093,-0.40387272380744554,-0.6357229432289523,3,-0.31632603250270985
3161,-0.5891510174539697,1,0,0,0,0,0,0,0,0.263081577273941,-0.7984407316787667,4.72282,1.4085,1.40349,4.97342,2.39373,-0.4792165368727754,0.9895682313033479,0.4548954179441119,0.2831435730946733,0.18588907645537378,-0.3641162980958024,-0.11001290069120637,-0.3870370918189913,-0.04389014208798146,-0.5550231802386093,-0.40387272380744554,-0.6357229432289523,4,-0.31632603250270985
3162,0.8424876619481121,1,0,0,0,0,0,0,0,0.2679664169035042,-0.7987110731100407,0.91754,4.97342,2.39373,1.40349,1.4085,-0.4792165368727754,0.9398069203580772,0.3989633624763896,0.12459110214707135,0.021171199877240716,-0.3641162980958024,-0.11001290069120637,-0.3870370918189913,-0.04389014208798146,-0.5550231802386093,-0.40387272380744554,-0.6357229432289523,4,-0.31632603250270985
3164,-0.03377251649042441,1,0,0,0,0,0,0,0,0.2746805126681202,-0.7880523157934182,0.500872,1.8405,1.72678,4.72282,1.4085,-0.6348325033144766,0.33194099957535583,0.20207000629198296,0.0279185366333138,-0.2557583564140606,-0.3641162980958024,-0.11001290069120637,-0.3870370918189913,-0.8669128065047171,-0.5550231802386093,-0.40387272380744554,-0.6357229432289523,5,-0.31632603250270985
3165,-0.7459116304099431,1,0,0,0,0,0,0,0,0.2782723894167409,-0.785700178457334,2.39373,1.8405,1.72678,1.63123,1.4085,-0.6348325033144766,-0.010644537993419467,0.19283165956012202,0.4699592222052363,0.28974741327699816,-0.3641162980958024,-0.11001290069120637,-0.3870370918189913,-0.8669128065047171,-0.5550231802386093,-0.40387272380744554,-0.6357229432289523,5,-0.31632603250270985
3167,-0.24191106782057986,1,0,0,0,0,0,0,0,0.27407109381921096,-0.7782201970718627,1.72678,1.63123,0.500872,2.39373,1.4085,-0.6226653962893965,-0.2010801157694584,-0.43429479239023744,-0.4474487040604212,0.017964824793437584,-0.3641162980958024,-0.11001290069120637,-0.3870370918189913,-0.8669128065047171,-0.5550231802386093,-0.40387272380744554,-0.6357229432289523,5,-0.31632603250270985
3169,-0.4044399512409062,1,0,0,0,0,0,0,0,0.261570742795617,-0.785987798363204,1.63123,1.72678,2.39373,0.91754,1.8405,1.4632996166931336,0.6930181264576037,0.41336038988030566,0.05809321606886388,0.017964824793437584,-0.3641162980958024,-0.11001290069120637,-0.3870370918189913,-0.8669128065047171,-0.5550231802386093,-0.40387272380744554,-0.6357229432289523,5,-0.31632603250270985
3170,-0.320643520212644,1,0,0,0,0,0,0,0,0.26611700765808394,-0.7763576567938392,1.72678,1.8405,1.4085,2.39373,0.500872,-0.8076519086674543,-0.2010801157694584,0.007089972218700646,0.3677079163138124,0.13384728877271876,-0.3641162980958024,-0.11001290069120637,-0.3870370918189913,-0.8669128065047171,-0.5550231802386093,-0.40387272380744554,-0.6357229432289523,5,-0.31632603250270985
3171,-0.2846952914839121,1,0,0,0,0,0,0,0,0.26969736484564133,-0.7775994502910679,1.63123,1.8405,1.4085,0.500872,2.39373,-0.8076519086674543,-1.0666851388923915,0.17585794705060379,-0.15482756406819967,-0.42576687461625634,-0.3641162980958024,-0.11001290069120637,-0.3870370918189913,-0.8669128065047171,-0.5550231802386093,-0.40387272380744554,-0.6357229432289523,5,-0.31632603250270985
3172,-0.5719116690833997,0,0,0,0,0,1,0,0,-1.8585557399094974,1.395113478406258,1.86099,3.47869,1.81959,1.99993,1.19806,0.8883985194599956,0.4573816709735198,0.5208966545288428,0.6239398110426213,0.3269001902892364,-0.3641162980958024,-0.11001290069120637,-0.3870370918189913,-0.04389014208798146,-0.5550231802386093,-0.40387272380744554,-0.6357229432289523,4,-0.31632603250270985
3174,-0.24977791724724427,0,0,0,0,0,1,0,0,-1.8479059278474401,1.3868962186896396,1.99993,7.11928,1.16225,3.47869,0.963362,0.611873919060428,-0.032551970325982435,-0.36665629922263243,-0.3414834381096593,-0.16923250182752292,-0.3641162980958024,-0.11001290069120637,-0.3870370918189913,0.7791325223287542,-0.5550231802386093,-0.40387272380744554,-0.6357229432289523,3,-0.31632603250270985
3175,-0.18192963290460157,0,0,0,0,0,1,0,0,-1.8528981573882115,1.380513338203933,3.47869,1.83395,1.81959,1.09168,7.11928,0.29311638534804574,-0.18110318658062513,-0.5468308526250111,-0.6203077926103843,-0.6724626664195044,-0.3641162980958024,-0.11001290069120637,-0.3870370918189913,-0.04389014208798146,-0.5550231802386093,-0.40387272380744554,-0.6357229432289523,4,-0.31632603250270985
3176,-0.24437533677058715,0,0,0,0,0,1,0,0,-1.8585049246343146,1.3748220168870908,1.09168,3.20698,1.60659,1.99993,3.44046,-0.6088562036003603,-0.3613638034754894,-0.5977411160672839,-0.8418443897423362,-0.7027894320256866,-0.3641162980958024,-0.11001290069120637,-0.3870370918189913,-0.04389014208798146,-0.5550231802386093,-0.40387272380744554,-0.6357229432289523,4,-0.31632603250270985
3177,-0.5236353235678224,0,0,0,0,0,1,0,0,-1.8553389627404695,1.371881883468778,1.83395,3.85597,3.44046,1.60659,1.99993,-0.6088562036003603,-0.46449853726693047,-0.5986500201645859,-0.6430330160179581,-0.8556634130455315,-0.3641162980958024,-0.11001290069120637,-0.3870370918189913,-0.8669128065047171,-0.5550231802386093,-0.40387272380744554,-0.6357229432289523,5,-0.31632603250270985
3178,0.5163576559460061,0,0,0,0,0,1,0,0,-1.8497547511715795,1.3678803128548773,1.09168,1.91045,3.44046,1.83395,1.99993,0.1799439383344305,-0.27880986167779537,-0.2909543154422599,-0.2760266243530755,-0.16464250446833004,-0.3641162980958024,-0.11001290069120637,-0.3870370918189913,-0.8669128065047171,-0.5550231802386093,-0.40387272380744554,-0.6357229432289523,5,-0.31632603250270985
3179,-0.21559418033157102,0,0,0,0,0,1,0,0,-1.8436950070555986,1.3632216920974942,0.910984,1.10652,3.85597,1.56008,2.85329,0.19441180630094937,-0.4534456486289086,-0.6668235524555661,-0.4838103906862162,-0.5909065188263894,-0.3641162980958024,-0.11001290069120637,-0.3870370918189913,-0.8669128065047171,-0.5550231802386093,-0.40387272380744554,-0.6357229432289523,5,-0.31632603250270985
3182,1.744094069266342,0,0,0,0,0,1,0,0,-1.8422506374949597,1.3804402219119873,1.81959,1.99993,1.16225,0.360541,3.85597,0.7556531051437348,0.36965999457695886,0.4965824979784896,0.3926472950762074,0.07967966862291077,-0.3641162980958024,-0.11001290069120637,-0.3870370918189913,-0.8669128065047171,-0.5550231802386093,-0.40387272380744554,-0.6357229432289523,5,-0.31632603250270985
3184,-0.7105247282878389,0,0,0,0,0,1,0,0,-1.8263149033120611,1.3720528781963544,2.15951,0.418792,0.360541,0.688656,0.698681,-1.1478517585178816,-1.1293160308372072,-1.295798565321337,-1.2522148773562922,-1.2855701602736611,-0.3641162980958024,-0.11001290069120637,-0.3870370918189913,0.7791325223287542,-0.5550231802386093,-0.40387272380744554,-0.6357229432289523,3,-0.31632603250270985
3185,-0.12189176434854675,0,0,0,0,0,1,0,0,-1.8282866394402628,1.3703274460766204,0.59493,0.360541,0.418792,2.85329,0.688656,-1.1478517585178816,-0.6220157151656763,-0.9500068569879192,-1.1410603187358528,-0.9988981730832659,-0.3641162980958024,-0.11001290069120637,-0.3870370918189913,0.7791325223287542,-0.5550231802386093,-0.40387272380744554,-0.6357229432289523,3,-0.31632603250270985
3186,0.13912510773329118,0,0,0,0,0,1,0,0,-1.8329290910680742,1.3659687992283185,2.15951,0.910984,0.59493,1.10652,1.91045,0.03888365913601868,-0.5579255802391778,-0.382091431547387,-0.369044678203054,-0.5909065188263894,-0.3641162980958024,-0.11001290069120637,-0.3870370918189913,-0.04389014208798146,-0.5550231802386093,-0.40387272380744554,-0.6357229432289523,4,-0.31632603250270985
3187,-0.59161754374958,0,0,0,0,0,1,0,0,-1.8370050329931216,1.3610714917590163,1.10652,2.85329,1.91045,1.56008,2.15951,-0.6522130593370272,-0.5579255802391778,-0.8184234983293499,-0.4008113790272661,-0.2696718251391321,-0.3641162980958024,-0.11001290069120637,-0.3870370918189913,-0.8669128065047171,-0.5550231802386093,-0.40387272380744554,-0.6357229432289523,5,-0.31632603250270985
3188,-0.5180521554429205,0,0,0,0,0,1,0,0,-1.8395765523932512,1.3578216572268436,0.910984,1.56008,1.91045,2.85329,1.04475,-0.6522130593370272,-0.5919362432252782,-0.8182519416479351,-0.369044678203054,-0.13536938174013174,-0.3641162980958024,-0.11001290069120637,-0.3870370918189913,-0.8669128065047171,-0.5550231802386093,-0.40387272380744554,-0.6357229432289523,5,-0.31632603250270985
3189,-0.3474118768222649,0,0,0,0,0,1,0,0,-1.8442082309945098,1.3535781625726298,1.10652,1.04475,0.441018,0.851907,1.91045,0.010091782691763763,-0.33140514758935485,-0.6068545192395857,-0.6021196636993625,-0.7317803292330832,-0.3641162980958024,-0.11001290069120637,-0.3870370918189913,-0.8669128065047171,-0.5550231802386093,-0.40387272380744554,-0.6357229432289523,5,-0.31632603250270985
3190,-0.7684301576975362,0,0,0,0,0,1,0,0,-1.8507104236276422,1.3489920231832608,1.04475,0.851907,1.56008,2.48114,1.10652,-1.1402282665837287,-1.162113702211474,-0.6068545192395857,-0.7092441168515232,-0.04261015133514933,-0.3641162980958024,-0.11001290069120637,-0.3870370918189913,-0.8669128065047171,-0.5550231802386093,-0.40387272380744554,-0.6357229432289523,5,-0.31632603250270985
3191,-0.541291528426424,0,0,0,0,0,1,0,0,-1.848411047779753,1.3476277160391272,0.441018,0.851907,1.56008,2.48114,1.10652,-1.1402282665837287,-0.543971116411212,-0.712429436356837,-0.23102842086017777,-0.13536938174013174,-0.3641162980958024,-0.11001290069120637,-0.3870370918189913,-0.8669128065047171,-0.5550231802386093,-0.40387272380744554,-0.6357229432289523,5,-0.31632603250270985
3193,0.7521035440015862,0,0,0,0,0,1,0,0,-1.8625688195922552,1.3324969790383572,2.16793,0.173846,0.533277,1.51615,2.05924,1.4990946608681204,0.5465845636107549,0.16663273888900615,0.1156088549174203,0.21229814038944403,2.077028990750787,-0.11001290069120637,-0.3870370918189913,-0.04389014208798146,0.4150033169688831,-0.40387272380744554,0.5644988738891453,0,-0.31632603250270985
3195,-0.8689467476076644,0,0,0,0,0,1,0,0,-1.869327258418651,1.3238529371152086,0.533277,1.51615,0.860592,0.479082,0.84539,-1.5076917701022874,-0.7619095123117384,-0.3866849471480469,-0.6055660973079748,-0.6776313162803534,0.8564563463274925,-0.11001290069120637,-0.3870370918189913,1.6021551867454897,-0.5550231802386093,-0.40387272380744554,0.5644988738891453,0,-0.31632603250270985
3196,-0.7337200830320828,0,0,0,0,0,1,0,0,-1.8707828291404505,1.324269769651164,0.173846,1.51615,0.479082,0.860592,2.05924,-1.5076917701022874,-1.1062980582887179,-0.40815463653158024,-0.6846116603741814,-0.874506112514997,0.8564563463274925,-0.11001290069120637,-0.3870370918189913,1.6021551867454897,-0.5550231802386093,-0.40387272380744554,0.5644988738891453,0,-0.31632603250270985
3197,-0.754109557191723,0,0,0,0,0,1,0,0,-1.8753751064223323,1.3168606302364303,0.860592,0.84539,0.189969,0.218531,0.533277,-1.2625752588889496,-1.0723093815061884,-0.9229070602605572,-1.0634310145242913,-0.9167659704342247,0.8564563463274925,-0.11001290069120637,-0.3870370918189913,0.7791325223287542,-0.5550231802386093,-0.40387272380744554,-0.6357229432289523,2,-0.31632603250270985
3198,-0.6105762370211473,0,0,0,0,0,1,0,0,-1.8732439284174724,1.3159973296267622,0.479082,0.84539,0.189969,0.218531,0.533277,-1.2625752588889496,-0.5497408715511677,-0.7934432825019355,-0.8685005173390691,-0.9140246809330531,0.8564563463274925,-0.11001290069120637,-0.3870370918189913,0.7791325223287542,-0.5550231802386093,-0.40387272380744554,-0.6357229432289523,2,-0.31632603250270985
3199,-0.8521351662288745,0,0,0,0,0,1,0,0,-1.880204328451457,1.3120968648735516,0.189969,0.623605,0.479082,0.84539,1.10316,-1.4632394541750713,-0.7827271823001218,-0.8320437046700687,-0.9056752625616086,-1.0962308782414851,-0.3641162980958024,-0.11001290069120637,1.4728290102938495,1.6021551867454897,-0.5550231802386093,-0.40387272380744554,-0.6357229432289523,1,-0.31632603250270985
3200,-0.8628808837479749,0,0,0,0,0,1,0,0,-1.8786489426386803,1.3115343745055874,0.218531,0.479082,0.860592,0.623605,0.84539,-1.4632394541750713,-0.5741398532945843,-0.7934432825019355,-1.01103915167861,-1.0376789908942028,-0.3641162980958024,-0.11001290069120637,1.4728290102938495,1.6021551867454897,-0.5550231802386093,-0.40387272380744554,-0.6357229432289523,1,-0.31632603250270985
3202,-0.7938839867176417,0,0,0,0,0,1,0,0,-1.8974162210026,1.2922943922011525,0.595283,1.00189,0.546873,3.17223,0.337165,-0.7665255963518233,0.12356605173602674,-0.18981547669603574,-0.2979838170670585,-0.31661292613847375,-0.3641162980958024,-0.11001290069120637,-0.3870370918189913,0.7791325223287542,0.4150033169688831,-0.40387272380744554,1.764720691007243,0,-0.31632603250270985
3203,-0.7103919211215255,0,0,0,0,0,1,0,0,-1.8952388553925301,1.289211934192186,0.373362,0.546873,0.337165,1.00189,3.17223,-0.7665255963518233,0.3611680590554828,0.22192126338841364,-0.06384331769171141,0.05953382533327699,-0.3641162980958024,-0.11001290069120637,-0.3870370918189913,0.7791325223287542,0.4150033169688831,-0.40387272380744554,0.5644988738891453,1,-0.31632603250270985
3205,-0.48361258602556706,0,0,0,0,0,1,0,0,-1.8694019102539874,1.3829734088162928,3.20698,3.47869,1.83395,1.60659,1.99993,0.006613423242143529,0.40877795148460266,0.550416497154658,0.3955783218767842,0.300995708456521,-0.3641162980958024,-0.11001290069120637,-0.3870370918189913,0.7791325223287542,-0.5550231802386093,-0.40387272380744554,-0.6357229432289523,3,-0.31632603250270985
3206,0.2721918687910117,0,0,0,0,0,1,0,0,-1.8643495592132793,1.3791943736450463,1.19806,1.83395,3.47869,1.60659,1.99993,0.006613423242143529,-0.3613638034754894,-0.6036612622035922,-0.4681876694392176,-0.5296603383980538,-0.3641162980958024,-0.11001290069120637,-0.3870370918189913,-0.04389014208798146,-0.5550231802386093,-0.40387272380744554,-0.6357229432289523,4,-0.31632603250270985
3207,0.37441576442558766,0,0,0,0,0,1,0,0,-1.8587516346205208,1.384754448502842,1.99993,3.20698,1.83395,1.19806,0.963362,0.29311638534804574,-0.205967534538097,-0.11886181847964292,-0.3883813505035829,-0.6112597763988116,-0.3641162980958024,-0.11001290069120637,-0.3870370918189913,0.7791325223287542,-0.5550231802386093,-0.40387272380744554,-0.6357229432289523,3,-0.31632603250270985
3209,-0.6138437447815768,0,0,0,0,0,1,0,0,-1.8535837861248374,1.351595698557275,0.441018,2.48114,1.04475,1.56008,3.07007,-0.7498549675998424,-0.9223564418741731,-0.8967474551190502,-0.6021196636993625,-0.24444165204968196,-0.3641162980958024,-0.11001290069120637,-0.3870370918189913,-0.8669128065047171,-0.5550231802386093,-0.40387272380744554,-0.6357229432289523,5,-0.31632603250270985
3210,-0.7767921182598052,0,0,0,0,0,1,0,0,-1.8221819946222677,1.3721676179488844,0.698681,0.59493,0.688656,2.15951,0.360541,-0.9972300235839382,-1.1293160308372072,-1.3403848334327166,-1.16801126980556,-1.2558073899134001,-0.3641162980958024,-0.11001290069120637,-0.3870370918189913,1.6021551867454897,-0.5550231802386093,-0.40387272380744554,-0.6357229432289523,2,-0.31632603250270985
3211,-0.798707558047114,0,0,0,0,0,1,0,0,-1.8276842584384332,1.3762553012714838,0.950566,0.59493,0.688656,2.15951,0.418792,-1.0163819078807335,-1.004179436895702,-1.1988503436944529,-1.1807898523933429,-1.2558073899134001,-0.3641162980958024,-0.11001290069120637,-0.3870370918189913,0.7791325223287542,-0.5550231802386093,-0.40387272380744554,-0.6357229432289523,3,-0.31632603250270985
3212,-0.6752627326224372,0,0,0,0,0,1,0,0,-1.822520831438834,1.3763405086826717,0.698681,0.418792,0.950566,0.360541,0.59493,-0.9213896914605606,-1.0555988441836748,-1.317279338489184,-1.388623510607065,-1.4291732179042902,-0.3641162980958024,-0.11001290069120637,-0.3870370918189913,0.7791325223287542,-0.5550231802386093,-0.40387272380744554,-0.6357229432289523,3,-0.31632603250270985
3213,-0.671491084343991,0,0,0,0,0,1,0,0,-1.8199008432963473,1.3742566313688684,0.418792,0.688656,0.59493,0.761941,0.950566,-0.9972300235839382,-1.290813815661888,-0.8665127209628383,-1.059907147875836,-1.097992630442655,-0.3641162980958024,-0.11001290069120637,-0.3870370918189913,0.7791325223287542,-0.5550231802386093,-0.40387272380744554,-0.6357229432289523,3,-0.31632603250270985
3214,-0.6476911372023941,0,0,0,0,0,1,0,0,-1.8149196785203432,1.3696068572662725,0.698681,0.418792,0.688656,0.59493,2.15951,0.17958596877623237,-0.2956598490016717,-0.14444612659035888,-0.23428994110354748,-0.23235211138705328,-0.3641162980958024,-0.11001290069120637,-0.3870370918189913,1.6021551867454897,-0.5550231802386093,-0.40387272380744554,-0.6357229432289523,2,-0.31632603250270985
3215,-0.40992530105634223,0,0,0,0,0,1,0,0,-1.891758912022271,1.3182600947604544,1.26841,1.10316,0.623605,1.29399,0.47415,-1.0537266294402086,-0.8036379579174812,-0.6366758078086084,-0.72743470535399,-0.9402476225153606,-0.3641162980958024,-0.11001290069120637,1.4728290102938495,-0.04389014208798146,-0.5550231802386093,-0.40387272380744554,2.9649425081253407,0,-0.31632603250270985
3218,0.16766171839864244,1,0,0,0,0,0,0,0,1.3920020663000532,-1.2072510566750383,3.02925,2.52263,25.197,3.60358,7.81072,0.4889561820536135,0.5767479673441701,0.8028355134889666,0.8213651511129846,0.7911537717756959,-0.3641162980958024,-0.11001290069120637,-0.3870370918189913,-0.8669128065047171,2.355056311383868,2.329529102992471,-0.6357229432289523,0,-0.31632603250270985
3220,0.4214024131532835,1,0,0,0,0,0,0,0,1.3807707873303268,-1.220088196954461,1.48594,1.34456,1.6301,2.52263,0.995242,-0.01801516170353825,-0.003964847659955579,-0.30715692244112325,0.024106453278356782,-0.15902267058017405,-0.3641162980958024,-0.11001290069120637,-0.3870370918189913,-0.8669128065047171,3.32508280859136,-0.40387272380744554,0.5644988738891453,0,-0.31632603250270985
3221,-0.375305143990744,1,0,0,0,0,0,0,0,1.376989284162791,-1.2249250723952625,3.60358,1.6301,1.34456,0.995242,0.762776,-0.01801516170353825,-0.11192017008171785,-0.4525321885983695,-0.49794455851185687,-0.5761691122306717,-0.3641162980958024,-0.11001290069120637,-0.3870370918189913,-0.8669128065047171,3.32508280859136,-0.40387272380744554,0.5644988738891453,0,-0.31632603250270985
3223,-0.5234509736769057,1,0,0,0,0,0,0,0,1.3794937933869174,-1.235934124981797,0.762776,0.995242,1.6301,1.48594,0.571462,-1.2019496599854669,-1.081252672188748,-0.30214613140336527,-0.18251462790382766,-0.4211674401874768,-0.3641162980958024,-0.11001290069120637,-0.3870370918189913,-0.8669128065047171,3.32508280859136,-0.40387272380744554,-0.6357229432289523,1,-0.31632603250270985
3224,-0.6473769899393016,1,0,0,0,0,0,0,0,1.3815710136520691,-1.2345835284020212,0.995242,1.09217,1.6301,0.571462,1.48594,-1.379785982993295,-1.501314051218386,-0.755204342908439,-0.41249679165950764,-0.5761691122306717,-0.3641162980958024,-0.11001290069120637,-0.3870370918189913,-0.8669128065047171,3.32508280859136,-0.40387272380744554,-0.6357229432289523,1,-0.31632603250270985
3225,-0.5599176394458072,1,0,0,0,0,0,0,0,1.3825170459144454,-1.2329917225240141,0.762776,1.09217,1.6301,1.48594,0.571462,-1.379785982993295,-1.081252672188748,-1.1411057107110356,-0.49794455851185687,-0.6720953230375849,-0.3641162980958024,-0.11001290069120637,-0.3870370918189913,-0.8669128065047171,3.32508280859136,-0.40387272380744554,-0.6357229432289523,1,-0.31632603250270985
3227,-0.3210686536345536,1,0,0,0,0,0,0,0,1.384777470679562,-1.2283249532295422,0.995242,0.762776,1.48594,3.60358,1.09217,-0.3015795257964841,-0.3807355902311879,-0.5221118778760612,-0.5980925372058937,-0.8314693820727195,-0.3641162980958024,-0.11001290069120637,-0.3870370918189913,-0.8669128065047171,4.295109305798853,-0.40387272380744554,-0.6357229432289523,0,-0.31632603250270985
3229,-0.7193539593899413,1,0,0,0,0,0,0,0,1.3914548944965828,-1.2384919286202862,1.25565,0.788512,0.995242,0.762776,0.569048,-1.4217344382733508,-0.8010349762753541,-0.10407249119016183,-0.41249679165950764,-0.5042973961604347,-0.3641162980958024,-0.11001290069120637,-0.3870370918189913,-0.8669128065047171,1.3850298141763753,-0.40387272380744554,-0.6357229432289523,3,-0.31632603250270985
3230,-0.461945830478862,1,0,0,0,0,0,0,0,1.3930787571541239,-1.2377439328597912,0.571462,0.788512,0.569048,0.995242,0.762776,-1.4217344382733508,-1.187750884429089,-0.12287589316610585,-0.2382380076502939,-0.46528675633675154,-0.3641162980958024,-0.11001290069120637,-0.3870370918189913,-0.8669128065047171,1.3850298141763753,-0.40387272380744554,-0.6357229432289523,3,-0.31632603250270985
3231,-0.6376944821992425,1,0,0,0,0,0,0,0,1.3969773741276617,-1.2376998592881623,1.25565,0.571462,0.569048,3.40783,7.81072,-0.7840248440231434,-0.8010349762753541,-0.7522747992623022,-0.7704935772413098,-0.2242069736647526,-0.3641162980958024,-0.11001290069120637,-0.3870370918189913,-0.8669128065047171,-0.5550231802386093,2.329529102992471,-0.6357229432289523,3,-0.31632603250270985
3232,-0.7202621647709058,1,0,0,0,0,0,0,0,1.402420977243002,-1.2424372767292131,3.40783,0.788512,1.25565,1.43809,0.571462,-0.11300758837308111,-0.37735707473102764,-0.12287589316610585,-0.32415701865356866,-0.5042973961604347,-0.3641162980958024,-0.11001290069120637,-0.3870370918189913,-0.8669128065047171,-0.5550231802386093,0.9628281895925127,-0.6357229432289523,4,-0.31632603250270985
3234,-0.42849573088418325,1,0,0,0,0,0,0,0,1.3719862507716325,-1.2179911800790242,2.20693,1.48594,3.60358,1.26097,1.6301,0.2368481074851237,-0.03167693525877248,-0.4285027679423307,0.1226649378374674,0.31956499647866043,-0.3641162980958024,-0.11001290069120637,-0.3870370918189913,-0.8669128065047171,2.355056311383868,-0.40387272380744554,1.764720691007243,0,-0.31632603250270985
3235,-0.1040512095990286,1,0,0,0,0,0,0,0,1.3662531059907295,-1.2138534007868553,1.26097,1.34456,0.824306,3.60358,1.48594,0.13911027677140894,-0.4218041319554886,0.759395270325711,0.5111079283233358,0.17239490494395784,-0.3641162980958024,-0.11001290069120637,-0.3870370918189913,-0.8669128065047171,1.3850298141763753,-0.40387272380744554,1.764720691007243,1,-0.31632603250270985
3236,-0.45994431737748204,1,0,0,0,0,0,0,0,1.3633036644298928,-1.2079976733068316,2.20693,0.824306,1.34456,25.197,0.950313,0.13911027677140894,-0.19619739447986348,0.5058342448122026,0.36540379612202045,0.04129019697179041,-0.3641162980958024,-0.11001290069120637,-0.3870370918189913,-0.8669128065047171,-0.5550231802386093,0.9628281895925127,1.764720691007243,2,-0.31632603250270985
3237,3.2564855253752274,1,0,0,0,0,0,0,0,0.7990257185473353,-1.0113864943381141,7.19515,2.74094,5.01828,3.56282,3.64296,1.4678731886769796,0.5334054938756956,0.3425903347748956,0.18416162670899625,-0.008036614169098424,-0.3641162980958024,-0.11001290069120637,3.3326951124066904,-0.8669128065047171,-0.5550231802386093,-0.40387272380744554,-0.6357229432289523,3,-0.31632603250270985
3238,0.4060675120231619,1,0,0,0,0,0,0,0,0.7852956846324693,-1.0083284835094186,2.76487,3.64296,1.85133,1.88907,11.1392,0.07843303691519674,0.4072263606206826,0.00734623896757175,-0.2332056553250031,-0.1255385088846361,-0.3641162980958024,-0.11001290069120637,1.4728290102938495,-0.8669128065047171,0.4150033169688831,-0.40387272380744554,1.764720691007243,1,-0.31632603250270985
3239,0.1058593580295291,1,0,0,0,0,0,0,0,0.7785902418124461,-1.0079019710747479,3.56282,1.88907,3.64296,1.85133,3.19268,0.07843303691519674,0.6134002200249308,0.47736688743445577,0.10511834632475371,0.7941649418303041,-0.3641162980958024,-0.11001290069120637,3.3326951124066904,-0.04389014208798146,0.4150033169688831,-0.40387272380744554,0.5644988738891453,0,-0.31632603250270985
3241,0.4362181247947011,1,0,0,0,0,0,0,0,0.7862378074155025,-1.0184461172353492,3.56282,4.5452,2.33219,7.19515,2.76487,1.341800642518894,0.5459298274331763,0.1032170176321899,-0.18151737949356556,-0.2042574332783665,-0.3641162980958024,-0.11001290069120637,3.3326951124066904,-0.8669128065047171,-0.5550231802386093,-0.40387272380744554,0.5644988738891453,2,-0.31632603250270985
3242,0.2668118617703852,1,0,0,0,0,0,0,0,0.7746286120269325,-1.026111676365313,2.33219,4.5452,3.74701,3.64296,0.9027,-0.35253705662549084,0.6625955540966953,0.24353391423369017,0.20108787159023658,0.1336538642349173,-0.3641162980958024,-0.11001290069120637,7.052427316632372,-0.8669128065047171,-0.5550231802386093,-0.40387272380744554,0.5644988738891453,0,-0.31632603250270985
3243,-0.05692535789247736,1,0,0,0,0,0,0,0,0.7797049809691073,-1.0275692066027489,3.19268,4.5452,3.64296,0.9027,3.74701,-0.35253705662549084,-0.5537828263490111,0.1032170176321899,-0.10102614869785342,-0.350523981821528,-0.3641162980958024,-0.11001290069120637,7.052427316632372,-0.04389014208798146,-0.5550231802386093,-0.40387272380744554,-0.6357229432289523,0,-0.31632603250270985
3244,-0.16836674807288224,1,0,0,0,0,0,0,0,1.7513845212789165,-1.626864475724711,2.43183,0.565466,4.62284,2.65521,0.774865,-0.6646257356846003,-0.5834509910669979,0.2839665810543799,0.1544815842055996,-0.05204400871615171,-0.3641162980958024,-0.11001290069120637,-0.3870370918189913,-0.8669128065047171,-0.5550231802386093,0.9628281895925127,-0.6357229432289523,4,-0.31632603250270985
3245,-0.019438371910992847,1,0,0,0,0,0,0,0,1.7543965933428052,-1.6240062849561088,2.03598,0.565466,2.65521,4.62284,5.52922,-0.6646257356846003,-0.38865292053732614,0.22027416152704485,0.34381162472457527,0.0344229341802893,-0.3641162980958024,-0.11001290069120637,-0.3870370918189913,-0.8669128065047171,-0.5550231802386093,-0.40387272380744554,-0.6357229432289523,5,-0.31632603250270985
3247,-0.7216098000959326,1,0,0,0,0,0,0,0,1.7472925792437988,-1.622095768287335,2.03598,2.43183,2.65521,0.158009,1.7569,0.02140113857993823,-0.38865292053732614,-0.5605641592583698,-0.2941302725280732,0.386183457707232,-0.3641162980958024,-0.11001290069120637,-0.3870370918189913,-0.8669128065047171,-0.5550231802386093,-0.40387272380744554,-0.6357229432289523,5,-0.31632603250270985
3248,-0.3932961884471329,1,0,0,0,0,0,0,0,1.7679738055430474,-1.6415809600968878,2.06441,1.48271,5.52922,4.62284,1.81556,0.5908661065813005,-0.14443057118255975,-0.5278140006542071,-0.029680152289284868,-0.30924210974655175,-0.3641162980958024,-0.11001290069120637,-0.3870370918189913,-0.8669128065047171,-0.5550231802386093,0.9628281895925127,-0.6357229432289523,3,1.7381456473456194
3249,0.26860268928214603,1,0,0,0,0,0,0,0,0.7889006400060382,-0.9062795947704293,2.31944,3.0846,3.60445,3.18545,1.41922,1.066300965414092,0.8674062090877307,0.3732258352275951,0.7106413199055432,0.49084341607214693,0.8564563463274925,-0.11001290069120637,1.4728290102938495,0.7791325223287542,0.4150033169688831,-0.40387272380744554,-0.6357229432289523,0,-0.31632603250270985
3253,0.26409176031869763,1,0,0,0,0,0,0,0,0.7730937285764385,-0.9123807130411531,5.46919,1.38448,1.59664,0.353378,1.46501,0.691325323666056,0.08393420268423242,-0.28699079084208245,-0.4245314742074284,-0.4883206892611651,-0.3641162980958024,-0.11001290069120637,-0.3870370918189913,-0.04389014208798146,0.4150033169688831,-0.40387272380744554,0.5644988738891453,2,-0.31632603250270985
3256,-0.4134768581384901,1,0,0,0,0,0,0,0,0.7700254906900517,-0.90402365263616,3.18545,1.34717,0.484779,2.76989,5.46919,0.91090878429741,0.2854468514177523,0.11669270387761105,-0.16979975277366516,-0.22830860607829,-0.3641162980958024,-0.11001290069120637,-0.3870370918189913,-0.8669128065047171,0.4150033169688831,-0.40387272380744554,-0.6357229432289523,4,-0.31632603250270985
3257,-0.4275137855468521,1,0,0,0,0,0,0,0,0.7613826761613963,-0.9093064900574488,2.76989,0.665924,5.46919,1.4151,0.484779,0.19488377212930078,-0.41650303133664335,-0.6643888927401778,-0.908412489879006,-0.7714245976842236,-0.3641162980958024,-0.11001290069120637,-0.3870370918189913,-0.8669128065047171,-0.5550231802386093,-0.40387272380744554,-0.6357229432289523,5,-0.31632603250270985
3258,-0.6838150626638976,1,0,0,0,0,0,0,0,0.7541814263026495,-0.9084338302032409,1.4151,2.76989,1.34717,0.239531,0.484779,-1.0335999559764764,-0.5966563681129233,-0.7862186389281215,-0.5325320670770549,-0.77371938873232,-0.3641162980958024,-0.11001290069120637,-0.3870370918189913,-0.8669128065047171,-0.5550231802386093,-0.40387272380744554,-0.6357229432289523,5,-0.31632603250270985
3259,-0.8442344566181642,1,0,0,0,0,0,0,0,0.7479792068493495,-0.9010426604852878,2.00115,0.337989,1.4151,0.665924,2.76989,0.28055475507729655,-0.2426039266979733,-0.6067688932955325,-0.5325320670770549,-0.7354939368493217,-0.3641162980958024,-0.11001290069120637,-0.3870370918189913,-0.8669128065047171,-0.5550231802386093,-0.40387272380744554,-0.6357229432289523,5,-0.31632603250270985
3260,0.10774800385075606,1,0,0,0,0,0,0,0,0.7579361852592189,-0.9034979799975079,0.484779,1.4151,0.665924,1.34717,0.337989,-0.8390426519566465,-1.153398333605188,-0.9424313492318759,-1.0510838012479873,-1.0847977300962703,-0.3641162980958024,-0.11001290069120637,-0.3870370918189913,-0.8669128065047171,-0.5550231802386093,-0.40387272380744554,-0.6357229432289523,5,-0.31632603250270985
3261,-0.40195687107754013,1,0,0,0,0,0,0,0,0.7545520507650572,-0.905573499317242,0.665924,2.76989,0.484779,1.34717,0.239531,-1.0335999559764764,-1.153398333605188,-0.7823329212393194,-0.908412489879006,-1.0765750204857392,-0.3641162980958024,-0.11001290069120637,-0.3870370918189913,-0.8669128065047171,-0.5550231802386093,-0.40387272380744554,-0.6357229432289523,5,-0.31632603250270985
3262,1.123290168240772,1,0,0,0,0,0,0,0,0.7651564537763403,-0.915772506555109,1.34717,3.18545,0.570439,1.46501,0.353378,0.43117672944739927,-0.08081620853884144,-0.38942992317006253,-0.6252173044528934,-0.6943690131857552,-0.3641162980958024,-0.11001290069120637,-0.3870370918189913,-0.8669128065047171,0.4150033169688831,-0.40387272380744554,0.5644988738891453,3,-0.31632603250270985
3264,0.22614954297392936,1,0,0,0,0,0,0,0,0.7835071766306243,-0.8953543502213538,3.27212,3.19744,1.38448,1.96457,3.18545,1.7790034437807634,0.8674062090877307,1.021974224292159,1.378751390025202,0.970878584085954,-0.3641162980958024,-0.11001290069120637,-0.3870370918189913,0.7791325223287542,1.3850298141763753,-0.40387272380744554,-0.6357229432289523,1,-0.31632603250270985
3265,0.2966991175549007,1,0,0,0,0,0,0,0,0.7776543065924495,-0.885247660753613,3.29471,3.0846,2.29805,1.96457,3.46134,1.5145805367028633,0.7352535311947849,0.26894350833789765,0.5047552583633457,0.7790490622643633,0.8564563463274925,-0.11001290069120637,-0.3870370918189913,-0.04389014208798146,-0.5550231802386093,-0.40387272380744554,-0.6357229432289523,3,-0.31632603250270985
3267,-0.19523292299196907,1,0,0,0,0,0,0,0,0.7630794594443762,-0.8912636614551073,3.46134,0.337989,0.484779,0.989947,2.29805,0.42947110894461765,0.29111311047897787,-0.1709115125210372,-0.0723599375187996,-0.2895168661586443,-0.3641162980958024,-0.11001290069120637,-0.3870370918189913,-0.8669128065047171,-0.5550231802386093,-0.40387272380744554,-0.6357229432289523,5,-0.31632603250270985
3268,0.8512724985866879,1,0,0,0,0,0,0,0,0.2911343736156785,-0.7400717084923697,2.6761,3.86714,1.33215,2.54073,4.14112,1.4583290420454564,0.8072275590690029,0.5026100406509972,0.17014632408886232,0.38028256839096564,-0.3641162980958024,-0.11001290069120637,-0.3870370918189913,0.7791325223287542,-0.5550231802386093,-0.40387272380744554,0.5644988738891453,2,-0.31632603250270985
3272,-0.7927741251294705,1,0,0,0,0,0,0,0,0.8674548034836282,-1.2327625698801183,2.5824,0.720617,3.755,7.6676,1.87041,-0.2692853047961258,0.1616793290949586,1.0382666156898983,0.6759374057305593,0.676416119621191,2.077028990750787,-0.11001290069120637,-0.3870370918189913,0.7791325223287542,-0.5550231802386093,-0.40387272380744554,-0.6357229432289523,1,-0.31632603250270985
3273,-0.7334525875781202,0,1,0,0,0,0,0,0,0.8877493771675522,-1.1846868083833624,0.474469,11.7233,0.457907,12.0,1.10064,0.6055863878657541,0.17584062755933802,1.0128062876568737,1.031194306157545,1.0733459631126807,-0.3641162980958024,-0.11001290069120637,-0.3870370918189913,-0.8669128065047171,-0.5550231802386093,-0.40387272380744554,0.5644988738891453,4,-0.31632603250270985
3274,2.0166008304677563,0,0,0,0,0,0,0,1,-2.1596714649135054,1.2848905661870307,0.950985,6.11239,3.21052,0.710575,2.86806,2.5795756145033497,1.4018048173852766,1.3019414001484022,1.5338735618237425,1.686129378188996,-0.3641162980958024,-0.11001290069120637,-0.3870370918189913,-0.8669128065047171,0.4150033169688831,-0.40387272380744554,1.764720691007243,2,-0.31632603250270985
3276,0.27352370269681703,0,0,0,0,0,0,0,1,-2.1474724467292527,1.2728466918797914,6.11239,5.74886,7.8436,0.950985,0.710575,1.0677281938719236,1.4623562199207651,1.3019414001484022,1.5031395200627335,3.7880698892835283,-0.3641162980958024,-0.11001290069120637,-0.3870370918189913,-0.8669128065047171,0.4150033169688831,-0.40387272380744554,1.764720691007243,2,-0.31632603250270985
3277,1.2285088090420742,0,0,0,0,0,0,0,1,-2.132742345429085,1.2686314944333508,3.21052,6.11239,5.40072,0.950985,7.8436,2.748104057488075,2.1952575906030027,2.897463674752581,2.997562427954827,2.7572786957113755,-0.3641162980958024,-0.11001290069120637,-0.3870370918189913,-0.8669128065047171,0.4150033169688831,-0.40387272380744554,2.9649425081253407,1,-0.31632603250270985
3278,1.3652776168888134,0,0,0,0,0,0,0,1,-2.1448885392864745,1.2818416408959667,3.21052,0.950985,7.8436,5.74886,0.710575,1.0677281938719236,0.7370722075602416,0.7904537796803303,0.9849503843436526,2.778651629624294,-0.3641162980958024,-0.11001290069120637,-0.3870370918189913,-0.8669128065047171,0.4150033169688831,-0.40387272380744554,1.764720691007243,2,-0.31632603250270985
3280,1.0975300926671845,0,0,0,0,0,0,0,1,-2.1075727691138586,1.2734901600829907,18.3849,1.30028,5.74886,2.12326,6.11239,2.5823537034870117,2.5020289875794273,2.897463674752581,4.026792295224946,3.776294939255308,-0.3641162980958024,-0.11001290069120637,-0.3870370918189913,-0.8669128065047171,-0.5550231802386093,-0.40387272380744554,4.165164325243438,1,-0.31632603250270985
3281,5.982493698057306,0,0,0,0,0,0,0,1,-2.097159438872459,1.2635357856826492,1.30028,5.40072,2.12326,5.74886,1.43219,2.1221011022567313,1.3379960385868435,2.9965025849611875,4.064578861081579,4.096404593241252,-0.3641162980958024,-0.11001290069120637,-0.3870370918189913,-0.8669128065047171,-0.5550231802386093,-0.40387272380744554,4.165164325243438,1,-0.31632603250270985
3282,-0.44515494143476664,0,0,0,0,0,0,0,1,-2.0876907058272423,1.272384695958198,18.3849,2.12326,5.40072,1.43219,4.82975,2.1221011022567313,1.57658408839296,1.7444688572981255,3.1609626856184114,4.352223109167176,-0.3641162980958024,-0.11001290069120637,-0.3870370918189913,-0.8669128065047171,-0.5550231802386093,0.9628281895925127,4.165164325243438,0,-0.31632603250270985
3283,-0.13552989403370141,0,0,0,0,0,0,0,1,-2.071959892287719,1.2702442576598743,1.43219,1.30028,18.3849,4.82975,1.4755,2.622909531189377,1.57658408839296,2.9965025849611875,2.5087398509367747,3.190554167198617,-0.3641162980958024,-0.11001290069120637,-0.3870370918189913,-0.8669128065047171,0.4150033169688831,0.9628281895925127,1.764720691007243,1,-0.31632603250270985
3284,-0.3955271983514906,0,0,0,0,0,0,0,1,-2.057118944455656,1.268260799406043,2.12326,4.82975,4.66092,1.30028,1.4755,2.622909531189377,1.4970817494637625,2.816611679151751,3.1609626856184114,2.6589643459096424,-0.3641162980958024,-0.11001290069120637,-0.3870370918189913,-0.8669128065047171,0.4150033169688831,2.329529102992471,0.5644988738891453,1,-0.31632603250270985
3286,0.14468194015949074,0,0,0,0,0,0,0,1,-2.1847439287197936,1.2883447053112123,6.67066,1.84171,0.710575,7.8436,8.51451,2.7754329224358947,2.4868282276182714,2.7442088898303036,2.1803014718340767,2.0283310856280194,-0.3641162980958024,-0.11001290069120637,-0.3870370918189913,-0.8669128065047171,-0.5550231802386093,0.9628281895925127,-0.6357229432289523,4,-0.31632603250270985
3288,2.4354362581448687,0,0,0,0,0,1,0,0,-1.0966209176374608,1.3724737426332363,1.48519,1.83358,6.42854,6.09193,7.47739,2.1964388799402634,2.0050166786612063,2.051939124812803,2.4550716103115855,2.162995345057723,0.8564563463274925,-0.11001290069120637,-0.3870370918189913,0.7791325223287542,-0.5550231802386093,-0.40387272380744554,-0.6357229432289523,2,-0.31632603250270985
3289,-0.6869230513350442,0,0,0,0,0,1,0,0,-0.8416817687451876,1.2476844668468914,1.40966,5.26213,1.50024,1.73672,0.76982,0.7436722517447865,0.14264885488530685,1.0771018227295952,1.2294696785306891,1.0051831184508515,-0.3641162980958024,-0.11001290069120637,-0.3870370918189913,-0.04389014208798146,3.32508280859136,-0.40387272380744554,-0.6357229432289523,0,-0.31632603250270985
3291,-0.4040035310909813,0,0,0,0,0,1,0,0,-0.8386425021260737,1.239864993935021,5.26213,0.657663,0.76982,1.50024,1.73672,0.21123858981322147,-0.0415410377111344,0.5266353834250824,0.3819780837101241,0.19407500431679367,-0.3641162980958024,-0.11001290069120637,-0.3870370918189913,-0.04389014208798146,3.32508280859136,-0.40387272380744554,-0.6357229432289523,0,-0.31632603250270985
3292,1.0453891714791683,0,0,0,0,0,1,0,0,-0.83292025195137,1.2438552564523835,1.40966,1.50024,0.657663,1.73672,0.76982,0.21123858981322147,-0.18932341610713638,-0.301372600652088,-0.4577452883980394,-0.41261653190807657,-0.3641162980958024,-0.11001290069120637,-0.3870370918189913,0.7791325223287542,2.355056311383868,-0.40387272380744554,-0.6357229432289523,0,-0.31632603250270985
3293,-0.3699251369701175,0,0,0,0,0,1,0,0,-0.825164166997904,1.246414785529163,1.73672,5.26213,0.76982,1.40966,2.79703,-0.2900299125313314,-0.18932341610713638,0.3720947707554457,0.3819780837101241,0.05877295605496726,-0.3641162980958024,-0.11001290069120637,-0.3870370918189913,-0.04389014208798146,2.355056311383868,-0.40387272380744554,-0.6357229432289523,1,-0.31632603250270985
3295,-0.28095562226817583,0,0,0,0,0,1,0,0,-0.8227259261067718,1.241792467485771,1.50024,0.76982,5.26213,2.79703,3.89125,-0.2900299125313314,-0.05715456068245078,-0.14884975591159666,-0.20887361789203204,-0.34962774414228054,-0.3641162980958024,-0.11001290069120637,-0.3870370918189913,-0.8669128065047171,2.355056311383868,-0.40387272380744554,0.5644988738891453,1,-0.31632603250270985
3297,-0.644726866201309,0,0,0,0,0,1,0,0,-0.8262107933639551,1.2342080651138305,1.73672,5.26213,1.50024,1.40966,3.89125,0.7228621585787877,0.7420956510762181,0.3720947707554457,0.14110619125882784,-0.0847665269611613,-0.3641162980958024,-0.11001290069120637,-0.3870370918189913,-0.04389014208798146,2.355056311383868,-0.40387272380744554,0.5644988738891453,0,-0.31632603250270985
3299,0.11795873046193109,0,0,0,0,0,1,0,0,-0.8108953000625161,1.2414803523623807,3.89125,1.09037,3.33778,1.73672,4.22611,-0.0012299470377935366,0.29086354206827475,-0.10085974246593206,-0.20887361789203204,-0.28952429717763545,-0.3641162980958024,-0.11001290069120637,-0.3870370918189913,-0.8669128065047171,0.4150033169688831,-0.40387272380744554,1.764720691007243,2,-0.31632603250270985
3300,0.5296308480919993,0,0,0,0,0,1,0,0,-0.8119678296258893,1.2355219880599009,2.79703,4.22611,1.09037,1.73672,0.76982,-0.0012299470377935366,0.39946950499283157,0.05194120162135282,-0.06274535583068583,-0.0847665269611613,-0.3641162980958024,-0.11001290069120637,-0.3870370918189913,-0.8669128065047171,1.3850298141763753,-0.40387272380744554,0.5644988738891453,2,-0.31632603250270985
3301,0.655613306198783,0,0,0,0,0,1,0,0,-0.8015402152339615,1.2329541617301218,1.09037,0.789685,3.89125,0.921339,2.79703,-0.1036504889077444,-0.09115682495499809,-0.07868091737180972,-0.07137808025755338,-0.28952429717763545,-0.3641162980958024,-0.11001290069120637,-0.3870370918189913,-0.8669128065047171,-0.5550231802386093,-0.40387272380744554,0.5644988738891453,4,-0.31632603250270985
3302,-0.5241281773578238,0,0,0,0,0,1,0,0,-0.8010332851990549,1.2386635904979162,4.22611,2.79703,3.33778,3.89125,2.36501,-0.1036504889077444,0.29086354206827475,-0.07448951359933981,-0.27973402653903745,-0.1847824364981508,-0.3641162980958024,-0.11001290069120637,-0.3870370918189913,-0.8669128065047171,-0.5550231802386093,-0.40387272380744554,1.764720691007243,3,-0.31632603250270985
3305,-0.04457767744373881,0,0,0,0,1,0,0,0,-0.7924056864348649,1.2486442379516824,2.91507,1.02945,3.33778,1.09037,2.11924,0.5717174064341815,0.22600922195295223,-0.04453556176756799,0.11888522294049679,0.24453746163725718,-0.3641162980958024,-0.11001290069120637,-0.3870370918189913,-0.8669128065047171,-0.5550231802386093,-0.40387272380744554,0.5644988738891453,4,-0.31632603250270985
3306,0.32140200293772153,0,0,0,0,1,0,0,0,-0.8033563817543976,1.248570188302613,2.79703,1.09037,2.36501,3.89125,4.22611,1.2973712799844577,0.4043032689926935,-0.04453556176756799,0.5889074662889285,0.3029089387845932,-0.3641162980958024,-0.11001290069120637,-0.3870370918189913,-0.8669128065047171,-0.5550231802386093,-0.40387272380744554,1.764720691007243,3,-0.31632603250270985
3307,0.1623682429594666,0,0,0,0,1,0,0,0,-0.7841038669635542,1.2487410257059417,1.02945,2.36501,8.95371,2.11924,1.31284,-0.5386755988613905,-0.1705563624321672,0.1263958087175087,0.03228006234454882,0.6671779644698261,-0.3641162980958024,-0.11001290069120637,-0.3870370918189913,-0.8669128065047171,-0.5550231802386093,-0.40387272380744554,0.5644988738891453,4,-0.31632603250270985
3308,-0.6372531711338443,0,0,0,0,0,1,0,0,-0.7974498134221247,1.2257984687515733,4.22611,0.921339,1.09037,1.31284,3.89125,0.6775430919807791,0.08530183036688781,0.5955324476666356,0.3744046759128228,0.4802970155927666,-0.3641162980958024,-0.11001290069120637,-0.3870370918189913,-0.8669128065047171,-0.5550231802386093,-0.40387272380744554,1.764720691007243,3,-0.31632603250270985
3309,-0.5877217414629654,0,0,0,0,1,0,0,0,-0.7892763910257853,1.230186765482148,1.31284,0.789685,2.11924,4.22611,1.09037,-0.13587567290399336,0.08530183036688781,-0.3280485522750785,-0.07137808025755338,-0.0028172602421970452,-0.3641162980958024,-0.11001290069120637,-0.3870370918189913,-0.8669128065047171,-0.5550231802386093,-0.40387272380744554,0.5644988738891453,4,-0.31632603250270985
3310,-0.44042956463902755,0,0,0,0,1,0,0,0,-0.7833315221973829,1.2309157591731674,2.11924,0.921339,1.02945,0.789685,8.95371,-0.15032974031753293,-0.7014535915057113,0.6320958278153113,0.3744046759128228,0.41563494396670725,-0.3641162980958024,-0.11001290069120637,-0.3870370918189913,-0.8669128065047171,-0.5550231802386093,-0.40387272380744554,0.5644988738891453,4,-0.31632603250270985
3311,-0.1370423155877517,0,0,0,0,1,0,0,0,-0.7824596632216844,1.2364417126367497,1.31284,1.02945,0.921339,8.95371,2.91507,-0.15032974031753293,-0.12110642607737811,-0.3280485522750785,-0.10722451535520784,-0.2633840378286939,-0.3641162980958024,-0.11001290069120637,-0.3870370918189913,-0.8669128065047171,-0.5550231802386093,-0.40387272380744554,0.5644988738891453,4,-0.31632603250270985
3313,-0.5470477597142273,0,0,0,0,1,0,0,0,-0.7834638004042741,1.2443853335517825,2.91507,2.11924,2.36501,8.95371,1.31284,-0.5386755988613905,-0.12110642607737811,-0.22909001569101242,-0.5022454816586257,-0.07975939683010984,-0.3641162980958024,-0.11001290069120637,-0.3870370918189913,-0.8669128065047171,-0.5550231802386093,-0.40387272380744554,-0.6357229432289523,5,-0.31632603250270985
3314,2.4342511517032612,0,0,0,0,1,0,0,0,-0.7732876432761953,1.2442927865674545,1.02945,2.91507,2.11924,1.31284,2.36501,1.1464524954079083,0.6359755897301498,0.2465263619781079,0.7804397304763564,0.7757324747585415,-0.3641162980958024,-0.11001290069120637,-0.3870370918189913,-0.8669128065047171,-0.5550231802386093,-0.40387272380744554,0.5644988738891453,4,-0.31632603250270985
3316,-0.8749862757686518,0,0,0,0,1,0,0,0,-0.7488943028585311,1.2462322363443428,0.462715,1.83665,1.31078,0.768237,1.78794,-0.8041237924214704,-1.0882780136753516,-0.8904005626770657,-1.1130957702236683,-0.505833565056305,-0.3641162980958024,-0.11001290069120637,-0.3870370918189913,-0.8669128065047171,-0.5550231802386093,-0.40387272380744554,1.764720691007243,3,-0.31632603250270985
3317,-0.7602672197726038,0,0,0,0,1,0,0,0,-0.7522638693170396,1.2479146187534962,0.157793,1.83665,1.31078,0.768237,1.78794,-0.8041237924214704,-1.0212583567653117,-0.5891393981715486,-0.46578505416087923,-0.4001363698947553,-0.3641162980958024,-0.11001290069120637,-0.3870370918189913,-0.8669128065047171,-0.5550231802386093,-0.40387272380744554,1.764720691007243,2,1.7381456473456194
3318,-0.24335953124921014,0,0,0,0,1,0,0,0,-0.7521651203424871,1.2435904293742983,1.31078,0.157793,0.462715,0.768237,1.78794,-0.8415543978254156,-1.0882780136753516,-1.3106078628321876,-0.5111465429746803,0.15447568531067643,-0.3641162980958024,-0.11001290069120637,-0.3870370918189913,-0.8669128065047171,-0.5550231802386093,-0.40387272380744554,0.5644988738891453,3,1.7381456473456194
3319,-0.4412045866294115,0,0,0,0,1,0,0,0,-0.7510823726400027,1.2402733886432251,1.83665,0.157793,0.462715,0.768237,1.78794,-0.8415543978254156,-0.5366515209099221,-0.5891393981715486,-0.4606261861035823,0.5616109416967723,-0.3641162980958024,-0.11001290069120637,-0.3870370918189913,-0.8669128065047171,-0.5550231802386093,-0.40387272380744554,0.5644988738891453,3,1.7381456473456194
3321,-0.6453224292162497,0,0,0,0,1,0,0,0,-0.7422274002438214,1.2454173354371645,0.157793,1.60712,1.83665,0.462715,1.31078,0.08736822877159311,-0.2428908614160278,-0.20908464738940405,-0.46578505416087923,-0.71073867775146,-0.3641162980958024,-0.11001290069120637,-0.3870370918189913,-0.8669128065047171,-0.5550231802386093,-0.40387272380744554,2.9649425081253407,1,1.7381456473456194
3323,-0.26168541530338624,0,0,0,0,1,0,0,0,-0.7432623734442623,1.2558512822342716,1.531,1.60712,0.768237,0.157793,0.462715,0.6212672281994347,0.16851786497581023,-0.003299342084968086,-0.23485673749822636,-0.4001363698947553,-0.3641162980958024,-0.11001290069120637,-0.3870370918189913,-0.8669128065047171,-0.5550231802386093,-0.40387272380744554,0.5644988738891453,3,1.7381456473456194
3324,-0.3583524785117628,0,0,0,0,1,0,0,0,-0.7350119114083217,1.257625267966921,1.97347,1.60712,1.78794,0.768237,0.157793,0.5445193689752439,-0.17857854915339583,-0.540719750316545,0.3273708063154077,0.5773752682015515,-0.3641162980958024,-0.11001290069120637,-0.3870370918189913,-0.8669128065047171,-0.5550231802386093,-0.40387272380744554,0.5644988738891453,3,1.7381456473456194
3325,-0.19188452701409653,0,0,0,0,1,0,0,0,-0.7324072121383598,1.250309161397926,1.60712,1.531,0.768237,1.79701,1.78794,-0.9191739957182584,-0.19096267100812697,-0.01161444806267218,-0.2683805540019427,-0.3987200288806683,-0.3641162980958024,-0.11001290069120637,-0.3870370918189913,-0.8669128065047171,-0.5550231802386093,-0.40387272380744554,0.5644988738891453,4,-0.31632603250270985
3326,-0.3297142872942737,0,0,0,0,1,0,0,0,-0.7358201512198869,1.2498976459062294,1.97347,0.768237,1.531,1.78794,1.79701,-0.9191739957182584,-0.2428908614160278,-0.5799120066195711,-0.5730779987018771,-0.2500227788216231,-0.3641162980958024,-0.11001290069120637,-0.3870370918189913,-0.8669128065047171,-0.5550231802386093,-0.40387272380744554,-0.6357229432289523,5,-0.31632603250270985
3329,-0.25827306120009375,0,0,0,0,1,0,0,0,-0.7264091838258852,1.241095331906795,0.554504,3.02995,0.535042,1.97347,2.89566,-0.2142287083387198,-0.7185137019099546,-0.70604880736773,-0.2683805540019427,-0.4255038119712441,-0.3641162980958024,-0.11001290069120637,-0.3870370918189913,-0.8669128065047171,-0.5550231802386093,-0.40387272380744554,1.764720691007243,3,-0.31632603250270985
3333,-0.0776139303445231,0,0,0,0,1,0,0,0,-0.7159383966775639,1.2568643299900524,2.87484,2.55296,1.02911,3.02995,2.89566,0.35690603019544426,0.49733817456123364,0.46594384693199975,0.5835269088323726,0.310635003855268,-0.3641162980958024,-0.11001290069120637,-0.3870370918189913,-0.8669128065047171,2.355056311383868,-0.40387272380744554,0.5644988738891453,1,-0.31632603250270985
3335,0.20558888677272372,0,0,0,0,1,0,0,0,-0.7206020210349775,1.242180839139259,1.79701,2.89566,0.535042,0.554504,0.654029,-0.1586138139107822,-0.5928325967776656,-0.9269510725564383,-0.7596900293158244,-0.9151237412284811,-0.3641162980958024,-0.11001290069120637,-0.3870370918189913,-0.8669128065047171,-0.5550231802386093,-0.40387272380744554,1.764720691007243,3,-0.31632603250270985
3336,-0.7257339705127234,0,0,0,0,1,0,0,0,-0.725963878059067,1.2357209815923806,0.535042,1.79701,3.02995,0.347138,0.654029,-0.43993879901005495,-0.7602407823593929,-0.4894336775004571,-0.6111889473581129,-0.6084152733399703,-0.3641162980958024,-0.11001290069120637,-0.3870370918189913,-0.04389014208798146,-0.5550231802386093,-0.40387272380744554,2.9649425081253407,1,-0.31632603250270985
3338,-0.733056047200516,0,0,0,0,1,0,0,0,-0.7209731199875654,1.2360595680561892,0.554504,0.347138,0.654029,3.02995,1.79701,-0.43993879901005495,-0.9235200323204329,-1.0146423936691042,-1.1475711597018787,-1.1564576483271534,-0.3641162980958024,-0.11001290069120637,-0.3870370918189913,-0.04389014208798146,-0.5550231802386093,-0.40387272380744554,1.764720691007243,2,-0.31632603250270985
3340,-0.631620341405675,0,0,1,0,0,0,0,0,-0.31557144028553546,0.3928290009548402,1.14624,0.803714,0.0684861,2.59372,2.51941,0.9795581114820655,0.3400562958193367,0.830866071070466,0.904315546587706,0.5451273580641293,-0.3641162980958024,-0.11001290069120637,-0.3870370918189913,-0.8669128065047171,-0.5550231802386093,-0.40387272380744554,-0.6357229432289523,5,-0.31632603250270985
3342,-0.6319751208896226,0,0,1,0,0,0,0,0,-0.31222138472429595,0.383459896295964,0.860865,0.0684861,0.804657,2.04477,1.14624,0.8734325795337803,0.06931972425659481,-0.13019868883757546,-0.1841249731556983,0.5565667874779207,-0.3641162980958024,-0.11001290069120637,-0.3870370918189913,-0.8669128065047171,0.4150033169688831,-0.40387272380744554,-0.6357229432289523,4,-0.31632603250270985
3343,-0.7215221398416805,0,0,1,0,0,0,0,0,-0.273105070008136,0.2837989444213242,1.45003,0.996144,2.5403,2.01282,1.18372,0.19890260755098635,0.07399090915933555,0.30912862049110146,0.11185473998213669,-0.09020547913997812,-0.3641162980958024,-0.11001290069120637,1.4728290102938495,0.7791325223287542,-0.5550231802386093,-0.40387272380744554,-0.6357229432289523,2,-0.31632603250270985
3345,-0.3888153574250587,0,0,1,0,0,0,0,0,-0.2661834704723213,0.2823205916400866,0.996144,2.5403,0.565699,1.18372,2.01282,-1.2690402335134943,-0.7563155303795112,-0.8155018712988926,-0.5482431233324959,-0.6212122419736363,-0.3641162980958024,-0.11001290069120637,1.4728290102938495,0.7791325223287542,-0.5550231802386093,-0.40387272380744554,-0.6357229432289523,2,-0.31632603250270985
3346,0.021370674349661636,0,0,1,0,0,0,0,0,-0.2604243971788018,0.282596249770017,0.996144,1.45003,2.21703,2.01282,1.18372,-0.9063648440002107,-0.7563155303795112,-0.35372110009924557,-0.472109770701563,-0.6475318539279948,-0.3641162980958024,-0.11001290069120637,1.4728290102938495,0.7791325223287542,-0.5550231802386093,-0.40387272380744554,-0.6357229432289523,2,-0.31632603250270985
3347,-0.5595782851568137,0,0,1,0,0,0,0,0,-0.2638844426626522,0.28217789717013825,1.45003,2.5403,0.565699,1.18372,2.21703,-1.2690402335134943,-1.2795408819421106,-0.36090657308725305,-0.6010753232063522,-0.7720482661526074,-0.3641162980958024,-0.11001290069120637,-0.3870370918189913,1.6021551867454897,-0.5550231802386093,-0.40387272380744554,-0.6357229432289523,2,-0.31632603250270985
3348,-0.48900764201688063,0,0,1,0,0,0,0,0,-0.2644025474667719,0.27315803983373604,2.21703,1.72668,0.996144,1.45003,2.5403,-0.368479690619154,-0.348129256412781,-0.3105214087713325,-0.5482431233324959,-0.6475318539279948,-0.3641162980958024,-0.11001290069120637,-0.3870370918189913,0.7791325223287542,-0.5550231802386093,-0.40387272380744554,-0.6357229432289523,3,-0.31632603250270985
3349,-0.10025134450054411,0,0,1,0,0,0,0,0,-0.25920759900126306,0.273840688292749,1.18372,2.5403,1.72668,0.996144,1.45003,-0.368479690619154,0.08227760319715267,-0.3193535189366283,-0.5281785852872052,-0.5516978632145355,-0.3641162980958024,-0.11001290069120637,-0.3870370918189913,1.6021551867454897,-0.5550231802386093,-0.40387272380744554,-0.6357229432289523,2,-0.31632603250270985
3351,1.9876616598365253,0,0,0,0,1,0,0,0,-0.6087096337212037,1.1821079754765744,1.52454,13.7165,1.63623,0.631627,2.76352,0.877612293672885,1.8365554112245233,1.399806030738488,0.9431168881667,0.6539307202260094,-0.3641162980958024,-0.11001290069120637,-0.3870370918189913,-0.8669128065047171,4.295109305798853,-0.40387272380744554,-0.6357229432289523,0,-0.31632603250270985
3353,-0.3607828872777241,0,0,0,0,1,0,0,0,-0.60318189632099,1.1750834956037253,1.63623,7.76668,0.631627,2.76352,2.81126,0.7555634342468882,0.058952309663222055,-0.3481090365430931,-0.33298716492754776,-0.5833208314701366,-0.3641162980958024,-0.11001290069120637,-0.3870370918189913,-0.8669128065047171,3.32508280859136,-0.40387272380744554,-0.6357229432289523,1,-0.31632603250270985
3355,0.1053514552688406,0,0,0,0,1,0,0,0,-0.6047730211306599,1.1647343958123475,0.631627,1.63623,4.29216,1.52454,2.81126,-0.6903376188718671,-0.41133131378918414,-0.3922236055872757,-0.33298716492754776,-0.31672290399072967,-0.3641162980958024,-0.11001290069120637,-0.3870370918189913,-0.8669128065047171,4.295109305798853,-0.40387272380744554,-0.6357229432289523,0,-0.31632603250270985
3356,-0.6967184263552562,0,0,0,0,1,0,0,0,-0.601012568501008,1.1664649860024816,1.63623,2.76352,2.81126,1.52454,4.29216,-1.029835735162011,-1.1174586646706326,-0.49774490400002497,-0.6343986418066909,-0.8472591450412559,-0.3641162980958024,-0.11001290069120637,-0.3870370918189913,-0.8669128065047171,4.295109305798853,-0.40387272380744554,-0.6357229432289523,0,-0.31632603250270985
3357,-0.31876239887676056,0,0,0,0,1,0,0,0,-0.5984160384736753,1.1680216215151473,0.631627,2.81126,2.76352,1.52454,4.0854,-1.029835735162011,-0.7873226944552247,-0.7817341923479433,-0.7276993981495993,-0.7094944539857573,-0.3641162980958024,-0.11001290069120637,-0.3870370918189913,-0.8669128065047171,4.295109305798853,-0.40387272380744554,-0.6357229432289523,0,-0.31632603250270985
3358,0.12331240178385525,0,0,0,0,1,0,0,0,-0.5932758874154447,1.1701617598326426,1.63623,0.631627,4.0854,1.52454,2.76352,-0.25032415680752484,-0.08381879700924219,-0.2767999777092528,-0.32023409671626574,-0.31672290399072967,-0.3641162980958024,-0.11001290069120637,-0.3870370918189913,-0.8669128065047171,4.295109305798853,-0.40387272380744554,-0.6357229432289523,0,-0.31632603250270985
3359,0.602674789564352,0,0,0,0,1,0,0,0,-0.5908972402505461,1.1612456249921088,4.29216,2.81126,2.01882,1.65854,1.63623,0.9471580172938051,0.170987394098212,-0.19671162212714222,-0.4820831637854794,-0.7094944539857573,-0.3641162980958024,-0.11001290069120637,-0.3870370918189913,-0.8669128065047171,4.295109305798853,-0.40387272380744554,-0.6357229432289523,0,-0.31632603250270985
3360,0.6804629190458027,0,0,0,0,1,0,0,0,-0.5995913676817044,1.1575847315027767,3.91195,2.76352,4.0854,0.631627,1.63623,0.7616149109518786,0.037874335214489956,-0.32870160803351184,-0.611047765233323,-0.5882836244795113,-0.3641162980958024,-0.11001290069120637,-0.3870370918189913,-0.8669128065047171,4.295109305798853,-0.40387272380744554,-0.6357229432289523,0,-0.31632603250270985
3361,0.5374186904225566,0,0,0,0,1,0,0,0,-0.5962264034141852,1.1498242315938303,1.65854,4.29216,2.43314,2.01882,3.85158,0.12749406902548746,-0.028078910489418636,-0.35783423980676055,-0.3391663115103678,-0.30274506770539683,-0.3641162980958024,-0.11001290069120637,-0.3870370918189913,-0.8669128065047171,2.355056311383868,-0.40387272380744554,-0.6357229432289523,2,-0.31632603250270985
3362,-0.3103688354760489,0,0,0,0,1,0,0,0,-0.5896533419207138,1.1516517249856528,2.01882,3.91195,3.85158,4.0854,2.43314,-0.6709762753476796,-0.5038509434654646,-0.28548250630000105,-0.4820831637854794,-0.6579068911538348,-0.3641162980958024,-0.11001290069120637,-0.3870370918189913,-0.8669128065047171,2.355056311383868,-0.40387272380744554,-0.6357229432289523,2,-0.31632603250270985
3363,-0.17482275649763412,0,0,0,0,1,0,0,0,-0.5856655006732242,1.1530344147753029,1.65854,3.85158,4.0854,3.91195,2.43314,-0.6709762753476796,0.24667907099738698,-0.19671162212714222,-0.3391663115103678,-0.20092247730767135,-0.3641162980958024,-0.11001290069120637,-0.3870370918189913,-0.8669128065047171,2.355056311383868,-0.40387272380744554,-0.6357229432289523,2,-0.31632603250270985
3364,0.5147060314131003,0,0,0,0,1,0,0,0,-0.58512847449271,1.1435471836274744,2.43314,1.65854,2.01882,4.09777,3.91195,0.26960289919132996,0.1609742108288276,-0.21116698857100763,-0.47237394352901707,-0.30274506770539683,-0.3641162980958024,-0.11001290069120637,-0.3870370918189913,-0.8669128065047171,2.355056311383868,-0.40387272380744554,-0.6357229432289523,2,-0.31632603250270985
3365,-0.018945518120991506,0,0,0,0,1,0,0,0,-0.5922222750999444,1.1418566314932928,3.85158,3.91195,2.09271,1.65854,1.72494,0.26960289919132996,0.07753409774554777,-0.2856564700822713,-0.4024148356297309,-0.6257501398097496,-0.3641162980958024,-0.11001290069120637,-0.3870370918189913,-0.8669128065047171,1.3850298141763753,-0.40387272380744554,-0.6357229432289523,3,-0.31632603250270985
3366,-0.2853875441355172,0,0,0,0,1,0,0,0,-0.6021589974578038,1.1375516280683684,2.43314,2.09271,3.91195,3.85158,1.65854,1.380967534411608,0.4394141001771016,0.633716079395927,0.9142247165680939,0.7542925010451731,-0.3641162980958024,-0.11001290069120637,-0.3870370918189913,-0.8669128065047171,1.3850298141763753,-0.40387272380744554,-0.6357229432289523,3,-0.31632603250270985
3367,-0.14702354539594914,0,0,0,0,1,0,0,0,-0.592492463749056,1.1327101730535316,2.43314,4.09777,1.72494,3.85158,3.81681,1.0133222324055438,0.31442140178624395,-0.04404457042770646,0.11878140802907808,0.2400150849486368,-0.3641162980958024,-0.11001290069120637,-0.3870370918189913,-0.8669128065047171,-0.5550231802386093,-0.40387272380744554,-0.6357229432289523,5,-0.31632603250270985
3369,0.6073286837493275,0,0,0,0,1,0,0,0,-0.5822061071928101,1.1342264398411586,3.85158,2.09271,3.81681,2.43314,1.65854,1.1982433787806788,0.31442140178624395,0.1712949943902202,-0.021358912729290875,0.8271867628156452,-0.3641162980958024,-0.11001290069120637,-0.3870370918189913,-0.8669128065047171,0.4150033169688831,-0.40387272380744554,-0.6357229432289523,4,-0.31632603250270985
3371,0.5016247136433671,0,0,0,0,1,0,0,0,-0.5796944966622478,1.1231742582835456,4.09777,8.31433,2.09271,3.85158,2.43314,1.7156973769626211,0.9230969737322285,1.0295186959826068,1.653136456878209,1.3914673876015058,-0.3641162980958024,-0.11001290069120637,-0.3870370918189913,-0.8669128065047171,-0.5550231802386093,-0.40387272380744554,-0.6357229432289523,5,-0.31632603250270985
3372,2.193700879755835,0,0,0,0,1,0,0,0,-0.5826826569958612,1.111237983013878,3.59318,3.81681,1.8293,4.09777,2.09271,1.5055591077768467,0.9230969737322285,1.485447214599947,2.0280400719854987,1.611474706256064,-0.3641162980958024,-0.11001290069120637,-0.3870370918189913,-0.8669128065047171,-0.5550231802386093,-0.40387272380744554,-0.6357229432289523,5,-0.31632603250270985
3373,0.4174896807746459,0,0,0,0,1,0,0,0,-0.5808389119540398,1.100722076070049,1.8293,8.31433,4.54851,3.81681,0.0949909,0.2736391292073884,0.5300920555821128,0.7309502001123875,1.93106147926153,1.5842433300810435,-0.3641162980958024,-0.11001290069120637,-0.3870370918189913,-0.8669128065047171,-0.5550231802386093,-0.40387272380744554,-0.6357229432289523,5,-0.31632603250270985
3375,-0.24612477961295873,0,0,0,0,1,0,0,0,-0.5808318517242923,1.0938373836998796,3.59318,4.54851,8.31433,0.0949909,4.43424,0.2736391292073884,-0.21871103945534753,1.485447214599947,1.16387447931337,1.3932521838445804,-0.3641162980958024,-0.11001290069120637,-0.3870370918189913,-0.8669128065047171,-0.5550231802386093,-0.40387272380744554,-0.6357229432289523,5,-0.31632603250270985
3376,0.7769080099365451,0,0,0,0,1,0,0,0,-0.5850820899842418,1.0873682305643497,1.8293,0.0949909,3.59318,4.43424,8.31433,0.5075356508450084,0.7746389098150281,0.7309502001123875,0.4740997902360752,1.7159664931428549,-0.3641162980958024,-0.11001290069120637,-0.3870370918189913,-0.8669128065047171,-0.5550231802386093,-0.40387272380744554,-0.6357229432289523,5,-0.31632603250270985
3379,0.7339168629262656,0,0,0,0,1,0,0,0,-0.5887137678497655,1.0730261846167843,0.0949909,4.54851,1.8293,4.42628,3.59318,1.9970480076286896,1.5307246435752826,2.462787520220034,2.053137010115136,2.517626519432795,-0.3641162980958024,-0.11001290069120637,-0.3870370918189913,-0.8669128065047171,-0.5550231802386093,-0.40387272380744554,0.5644988738891453,4,-0.31632603250270985
3382,-0.6966510822114315,0,0,0,1,0,0,0,0,0.0809565779899772,-0.19817047540436655,1.2447,3.97294,2.11963,1.41937,7.58926,2.2961340122324145,1.1346383224206718,0.8105408578058834,0.5975669509938213,0.7869803948273072,-0.3641162980958024,-0.11001290069120637,-0.3870370918189913,0.7791325223287542,0.4150033169688831,-0.40387272380744554,-0.6357229432289523,2,-0.31632603250270985
3383,0.5603646084776625,0,0,0,1,0,0,0,0,0.06800425090187207,-0.20317534447830304,7.58926,1.41937,7.39182,0.631806,6.19788,1.4682019255607945,0.738047880794764,0.3254076228167193,0.16961386010313761,0.3269762748044085,-0.3641162980958024,-0.11001290069120637,-0.3870370918189913,1.6021551867454897,-0.5550231802386093,-0.40387272380744554,-0.6357229432289523,2,-0.31632603250270985
3385,-0.4003503934566957,0,0,0,1,0,0,0,0,0.07510994407215102,-0.21256085472696143,2.11963,7.39182,1.2447,3.97294,1.47329,0.25991448637555153,0.5082887868421706,0.045582105366918875,-0.13525960573200374,-0.14392928423951154,-0.3641162980958024,-0.11001290069120637,-0.3870370918189913,1.6021551867454897,0.4150033169688831,-0.40387272380744554,-0.6357229432289523,1,-0.31632603250270985
3387,-0.13689558812355285,0,0,0,1,0,0,0,0,0.08241296018719331,-0.21241544216582867,1.2447,1.41937,1.47329,0.631806,0.34164,-0.5995479915164815,-0.40449774924023874,-0.33024272792714104,0.3928026439484947,0.27336329177387736,-0.3641162980958024,-0.11001290069120637,-0.3870370918189913,0.7791325223287542,0.4150033169688831,-0.40387272380744554,-0.6357229432289523,2,-0.31632603250270985
3388,-0.46606548620444666,0,0,0,1,0,0,0,0,0.08627585781528631,-0.21026262184095393,2.11963,1.47329,1.41937,0.631806,0.34164,-0.5995479915164815,0.46806652565497203,0.045582105366918875,0.16085877589079411,0.26953478665778147,-0.3641162980958024,-0.11001290069120637,-0.3870370918189913,1.6021551867454897,-0.5550231802386093,-0.40387272380744554,-0.6357229432289523,2,-0.31632603250270985
3389,-0.380064380970529,0,0,0,1,0,0,0,0,0.08608977803219331,-0.22066543929167007,0.34164,2.11963,2.88151,1.2447,1.41937,0.4365388241467955,0.10935419050336705,-0.07673329191363809,-0.34280407179348615,-0.14392928423951154,-0.3641162980958024,-0.11001290069120637,-0.3870370918189913,0.7791325223287542,0.4150033169688831,-0.40387272380744554,-0.6357229432289523,2,-0.31632603250270985
3390,-0.4454784943045386,0,0,0,1,0,0,0,0,0.04504451684020936,-0.2079155384322167,2.80126,2.21609,1.9892,1.96695,6.19788,-0.5264957407888071,0.2841425205854478,0.09628414914336354,-0.19402654608410988,-0.37221849387473166,-0.3641162980958024,-0.11001290069120637,-0.3870370918189913,3.248200515578961,-0.5550231802386093,-0.40387272380744554,-0.6357229432289523,0,-0.31632603250270985
3391,-0.18596651929140734,0,0,0,1,0,0,0,0,0.05300891326168223,-0.21592770624347074,2.64234,7.39182,1.29942,2.80126,6.19788,1.3128007419759136,0.4717328878309443,0.09628414914336354,-0.09187866302360388,0.6679921984428129,-0.3641162980958024,-0.11001290069120637,-0.3870370918189913,3.248200515578961,-0.5550231802386093,-0.40387272380744554,-0.6357229432289523,0,-0.31632603250270985
3393,1.8466302310426745,0,0,0,1,0,0,0,0,0.06404307334517793,-0.214615044125051,2.64234,1.9892,1.41937,3.97294,2.16711,0.6695188191287333,0.4717328878309443,0.015677340183548466,-0.03729231845034443,-0.04292778469667636,-0.3641162980958024,-0.11001290069120637,-0.3870370918189913,2.4251778511622253,-0.5550231802386093,-0.40387272380744554,-0.6357229432289523,1,-0.31632603250270985
3394,0.059760598572370247,0,0,0,1,0,0,0,0,0.061327093903394914,-0.22230203636603998,7.39182,2.91967,1.9892,2.16711,1.41937,0.6695188191287333,0.0734690612115626,-0.09082163774702927,-0.2285615931069319,0.3823352717683266,-0.3641162980958024,-0.11001290069120637,-0.3870370918189913,3.248200515578961,-0.5550231802386093,-0.40387272380744554,-0.6357229432289523,0,-0.31632603250270985
3395,0.1640988745884793,0,0,0,1,0,0,0,0,0.06698656370452788,-0.22931794083884544,2.16711,2.64234,7.39182,2.88151,1.98182,0.0617154115860424,0.0734690612115626,0.9484222234094184,0.6875323063697762,0.4962777620034309,-0.3641162980958024,-0.11001290069120637,-0.3870370918189913,1.6021551867454897,-0.5550231802386093,-0.40387272380744554,0.5644988738891453,1,-0.31632603250270985
3396,-0.11903245991800396,0,0,0,1,0,0,0,0,0.07247606347513838,-0.22579064315659067,2.91967,2.64234,2.88151,1.41937,7.39182,0.0617154115860424,0.6166772778259684,0.25795825475620293,0.23229300829866872,-0.04292778469667636,-0.3641162980958024,-0.11001290069120637,-0.3870370918189913,2.4251778511622253,-0.5550231802386093,-0.40387272380744554,-0.6357229432289523,1,-0.31632603250270985
3402,0.11042672063305403,1,0,0,0,0,0,0,0,0.3460973469821766,-0.9178859793617026,0.704917,3.45035,4.27254,3.28571,2.83558,0.3986756652881392,-0.21510887760199923,-0.37968322469831645,-0.33885143425409014,-0.5539269993348017,-0.3641162980958024,-0.11001290069120637,1.4728290102938495,-0.8669128065047171,-0.5550231802386093,0.9628281895925127,-0.6357229432289523,3,-0.31632603250270985
3403,0.6730813989237963,1,0,0,0,0,0,0,0,0.336794512541723,-0.9176251359503969,2.83558,2.77701,0.662677,3.45035,3.60251,0.7936932324888243,0.05233661204970089,-0.03903792891615098,-0.3244508402535764,-0.12916732829241573,-0.3641162980958024,-0.11001290069120637,1.4728290102938495,-0.04389014208798146,-0.5550231802386093,0.9628281895925127,-0.6357229432289523,2,-0.31632603250270985
3405,-0.3487098505440244,1,0,0,0,0,0,0,0,0.33935320104128275,-0.9046251303073809,2.83558,0.890712,3.60251,1.20052,4.27254,-0.40459684024102427,-0.3282057009078684,-0.4283571076912624,-0.0732537104878291,-0.12276042842945847,-0.3641162980958024,-0.11001290069120637,1.4728290102938495,-0.04389014208798146,-0.5550231802386093,3.696230016392429,-0.6357229432289523,0,-0.31632603250270985
3407,-0.5992443620937857,1,0,0,0,0,0,0,0,0.3469813799951907,-0.9041292863355604,1.20052,1.55663,2.83558,1.20904,2.77701,-0.43275838272489187,-0.3282057009078684,-0.3007275774949559,0.2506625694890873,-0.026534428910121702,-0.3641162980958024,-0.11001290069120637,3.3326951124066904,-0.8669128065047171,-0.5550231802386093,3.696230016392429,-0.6357229432289523,0,-0.31632603250270985
3408,-0.48268707432831237,1,0,0,0,0,0,0,0,0.35200344937239636,-0.9045921273910381,0.890712,1.20904,0.828373,1.55663,2.21751,-0.43275838272489187,0.11799705114270444,-0.1651400376992593,-0.0732537104878291,-0.2865096152765154,-0.3641162980958024,-0.11001290069120637,1.4728290102938495,-0.8669128065047171,0.4150033169688831,2.329529102992471,-0.6357229432289523,1,-0.31632603250270985
3412,-0.14289260294234918,1,0,0,0,0,0,0,0,0.31269227797811794,-0.9152071626339567,0.307578,1.78733,0.59128,5.01541,3.48715,-0.7584998191273655,-0.4324943349496129,-0.7299383083464015,-0.7945278064213802,-1.0081799622311265,-0.3641162980958024,-0.11001290069120637,1.4728290102938495,-0.04389014208798146,-0.5550231802386093,-0.40387272380744554,0.5644988738891453,2,-0.31632603250270985
3416,1.5612076907490855,0,1,0,0,0,0,0,0,1.3543077292987766,-1.1226858694368747,2.16288,9.00113,12.8175,5.7251,19.9571,3.4875978862318964,2.2160994327626136,2.6303665798042815,2.046143993145832,2.060553286901341,-0.3641162980958024,-0.11001290069120637,1.4728290102938495,-0.8669128065047171,-0.5550231802386093,2.329529102992471,1.764720691007243,0,-0.31632603250270985
3417,3.8879027129778514,0,1,0,0,0,0,0,0,1.343223499719887,-1.1022927440405619,19.9571,6.63317,7.1362,3.45921,4.44167,1.9369918277618856,3.523696369456708,2.7083598091381464,2.707983723339359,2.1725362120991547,-0.3641162980958024,-0.11001290069120637,-0.3870370918189913,-0.04389014208798146,0.4150033169688831,0.9628281895925127,1.764720691007243,0,-0.31632603250270985
3419,3.2275162568026228,1,0,0,0,0,0,0,0,1.334093146238447,-1.146691158599811,0.995694,4.47459,5.38493,1.01703,0.764251,1.848912065178123,0.9882327090456319,0.5052387580164033,0.7254098617477172,0.7600086309168335,-0.3641162980958024,-0.11001290069120637,-0.3870370918189913,-0.8669128065047171,-0.5550231802386093,2.329529102992471,-0.6357229432289523,3,-0.31632603250270985
3420,0.7490975121068447,1,0,0,0,0,0,0,0,1.3445479195733614,-1.154523562087943,5.38493,0.430677,11.0622,3.58962,2.62968,0.947645492194438,0.27287484103112164,0.4318413825644076,0.11857177701664404,0.8273026700646723,3.2976016351740816,-0.11001290069120637,-0.3870370918189913,-0.8669128065047171,-0.5550231802386093,2.329529102992471,-0.6357229432289523,0,-0.31632603250270985
3421,1.0915895114884646,1,0,0,0,0,0,0,0,1.336500568944797,-1.1593657474499082,4.47459,3.58962,0.780338,1.17482,1.01703,0.947645492194438,0.2255011289603059,0.29544477609583436,0.06472839104047363,-0.18317339483768919,0.8564563463274925,-0.11001290069120637,-0.3870370918189913,-0.8669128065047171,-0.5550231802386093,0.9628281895925127,-0.6357229432289523,3,-0.31632603250270985
3423,1.4361469820968848,0,1,0,0,0,0,0,0,1.3825242838337761,-1.155003271226425,0.965501,7.08386,0.650413,4.01062,5.9736,1.0321973109871354,0.7716588421005873,0.24918839187046324,0.04502413385479942,-0.10060383363210154,-0.3641162980958024,-0.11001290069120637,-0.3870370918189913,-0.8669128065047171,-0.5550231802386093,3.696230016392429,1.764720691007243,0,-0.31632603250270985
3424,1.2195697204539566,0,1,0,0,0,0,0,0,1.3659055159193598,-1.143068604140443,5.9736,9.00113,4.01062,3.16883,6.30076,0.39639195900724983,0.7631318448561836,0.5220843163907555,0.8226447627378597,0.9672082079609086,-0.3641162980958024,-0.11001290069120637,-0.3870370918189913,-0.8669128065047171,-0.5550231802386093,3.696230016392429,1.764720691007243,0,-0.31632603250270985
3425,1.313061450847362,0,1,0,0,0,0,0,0,1.373475668027821,-1.1446801129846278,4.01062,5.7251,3.16883,9.00113,6.30076,0.03707442405625007,-0.3021006029610551,0.35574320837995516,0.1324226820631966,-0.10060383363210154,-0.3641162980958024,-0.11001290069120637,-0.3870370918189913,-0.8669128065047171,-0.5550231802386093,3.696230016392429,1.764720691007243,0,-0.31632603250270985
3426,0.5745407388648799,0,1,0,0,0,0,0,0,1.3797526810357006,-1.1428122247083883,5.9736,3.16883,0.965501,6.30076,5.7251,0.03707442405625007,-0.1423452750013248,0.3128038887758189,0.04502413385479942,-0.16827688506049374,-0.3641162980958024,-0.11001290069120637,-0.3870370918189913,-0.8669128065047171,-0.5550231802386093,3.696230016392429,1.764720691007243,0,-0.31632603250270985
3428,1.6994663466938442,1,0,0,0,0,0,0,0,1.5980732624569225,-1.3896845924630972,0.900876,0.240708,5.01145,0.167502,0.685537,-0.4261681555733014,-0.3089016163367377,-0.2074232067407598,-0.40178949609022774,-0.2496384103937695,2.077028990750787,-0.11001290069120637,-0.3870370918189913,-0.8669128065047171,-0.5550231802386093,0.9628281895925127,0.5644988738891453,1,-0.31632603250270985
3429,-0.5954204186422019,1,0,0,0,0,0,0,0,1.596762359737076,-1.385104143073866,7.00066,0.685537,0.240708,5.01145,0.602152,-0.4261681555733014,0.49561941194822745,0.27096750925678503,0.3259789365053088,0.08985229987038978,0.8564563463274925,-0.11001290069120637,1.4728290102938495,-0.8669128065047171,-0.5550231802386093,0.9628281895925127,0.5644988738891453,1,-0.31632603250270985
3430,-0.5078113308903712,1,0,0,0,0,0,0,0,1.5738385279755485,-1.4240773956464001,0.991085,1.28575,1.90815,0.54893,1.35903,2.325008862013631,1.6602859329668336,1.2557396183012548,1.1102311338253543,1.098824249741464,0.8564563463274925,-0.11001290069120637,-0.3870370918189913,-0.8669128065047171,-0.5550231802386093,-0.40387272380744554,-0.6357229432289523,3,1.7381456473456194
3432,0.043270688942016376,0,1,0,0,0,0,0,0,1.6830765471501734,-1.3825639394231264,4.42851,1.52322,0.620225,1.38806,1.89593,10.760115869438986,13.300899539424865,12.270888303006872,10.782862951127408,9.659447569371789,-0.3641162980958024,-0.11001290069120637,-0.3870370918189913,-0.04389014208798146,-0.5550231802386093,0.9628281895925127,-0.6357229432289523,3,-0.31632603250270985
3433,-0.26196758350376875,1,0,0,0,0,0,0,0,1.3177867347745724,-1.1147054916565444,2.14625,0.733511,4.44167,1.93826,0.62499,-0.5912167551943495,-0.8036149080974202,-0.6245506620162288,-0.3190994612923925,0.26171814365395923,-0.3641162980958024,-0.11001290069120637,1.4728290102938495,-0.04389014208798146,1.3850298141763753,-0.40387272380744554,-0.6357229432289523,1,-0.31632603250270985
3434,0.07341753947088386,1,0,0,0,0,0,0,0,0.3703297731338649,-0.9080737630210943,1.20904,2.48771,2.16507,2.21751,0.828373,0.9257415743740204,0.12252837321797751,-0.27370155292346404,-0.5587048016486299,-0.766104265822847,-0.3641162980958024,-0.11001290069120637,1.4728290102938495,-0.8669128065047171,0.4150033169688831,-0.40387272380744554,1.764720691007243,1,-0.31632603250270985
3436,-0.05899459136194913,1,0,0,0,0,0,0,0,0.3857967911129957,-0.8998538012365062,2.16507,1.58005,1.364,1.86303,5.64762,0.47298640742331993,-0.216559793228698,0.045751649721244354,-0.23204665812491126,-0.46376700195570525,-0.3641162980958024,-0.11001290069120637,3.3326951124066904,-0.04389014208798146,-0.5550231802386093,-0.40387272380744554,1.764720691007243,0,-0.31632603250270985
3438,1.9021458839072658,0,1,0,0,0,0,0,0,1.0952880628032582,-1.0086426774191837,1.99617,2.05937,7.40798,12.6714,3.9535,0.8530533434653316,0.22104406866367637,1.3919489954064712,1.1553874347482016,1.0760833093690187,-0.3641162980958024,-0.11001290069120637,-0.3870370918189913,-0.8669128065047171,1.3850298141763753,-0.40387272380744554,2.9649425081253407,0,-0.31632603250270985
3440,-0.39427060929912056,1,0,0,0,0,0,0,0,0.22659777298085945,-0.5517115252867567,1.89692,1.37086,0.859368,2.47006,5.25713,-0.5971237150574144,-0.9303760129680476,-0.8596016532074565,-1.0004348148379258,-1.1225673037561954,-0.3641162980958024,-0.11001290069120637,-0.3870370918189913,-0.8669128065047171,1.3850298141763753,0.9628281895925127,0.5644988738891453,0,1.7381456473456194
3441,-0.22068449466647155,1,0,0,0,0,0,0,0,0.22533424422844894,-0.5557602450374948,1.43553,5.25713,2.47006,1.37086,1.82927,-0.5971237150574144,-0.7306810240190295,-0.5849294419560971,-0.7233763249101052,-0.5983347239831487,-0.3641162980958024,-0.11001290069120637,-0.3870370918189913,-0.8669128065047171,1.3850298141763753,0.9628281895925127,0.5644988738891453,0,1.7381456473456194
3442,0.34664288902260504,1,0,0,0,0,0,0,0,0.20478970630980708,-0.5651030223689371,3.82996,1.79546,1.82927,3.91817,2.47006,1.5865563477686164,0.682224716091863,0.9795261737461318,0.5523507644755171,1.0410209031972257,-0.3641162980958024,-0.11001290069120637,-0.3870370918189913,-0.8669128065047171,1.3850298141763753,-0.40387272380744554,1.764720691007243,0,1.7381456473456194
3444,0.8427811168765101,0,0,1,0,0,0,0,0,-0.026495309591166617,-0.09106786446567394,0.65737,0.728368,1.78577,0.260674,1.50575,2.3182889769255546,1.9575768609709163,1.701873327705089,1.445836472159508,1.0793008054256732,-0.3641162980958024,-0.11001290069120637,-0.3870370918189913,-0.8669128065047171,-0.5550231802386093,-0.40387272380744554,2.9649425081253407,2,-0.31632603250270985
3445,-0.17325013906083547,0,0,0,0,1,0,0,0,-0.32492525690817237,0.7626782534885752,0.343397,0.894173,1.89559,0.440434,0.310373,-1.1472286933101843,-0.9658589229976858,-0.5873917061593839,-0.45855563802004473,-0.5253630053496664,-0.3641162980958024,-0.11001290069120637,-0.3870370918189913,-0.8669128065047171,-0.5550231802386093,-0.40387272380744554,-0.6357229432289523,5,-0.31632603250270985
3446,2.1643704358867413,0,0,0,1,0,0,0,0,-0.29454200750554627,0.8068587088209718,3.67554,2.20704,2.51019,1.40553,0.715667,1.0536112196836964,0.7064223498953874,0.30635492945197657,0.25698523716223576,0.021764879546004628,-0.3641162980958024,-0.11001290069120637,1.4728290102938495,-0.8669128065047171,-0.5550231802386093,0.9628281895925127,-0.6357229432289523,3,-0.31632603250270985
3447,0.44847551141931735,0,0,0,1,0,0,0,0,-0.29946487579844433,0.7988180470073788,4.58525,8.23637,1.40553,0.715667,1.17169,0.17527999066940625,0.1910018517905324,-0.1274525637218861,-0.09817608779246566,-0.3717828553906965,-0.3641162980958024,-0.11001290069120637,3.3326951124066904,-0.8669128065047171,-0.5550231802386093,0.9628281895925127,-0.6357229432289523,2,-0.31632603250270985
3448,-0.3536872975987719,0,0,0,0,1,0,0,0,-0.4357888661108226,0.8156556717361387,0.865836,3.00265,3.16994,3.0667,1.15862,-1.0883474706532543,-0.3253831363352648,-0.38071343706224603,-0.5401159881452771,-0.4880895058848989,-0.3641162980958024,-0.11001290069120637,-0.3870370918189913,1.6021551867454897,-0.5550231802386093,-0.40387272380744554,-0.6357229432289523,2,-0.31632603250270985
3449,-0.7743301066554009,0,0,0,0,1,0,0,0,-0.43975749162569255,0.8024884235782752,3.00265,2.4988,0.865836,1.5434,1.56376,0.15629026112289615,0.5005405415453341,0.10123385670824388,0.27484761490117565,0.5253842610875084,-0.3641162980958024,-0.11001290069120637,-0.3870370918189913,0.7791325223287542,-0.5550231802386093,0.9628281895925127,-0.6357229432289523,2,-0.31632603250270985
3450,-0.20483792853298965,0,0,0,0,1,0,0,0,-0.4100646590315193,0.8037948966154408,0.616065,0.670725,1.20621,1.11985,1.67422,-0.3586609239922905,-0.825554318900329,-1.0861683757333565,-1.0255217570615143,-0.5780997297911432,-0.3641162980958024,-0.11001290069120637,-0.3870370918189913,-0.04389014208798146,-0.5550231802386093,2.329529102992471,-0.6357229432289523,1,1.7381456473456194
3451,-0.7025732284010597,0,0,0,0,1,0,0,0,-0.40789891411990836,0.808306502488346,1.93904,1.11985,0.670725,1.20621,4.08291,-0.3586609239922905,-0.7057282714401295,-0.8811297391427646,-0.817665256499684,-0.9176436754680124,-0.3641162980958024,-0.11001290069120637,-0.3870370918189913,0.7791325223287542,-0.5550231802386093,2.329529102992471,-0.6357229432289523,0,1.7381456473456194
3452,3.0285688643195936,0,0,0,0,1,0,0,0,-0.3723088534824044,0.8012947180148227,1.14255,2.35456,0.728195,4.94434,1.28411,0.895300311856893,0.12974279127375551,0.09324676783689216,0.10978903626672064,0.17803404982614685,-0.3641162980958024,-0.11001290069120637,-0.3870370918189913,-0.8669128065047171,-0.5550231802386093,-0.40387272380744554,-0.6357229432289523,5,-0.31632603250270985
3453,-0.5130370859614553,0,0,0,0,1,0,0,0,-0.4029789636939556,0.805114484508127,1.20621,0.616065,1.03828,1.93904,1.30896,-0.40144073718691314,-0.7057282714401295,-0.8568181466950552,-1.0255217570615143,-0.8565761168747741,-0.3641162980958024,-0.11001290069120637,-0.3870370918189913,-0.8669128065047171,-0.5550231802386093,2.329529102992471,-0.6357229432289523,0,5.847089007042277
3455,0.3541184652114057,0,0,0,1,0,0,0,0,-0.40724358358404705,0.85329405023079,1.61178,6.2731,0.431903,6.70516,0.174482,-0.1824132381880385,-0.659264255769,-0.04580018928648083,-0.01893832637076449,-0.18303584867705475,-0.3641162980958024,-0.11001290069120637,-0.3870370918189913,-0.04389014208798146,-0.5550231802386093,-0.40387272380744554,-0.6357229432289523,2,3.7926173271939483
3456,-0.4834094249212916,0,0,0,1,0,0,0,0,-0.3810424335495056,0.8441237430463178,0.117526,1.58145,1.33792,1.20527,6.70516,-0.8610856278000122,-1.0517418639253608,0.0010910061109501688,0.005002741626539451,0.03167720310156261,-0.3641162980958024,-0.11001290069120637,-0.3870370918189913,-0.8669128065047171,-0.5550231802386093,0.9628281895925127,-0.6357229432289523,2,3.7926173271939483
3457,-0.48090000905922314,0,0,0,1,0,0,0,0,-0.3681510098466043,0.8460489958041013,1.1986,0.117526,5.1429,0.60012,0.239367,2.0259128519259204,1.140559004146161,0.6039224857079827,0.2599854911752224,0.24189620164387496,-0.3641162980958024,-0.11001290069120637,-0.3870370918189913,-0.8669128065047171,-0.5550231802386093,0.9628281895925127,-0.6357229432289523,4,-0.31632603250270985
3458,-0.03970933542647258,0,0,1,0,0,0,0,0,-0.19922746781847775,0.05117928061045381,0.954805,2.65941,1.67282,3.24588,2.67667,-0.621021671336816,0.9506298005246099,0.40856160085888815,0.5691457082936844,0.3436228600466103,-0.3641162980958024,-0.11001290069120637,-0.3870370918189913,-0.04389014208798146,-0.5550231802386093,2.329529102992471,-0.6357229432289523,2,-0.31632603250270985
3459,-0.5751310201376307,0,0,1,0,0,0,0,0,-0.1948780312350589,0.050428671416191465,2.37795,3.24588,1.67282,2.67667,2.65941,-0.621021671336816,0.8715165876373578,0.7863019635830757,0.42981060560257883,0.2868599316388198,-0.3641162980958024,-0.11001290069120637,-0.3870370918189913,-0.04389014208798146,-0.5550231802386093,2.329529102992471,-0.6357229432289523,2,-0.31632603250270985
3461,0.0726763776645458,0,0,1,0,0,0,0,0,-0.18876658096768048,0.06375671315501702,2.30138,3.24588,1.67282,9.19584,0.954805,0.18563041417418205,-0.2119925529889847,0.15677883825246025,0.1778206230228073,0.09740898031096466,-0.3641162980958024,-0.11001290069120637,-0.3870370918189913,-0.04389014208798146,-0.5550231802386093,0.9628281895925127,0.5644988738891453,2,-0.31632603250270985
3462,-0.45410155450822814,0,0,1,0,0,0,0,0,-0.07904778019371896,-0.01893101170013398,0.499032,1.73417,1.01024,1.69865,0.976978,1.1478384526888794,0.344511595366019,0.7670226081418817,0.47468491167776167,0.15935880582314746,-0.3641162980958024,-0.11001290069120637,-0.3870370918189913,-0.04389014208798146,-0.5550231802386093,-0.40387272380744554,0.5644988738891453,1,3.7926173271939483
3464,-0.12138386158785824,0,0,0,0,1,0,0,0,-0.4957133069359307,0.8343028177086123,2.31183,1.45856,6.98165,2.55221,4.85867,0.14112891556151397,-0.3579523789325436,-0.5941940743617454,-0.8424929042594378,-0.33496028595486665,-0.3641162980958024,-0.11001290069120637,-0.3870370918189913,-0.04389014208798146,-0.5550231802386093,3.696230016392429,-0.6357229432289523,1,-0.31632603250270985
3465,-0.3856061644260415,0,0,0,0,1,0,0,0,-0.4934553557904741,0.8410086077498546,2.55221,1.68494,2.16086,4.85867,2.80203,-0.33286901397842916,-0.7105921375194361,-0.7354487988254333,-0.8255070038051607,-0.6112589155100956,-0.3641162980958024,-0.11001290069120637,-0.3870370918189913,-0.04389014208798146,-0.5550231802386093,3.696230016392429,-0.6357229432289523,1,-0.31632603250270985
3466,-0.18721934610110572,0,0,0,0,1,0,0,0,-0.46751384511686395,0.808740217547752,0.894531,3.30725,1.07414,3.69056,1.56376,-0.5058917900796238,-0.001993629662598606,-0.2545524095138136,-0.1862822870172405,-0.03241651875271056,-0.3641162980958024,-0.11001290069120637,-0.3870370918189913,-0.04389014208798146,-0.5550231802386093,2.329529102992471,-0.6357229432289523,2,-0.31632603250270985
3467,-0.597807561617438,0,0,0,0,1,0,0,0,-0.46622978655211883,0.8130731501814855,1.98587,3.69056,1.07414,3.30725,3.99508,-0.5058917900796238,-0.4301176001992425,-0.769849587313968,-0.9025580152367879,-0.4279024508016146,-0.3641162980958024,-0.11001290069120637,-0.3870370918189913,-0.04389014208798146,-0.5550231802386093,3.696230016392429,-0.6357229432289523,1,-0.31632603250270985
3468,0.45412639991231124,0,0,0,0,1,0,0,0,-0.464245740477787,0.8195488688646606,0.894531,3.99508,1.07414,2.10692,4.33353,0.22576770948635577,-0.14325929602787446,-0.5380695152685002,-0.737923415188802,-0.8262878531330138,-0.3641162980958024,-0.11001290069120637,-0.3870370918189913,-0.8669128065047171,-0.5550231802386093,2.329529102992471,-0.6357229432289523,3,-0.31632603250270985
3469,0.5686942137529543,0,0,0,0,1,0,0,0,-0.471660595804875,0.8233077058713437,3.69056,3.92077,3.30725,1.11927,2.10692,0.6080996179360547,0.05629998837403985,-0.3425623372356353,-0.5433948305893531,-0.6460717528654492,-0.3641162980958024,-0.11001290069120637,-0.3870370918189913,-0.04389014208798146,-0.5550231802386093,2.329529102992471,-0.6357229432289523,2,-0.31632603250270985
3470,0.540736988459055,0,0,0,0,1,0,0,0,-0.47988953939304946,0.8273647454193288,1.11927,3.99508,6.98165,1.94983,4.54203,-0.08490275261822966,0.05629998837403985,-0.3208098519758198,-0.5109531104214926,-0.7324481542883579,-0.3641162980958024,-0.11001290069120637,-0.3870370918189913,-0.04389014208798146,-0.5550231802386093,0.9628281895925127,-0.6357229432289523,3,-0.31632603250270985
3473,0.25382460006744606,0,0,0,0,0,1,0,0,-1.4131384028261007,1.4964806508812292,1.91927,2.67997,0.28731,0.675777,1.85944,0.06700738628605948,-0.0688945593942486,-0.17631929844762,-0.2372014809296784,0.384052373521533,-0.3641162980958024,-0.11001290069120637,-0.3870370918189913,0.7791325223287542,-0.5550231802386093,0.9628281895925127,-0.6357229432289523,1,1.7381456473456194
3474,0.07391791774622879,0,0,0,0,0,1,0,0,-1.4044366752228914,1.4957082360495237,3.15816,0.675777,1.85944,1.98633,1.91927,0.707214795238045,-0.050227164362317486,-0.22854220239984963,-0.4270200037806084,-0.6425195774850865,-0.3641162980958024,-0.11001290069120637,-0.3870370918189913,-0.04389014208798146,-0.5550231802386093,0.9628281895925127,-0.6357229432289523,2,1.7381456473456194
3476,-0.3004365148225844,0,0,0,0,1,0,0,0,-0.49357455661425415,0.8466007417204259,2.80203,1.45856,2.55221,1.305,4.85867,-0.3754152834000489,-0.7105921375194361,-0.7276838859429651,-0.5536229948516268,-0.715067760197312,-0.3641162980958024,-0.11001290069120637,-0.3870370918189913,-0.04389014208798146,-0.5550231802386093,3.696230016392429,-0.6357229432289523,1,-0.31632603250270985
3477,0.025851505371736028,0,0,0,0,1,0,0,0,-0.49878663518298944,0.8414972368759249,1.45856,1.68494,2.16086,2.31183,2.80203,-0.33286901397842916,-0.34899744202098454,-0.5828326477272862,-0.4943052433733256,-0.3909107979450106,-0.3641162980958024,-0.11001290069120637,-0.3870370918189913,-0.04389014208798146,-0.5550231802386093,5.062930929792387,-0.6357229432289523,0,-0.31632603250270985
3478,-0.06458528397219465,0,0,0,0,1,0,0,0,-0.5023429735435319,0.8324962768128192,2.16086,3.74111,2.55221,2.62593,1.45856,0.14112891556151397,0.028068225624714685,-0.19008820504221277,-0.2190287372909795,-0.3451075653408486,-0.3641162980958024,-0.11001290069120637,-0.3870370918189913,-0.8669128065047171,-0.5550231802386093,3.696230016392429,0.5644988738891453,0,1.7381456473456194
3479,-0.4433791628936928,0,0,0,0,1,0,0,0,-0.5002630152101796,0.8534421481111194,3.37142,2.80203,1.68494,3.0871,2.55221,0.05944891288914154,-0.12125026305480023,-0.2569967140525224,-0.3598449553519924,-0.326775399107755,-0.3641162980958024,-0.11001290069120637,-0.3870370918189913,0.7791325223287542,0.4150033169688831,2.329529102992471,-0.6357229432289523,0,-0.31632603250270985
3480,-0.6825456819864434,0,0,0,0,1,0,0,0,-0.5065542578793968,0.8204978095331095,0.273783,2.03326,3.74111,0.636423,0.430538,-0.7341203950335529,-0.3791189256330078,-0.5178161079732783,-0.44582190374362507,-0.22727047414974033,-0.3641162980958024,-0.11001290069120637,-0.3870370918189913,-0.8669128065047171,-0.5550231802386093,0.9628281895925127,-0.6357229432289523,3,1.7381456473456194
3481,-0.8313480230188286,0,0,0,0,1,0,0,0,-0.5053341294010015,0.8168760811466473,0.669298,2.03326,0.636423,0.430538,3.74111,-0.7341203950335529,-0.6831693146113305,-0.9407362862854232,-0.11089025992269459,-0.3586599686748087,-0.3641162980958024,-0.11001290069120637,-0.3870370918189913,-0.8669128065047171,-0.5550231802386093,0.9628281895925127,-0.6357229432289523,3,1.7381456473456194
3487,0.5013613566563436,0,0,0,0,1,0,0,0,-0.5987902750873786,0.8936364665745249,5.1723,2.16363,2.73006,1.20802,6.74023,0.3276215035846949,-0.12680661557797704,-0.3302985261836275,-0.6065073287686098,-0.5921591056969963,-0.3641162980958024,-0.11001290069120637,-0.3870370918189913,-0.04389014208798146,-0.5550231802386093,0.9628281895925127,0.5644988738891453,2,-0.31632603250270985
3488,1.011592945558687,0,0,0,0,1,0,0,0,-0.5932753958708227,0.8984227931842578,3.81611,2.34866,6.74023,2.42936,3.63782,0.3276215035846949,-0.31045805310512176,0.08624520372437482,-0.1275332943036315,-0.17744726982232836,-0.3641162980958024,-0.11001290069120637,1.4728290102938495,-0.04389014208798146,-0.5550231802386093,0.9628281895925127,-0.6357229432289523,2,-0.31632603250270985
3489,-0.4023895289847933,0,1,0,0,0,0,0,0,0.8459073236607118,-1.134956523398848,5.41677,2.07462,4.4212,1.67102,3.113,0.24343395258550576,1.16381344940354,1.63555952586641,2.6894351248800437,2.257025487477988,-0.3641162980958024,-0.11001290069120637,-0.3870370918189913,-0.8669128065047171,-0.5550231802386093,2.329529102992471,0.5644988738891453,1,1.7381456473456194
3491,-0.15382944238917529,0,1,0,0,0,0,0,0,0.854096907741019,-1.145761600417867,4.4212,5.41677,1.41395,1.67102,3.113,0.5741361086293747,0.886071098020694,0.5840891500454479,0.2161373640038529,0.05724688072219577,-0.3641162980958024,-0.11001290069120637,-0.3870370918189913,-0.8669128065047171,-0.5550231802386093,2.329529102992471,0.5644988738891453,1,1.7381456473456194
3492,-0.7933252936808844,0,1,0,0,0,0,0,0,0.8557171677164365,-1.1616985814837508,1.48215,3.113,4.4212,2.64992,1.67102,-1.3351084278170084,-1.2556873057871236,-0.029468112004469974,-0.3404440624287455,-0.5973314745229423,-0.3641162980958024,-0.11001290069120637,-0.3870370918189913,-0.8669128065047171,-0.5550231802386093,3.696230016392429,-0.6357229432289523,1,1.7381456473456194
3493,-0.3767310339633436,0,1,0,0,0,0,0,0,0.8551290272869367,-1.1635776465777827,0.374847,3.113,2.64992,4.4212,3.16214,-1.3351084278170084,-0.8226266756952605,-0.20031424260260278,-0.07935232041709823,-0.3422663332090728,-0.3641162980958024,-0.11001290069120637,-0.3870370918189913,-0.8669128065047171,-0.5550231802386093,5.062930929792387,-0.6357229432289523,1,-0.31632603250270985
3494,0.7290108984822815,0,1,0,0,0,0,0,0,0.8502546311736529,-1.152690255990023,2.07462,3.113,0.374847,1.48215,1.67102,0.5741361086293747,0.4151182224140674,-0.029468112004469974,-0.07935232041709823,-0.09188247189774129,-0.3641162980958024,-0.11001290069120637,-0.3870370918189913,-0.8669128065047171,-0.5550231802386093,3.696230016392429,-0.6357229432289523,1,1.7381456473456194
3495,0.13249227390296625,1,0,0,0,0,0,0,0,0.6285546180629596,-0.8313020382426886,0.95005,1.07042,8.45856,3.64577,3.94832,1.1381634744659155,0.44647543539124096,0.8718036256369381,0.6155499215788357,0.9419586401382226,-0.3641162980958024,-0.11001290069120637,-0.3870370918189913,-0.8669128065047171,-0.5550231802386093,-0.40387272380744554,-0.6357229432289523,5,-0.31632603250270985
3496,0.0024353069826593536,1,0,0,0,0,0,0,0,0.7901818760335997,-0.9565480583586337,1.69542,1.42322,2.95996,1.91237,0.930677,0.6488144426340656,0.8949322672218022,0.4229613975947467,0.3987775355384092,0.1296706906849918,-0.3641162980958024,-0.11001290069120637,1.4728290102938495,-0.8669128065047171,-0.5550231802386093,-0.40387272380744554,1.764720691007243,2,-0.31632603250270985
3497,-0.39853323024623233,1,0,0,0,0,0,0,0,0.4079972861094732,-0.9344507800366654,0.881854,1.39767,0.281145,0.508884,0.864053,-0.12734836646963882,0.0436427551897433,-0.3546928294880589,-0.07127354687952954,-0.32389947536617814,-0.3641162980958024,-0.11001290069120637,1.4728290102938495,-0.8669128065047171,-0.5550231802386093,-0.40387272380744554,-0.6357229432289523,2,3.7926173271939483
3498,0.25532197265080925,0,1,0,0,0,0,0,0,0.8678475845298032,-1.1645606018209722,2.64992,1.67102,3.113,0.374847,1.48215,0.13431222261879985,0.37606169474499684,-0.0619624123291111,-0.09890442761907657,-0.3422663332090728,-0.3641162980958024,-0.11001290069120637,-0.3870370918189913,-0.8669128065047171,-0.5550231802386093,3.696230016392429,-0.6357229432289523,1,1.7381456473456194
3499,0.06261237851756947,0,1,0,0,0,0,0,0,0.8632458535366245,-1.1693759259113503,3.16214,1.48215,0.374847,3.113,0.457907,0.13431222261879985,0.2591950717478487,-0.016537759264894952,-0.2480673978935046,-0.12063390697659415,-0.3641162980958024,-0.11001290069120637,-0.3870370918189913,-0.8669128065047171,-0.5550231802386093,3.696230016392429,-0.6357229432289523,2,-0.31632603250270985
3501,-0.7778229727518692,1,0,0,0,0,0,0,0,0.13650140480732192,-0.40986527873190887,1.97331,1.36421,2.57949,2.41782,1.16642,-0.7625698785694943,-0.25826613859796665,-0.47625613451030196,-0.35665454521962964,-0.14275639098359874,2.077028990750787,-0.11001290069120637,-0.3870370918189913,-0.8669128065047171,1.3850298141763753,-0.40387272380744554,-0.6357229432289523,1,-0.31632603250270985
3502,12.573829991712612,1,0,0,0,0,0,0,0,0.16146910770767134,-0.4389864958959789,5.14622,3.96076,52.7231,2.78115,0.5943,5.018752152895983,3.2939769912445995,2.652394051102908,2.2454931855183995,2.0834017199282524,0.8564563463274925,-0.11001290069120637,-0.3870370918189913,-0.8669128065047171,-0.5550231802386093,0.9628281895925127,-0.6357229432289523,2,1.7381456473456194
3503,18.901357829223628,1,0,0,0,0,0,0,0,0.1849706198979167,-0.43236685538674374,3.00025,0.630788,35.9046,2.78115,1.53352,4.284873562137533,3.3450573871090774,2.652394051102908,2.5275357270054495,2.066519533163343,0.8564563463274925,-0.11001290069120637,-0.3870370918189913,-0.8669128065047171,-0.5550231802386093,0.9628281895925127,1.764720691007243,1,-0.31632603250270985
3504,-0.7704075924458169,0,0,1,0,0,0,0,0,-0.2841816489406524,0.3407821145643481,3.21716,1.87813,0.826405,0.311111,0.185538,-0.5015110795430979,-0.7887568415563216,-1.0232477136540694,-0.8694372425913123,-1.0115765870138287,-0.3641162980958024,-0.11001290069120637,-0.3870370918189913,-0.8669128065047171,-0.5550231802386093,3.696230016392429,-0.6357229432289523,1,1.7381456473456194
3505,-0.6234382160431166,0,0,1,0,0,0,0,0,-0.2832334811839271,0.3351742703006368,0.311111,1.58471,0.185538,3.21716,0.435762,-0.7728988727520656,-0.8771746395347088,-1.0627869391816869,-1.234657193061857,-1.4116823070043218,-0.3641162980958024,-0.11001290069120637,-0.3870370918189913,-0.8669128065047171,-0.5550231802386093,3.696230016392429,-0.6357229432289523,2,-0.31632603250270985
3506,-0.8173043235736575,0,0,1,0,0,0,0,0,-0.2867652228193779,0.3335701141437104,0.185538,0.826405,1.58471,1.87813,0.435762,-1.2682298598244994,-1.1794032231940585,-1.1486583924660603,-0.9850496721043167,-1.0817697278696228,-0.3641162980958024,-0.11001290069120637,-0.3870370918189913,-0.8669128065047171,-0.5550231802386093,2.329529102992471,-0.6357229432289523,2,1.7381456473456194
3507,0.27602183183087015,0,0,1,0,0,0,0,0,-0.27952472454753285,0.33965103647626005,0.435762,2.87197,0.826405,0.311111,1.87813,-0.5015110795430979,-0.7406673224388015,-1.025181307225224,-0.5857467197849192,-0.7437062292113108,-0.3641162980958024,-0.11001290069120637,-0.3870370918189913,-0.8669128065047171,-0.5550231802386093,3.696230016392429,-0.6357229432289523,0,3.7926173271939483
3509,-0.45374414145441033,0,0,0,1,0,0,0,0,-0.24975575832831304,0.3604798380851429,0.395989,0.639124,0.375637,2.49651,1.34964,-1.0435031002809172,0.47135495342959627,0.03493449743394564,1.181036273186787,0.871832709844452,-0.3641162980958024,-0.11001290069120637,-0.3870370918189913,-0.8669128065047171,-0.5550231802386093,-0.40387272380744554,1.764720691007243,3,-0.31632603250270985
3513,-0.26530469275362595,0,0,0,1,0,0,0,0,-0.2426571423338569,0.3022940788187469,0.615255,0.661624,3.24961,1.78364,0.682768,0.27739042691178384,-0.1071580429710693,-0.31200566719387246,-0.29184102431255754,-0.5035246701710083,-0.3641162980958024,-0.11001290069120637,-0.3870370918189913,0.7791325223287542,-0.5550231802386093,-0.40387272380744554,2.9649425081253407,0,-0.31632603250270985
3515,1.0848513348633304,0,1,0,0,0,0,0,0,1.4411138559521472,-1.1323097129270314,2.53104,45.216,2.95346,0.650413,0.310547,4.391672981967731,5.66725216580061,6.80446418982152,6.677013645476945,5.803723266175022,-0.3641162980958024,-0.11001290069120637,1.4728290102938495,-0.8669128065047171,-0.5550231802386093,-0.40387272380744554,2.9649425081253407,1,-0.31632603250270985
3517,0.8440979018116285,0,0,1,0,0,0,0,0,-0.322249625591532,0.4474512145394677,5.15811,2.09261,3.10451,3.96939,4.70264,0.06967327714527749,-0.19351449421593434,0.45074077865177953,0.6633121244981748,0.5490128353717375,-0.3641162980958024,-0.11001290069120637,-0.3870370918189913,-0.8669128065047171,-0.5550231802386093,0.9628281895925127,-0.6357229432289523,2,3.7926173271939483
3518,-0.1470611678226667,0,0,1,0,0,0,0,0,-0.32839405757396417,0.4525641042386373,4.7271,4.70264,5.15811,3.10451,9.56686,0.541118235304439,0.7519269839681149,0.6418631658390243,1.2693876768989625,0.9734196524381953,-0.3641162980958024,-0.11001290069120637,-0.3870370918189913,-0.8669128065047171,-0.5550231802386093,0.9628281895925127,-0.6357229432289523,1,5.847089007042277
3520,0.9455166775144465,0,0,1,0,0,0,0,0,-0.3271340127628689,0.4186904363684228,2.48439,3.90987,0.441053,2.99206,3.10451,0.7750894633512564,1.0378004107943228,0.8010863984601967,0.7125060324200596,0.550480142075205,-0.3641162980958024,-0.11001290069120637,-0.3870370918189913,-0.04389014208798146,-0.5550231802386093,-0.40387272380744554,-0.6357229432289523,3,1.7381456473456194
3521,1.3020757022458027,0,0,0,1,0,0,0,0,-0.260274424325811,0.40049802319527017,0.310907,2.8153,1.76126,1.85233,1.20914,0.3653661242563624,-0.1429589919269368,0.4529670088948033,0.4893913696699977,1.3136008408876336,-0.3641162980958024,-0.11001290069120637,-0.3870370918189913,0.7791325223287542,-0.5550231802386093,-0.40387272380744554,2.9649425081253407,0,-0.31632603250270985
3526,-0.4685824265518586,0,0,0,0,1,0,0,0,-0.29526661974236257,0.6072266775081405,0.389387,1.61091,0.955472,1.97755,0.214794,-0.5086464413485628,-0.6392654708781442,-0.42355664970774065,0.11106815249897906,-0.1623134974335947,-0.3641162980958024,-0.11001290069120637,-0.3870370918189913,-0.8669128065047171,-0.5550231802386093,2.329529102992471,-0.6357229432289523,3,-0.31632603250270985
3527,-0.32828839732167414,0,0,0,0,1,0,0,0,-0.2896324820880226,0.6046402352412013,1.23801,0.389387,1.97755,0.575451,2.99608,-0.05298979337151932,-0.24431017719813056,-0.4991848000802148,0.01933705113385455,-0.20679280643080264,-0.3641162980958024,-0.11001290069120637,-0.3870370918189913,-0.8669128065047171,-0.5550231802386093,3.696230016392429,-0.6357229432289523,2,-0.31632603250270985
3529,-0.19034953200401572,0,0,0,0,1,0,0,0,-0.2873552003523216,0.5967805763628349,1.61091,2.99608,1.23801,0.389387,0.575451,0.6851101501388382,-0.068607843410075,0.4927534452711966,0.6275333034378441,0.9013572509919668,-0.3641162980958024,-0.11001290069120637,-0.3870370918189913,-0.8669128065047171,-0.5550231802386093,3.696230016392429,-0.6357229432289523,2,-0.31632603250270985
3531,0.19284617084344957,0,0,0,0,1,0,0,0,-0.2786119836500451,0.597217841472983,1.97755,1.61091,2.03762,1.23801,0.575451,0.707596937458849,1.0371013646127438,1.3564987512287026,1.192229069373855,0.8872846598561699,-0.3641162980958024,-0.11001290069120637,-0.3870370918189913,-0.8669128065047171,-0.5550231802386093,3.696230016392429,-0.6357229432289523,1,1.7381456473456194
3535,1.1836478274239268,0,0,0,1,0,0,0,0,-0.22290121390110532,0.6033081955753015,2.78354,0.879433,1.99865,2.80221,2.05358,0.9124906994064047,0.35201062407631956,-0.08648846095084987,-0.3480152163595709,-0.08308239065864048,-0.3641162980958024,-0.11001290069120637,-0.3870370918189913,-0.04389014208798146,-0.5550231802386093,-0.40387272380744554,-0.6357229432289523,3,1.7381456473456194
3537,0.778232319357007,0,0,0,1,0,0,0,0,-0.23137809567020745,0.5873765916005754,1.89852,2.78354,4.96056,2.80221,3.98222,0.39179395095213243,0.1172984380012453,-0.2812552231930387,0.40180842294085317,0.4215743147078286,-0.3641162980958024,-0.11001290069120637,1.4728290102938495,-0.04389014208798146,-0.5550231802386093,-0.40387272380744554,-0.6357229432289523,2,1.7381456473456194
3538,0.0555957959347245,0,0,0,1,0,0,0,0,-0.21323607062272795,0.6442246725203721,0.807909,1.62305,7.15386,0.923743,1.55693,0.14933623362141582,-0.47981296912439614,-0.7023053916518398,-0.45541839070001155,0.1733195387312162,-0.3641162980958024,-0.11001290069120637,-0.3870370918189913,-0.8669128065047171,-0.5550231802386093,0.9628281895925127,0.5644988738891453,2,1.7381456473456194
3539,-0.6303968600888165,0,0,0,1,0,0,0,0,-0.21964851622959408,0.6466963713393861,2.63127,7.15386,1.62305,19.3421,0.923743,0.14933623362141582,0.28299699717345356,0.5404877231019793,0.6260809631325214,0.40313643285996503,-0.3641162980958024,-0.11001290069120637,-0.3870370918189913,-0.04389014208798146,-0.5550231802386093,0.9628281895925127,0.5644988738891453,1,1.7381456473456194
3540,-0.27553046833548817,0,0,1,0,0,0,0,0,-0.32764853314805353,0.498443612481776,1.21579,2.23669,3.04619,2.85511,1.28881,-0.17049833442016066,-0.2232088119594876,-0.31703514982459846,-0.5537392165613217,-0.7510840403049802,-0.3641162980958024,-0.11001290069120637,-0.3870370918189913,-0.8669128065047171,-0.5550231802386093,3.696230016392429,-0.6357229432289523,2,-0.31632603250270985
3542,-0.4769421297685245,0,0,1,0,0,0,0,0,-0.32683321590470105,0.49297227190676796,0.819035,1.75114,2.85511,2.65979,2.23669,-0.284304124595274,-0.7274304920701948,-0.5620656477472055,-0.5567734524784345,-0.7678546068904609,-0.3641162980958024,-0.11001290069120637,-0.3870370918189913,-0.8669128065047171,-0.5550231802386093,6.429631843192345,-0.6357229432289523,0,-0.31632603250270985
3543,-0.6262109888922087,0,0,1,0,0,0,0,0,-0.32698960231392,0.487798358915244,1.21579,4.29079,2.65979,2.85511,1.75114,-0.284304124595274,-0.7030833998423169,-0.6959905370669708,-0.6137850784236873,-0.5595514148626032,-0.3641162980958024,-0.11001290069120637,-0.3870370918189913,-0.8669128065047171,-0.5550231802386093,5.062930929792387,-0.6357229432289523,0,1.7381456473456194
3544,0.06632571203460341,0,0,1,0,0,0,0,0,-0.33466925953467375,0.48732587801343175,2.85511,0.819035,4.29079,1.21579,2.23669,-0.3037927233498115,-0.312446878737608,-0.35620177877855774,-0.5567734524784345,-0.635736644301453,-0.3641162980958024,-0.11001290069120637,-0.3870370918189913,-0.8669128065047171,-0.5550231802386093,5.062930929792387,-0.6357229432289523,0,1.7381456473456194
3545,0.1398098358995527,0,0,1,0,0,0,0,0,-0.33518068941777346,0.4924196512598995,2.23669,2.65979,1.21579,0.819035,1.75114,-0.30873423529250665,-0.8274394149952061,-0.5620656477472055,-0.6137850784236873,-0.7952467284075129,-0.3641162980958024,-0.11001290069120637,-0.3870370918189913,-0.8669128065047171,-0.5550231802386093,6.429631843192345,-0.6357229432289523,0,-0.31632603250270985
3546,-0.09285477540785056,0,0,1,0,0,0,0,0,-0.3356700792967236,0.49750013211653354,2.85511,1.28881,1.75114,1.21579,2.65979,-0.30873423529250665,-0.5236331720387708,-0.6186113415265135,-0.5235579092738051,-0.635736644301453,-0.3641162980958024,-0.11001290069120637,-0.3870370918189913,-0.8669128065047171,-0.5550231802386093,5.062930929792387,-0.6357229432289523,1,-0.31632603250270985
3547,0.08693527739054203,0,0,0,0,1,0,0,0,-0.6084363548345157,1.0146053972103288,4.11545,0.166659,1.69933,3.04205,3.29814,-0.41377258451643417,-0.09314556051516236,0.14013065425314877,-0.0408609066823593,-0.2898799970067731,-0.3641162980958024,-0.11001290069120637,-0.3870370918189913,-0.04389014208798146,-0.5550231802386093,-0.40387272380744554,0.5644988738891453,3,-0.31632603250270985
3548,0.2959805292045932,1,0,0,0,0,0,0,0,0.13699404713265514,-0.49482281174378656,2.05887,0.5853,0.944484,1.39635,3.55895,1.2125241505316005,1.2575407439167003,1.9906790016247127,1.7872615352016925,3.6024056200963392,-0.3641162980958024,-0.11001290069120637,-0.3870370918189913,-0.04389014208798146,-0.5550231802386093,-0.40387272380744554,-0.6357229432289523,4,-0.31632603250270985
3549,-0.4248952646473024,1,0,0,0,0,0,0,0,0.27406649517510934,-0.7053424169080449,2.81233,2.2592,2.95679,0.906824,7.85267,-0.439237004301429,0.5930906936342535,0.28146972794299474,-0.07123671247526005,-0.13085221491490245,-0.3641162980958024,-0.11001290069120637,-0.3870370918189913,-0.04389014208798146,-0.5550231802386093,-0.40387272380744554,-0.6357229432289523,2,3.7926173271939483
3552,0.3036555042549975,0,0,1,0,0,0,0,0,-0.08954838893490145,0.014500290927511542,1.00786,2.51961,3.3815,1.41863,0.833545,-0.02439693743109896,-0.2311979164935046,-0.4921368627315155,-0.4771183533652971,-0.5979095001690573,-0.3641162980958024,-0.11001290069120637,-0.3870370918189913,-0.8669128065047171,-0.5550231802386093,6.429631843192345,-0.6357229432289523,0,-0.31632603250270985
3554,0.01358659426177623,0,0,1,0,0,0,0,0,-0.09714926912379622,0.017003341034652692,1.41863,3.29061,1.00786,2.98036,3.3815,-0.49697464319724965,-0.2311979164935046,-0.5630786030369934,0.32189002568307895,0.22339010674234708,-0.3641162980958024,-0.11001290069120637,-0.3870370918189913,-0.8669128065047171,0.4150033169688831,5.062930929792387,-0.6357229432289523,0,-0.31632603250270985
3555,-0.40062879941440643,0,0,1,0,0,0,0,0,-0.09979914033806885,0.013220998275639547,2.51961,1.00786,3.29061,2.98036,0.833545,-0.49697464319724965,-0.4424677039991383,-0.17070194787125384,0.024372803962143894,0.08779725051381176,-0.3641162980958024,-0.11001290069120637,-0.3870370918189913,-0.8669128065047171,0.4150033169688831,5.062930929792387,-0.6357229432289523,0,-0.31632603250270985
3556,-0.5551704416425718,0,0,1,0,0,0,0,0,-0.09360714643013514,0.009896260310047813,3.29061,1.41863,2.51961,0.833545,3.3815,-0.02439693743109896,-0.4424677039991383,-0.5630786030369934,-0.812769068366277,-0.7752459468125384,-0.3641162980958024,-0.11001290069120637,-0.3870370918189913,-0.8669128065047171,-0.5550231802386093,6.429631843192345,-0.6357229432289523,0,-0.31632603250270985
3557,0.337850527898686,0,0,1,0,0,0,0,0,-0.08369737849033286,0.008432761708133316,0.833545,3.29061,1.00786,1.69865,1.01024,-0.1159630478553354,-0.07735128648889765,-0.23227039030286178,0.1768329396136784,-0.040144713173589114,-0.3641162980958024,-0.11001290069120637,-0.3870370918189913,-0.8669128065047171,-0.5550231802386093,3.696230016392429,-0.6357229432289523,1,1.7381456473456194
3559,-0.6207519747754751,0,0,1,0,0,0,0,0,-0.08775488794030303,0.004197716760201053,3.3815,1.00786,3.29061,1.01024,1.69865,-0.1159630478553354,-0.1432809559271323,-0.011872693577290745,-0.3098670876598084,-0.4576481767622308,-0.3641162980958024,-0.11001290069120637,-0.3870370918189913,-0.8669128065047171,-0.5550231802386093,3.696230016392429,-0.6357229432289523,1,1.7381456473456194
3561,0.9374767649248807,1,0,0,0,0,0,0,0,1.3536558452306602,-1.177160360991072,2.62968,0.766534,0.677247,0.13117,0.988341,0.41762657093209415,-0.11038990018609107,-0.5126414646738559,-0.5152167773237417,-0.685790150296697,0.8564563463274925,-0.11001290069120637,1.4728290102938495,-0.8669128065047171,-0.5550231802386093,3.696230016392429,-0.6357229432289523,0,-0.31632603250270985
3562,-0.679555075286656,1,0,0,0,0,0,0,0,1.3602495095564153,-1.1719362876862685,4.9753,2.62968,0.430677,2.55981,0.766534,0.6644260568071192,0.9458881052764702,0.605995893029736,0.4914555732467502,0.3739397191527429,2.077028990750787,-0.11001290069120637,-0.3870370918189913,-0.8669128065047171,-0.5550231802386093,2.329529102992471,-0.6357229432289523,0,1.7381456473456194
3563,1.7307682057229439,0,1,0,0,0,0,0,0,1.3873893830277177,-1.165721067270552,1.76565,5.61958,6.30076,0.965501,0.650413,0.8718066721054974,0.06577202320759389,0.24404807636290635,0.8046295805544926,0.5249908697003262,-0.3641162980958024,-0.11001290069120637,-0.3870370918189913,-0.8669128065047171,-0.5550231802386093,0.9628281895925127,4.165164325243438,0,-0.31632603250270985
3564,2.004230576562987,1,0,0,0,0,0,0,0,1.397520033287564,-1.2250849869384135,2.52263,12.1049,1.6301,0.788512,3.02925,0.6135754173585788,0.4774674339298394,0.3936272832156211,0.07544630674875112,-0.16439144178785894,-0.3641162980958024,-0.11001290069120637,-0.3870370918189913,-0.8669128065047171,2.355056311383868,0.9628281895925127,-0.6357229432289523,1,-0.31632603250270985
3565,3.6198053001877484,1,0,0,0,0,0,0,0,1.4080098062317699,-1.2286687027849412,1.47866,3.40783,1.69834,7.81072,0.788512,-0.8491875500227856,0.17559607628605048,-0.022166050731118714,-0.33557725241779235,-0.03868337537017807,-0.3641162980958024,-0.11001290069120637,-0.3870370918189913,-0.8669128065047171,-0.5550231802386093,5.062930929792387,-0.6357229432289523,1,-0.31632603250270985
3566,0.3477565128534481,1,0,0,0,0,0,0,0,1.4056754086420828,-1.2376168032488433,0.569048,1.47866,0.788512,1.69834,12.1049,-0.11300758837308111,-0.34296853669827676,-0.5016197308436975,-0.6580973237727652,-0.8078599038645566,-0.3641162980958024,-0.11001290069120637,-0.3870370918189913,-0.8669128065047171,-0.5550231802386093,3.696230016392429,-0.6357229432289523,2,-0.31632603250270985
3567,-0.2953951096424169,1,0,0,0,0,0,0,0,1.414968096801798,-1.2367697494014458,1.99141,1.47866,3.40783,12.1049,4.01933,0.06442697226506847,-0.3626356288317863,-0.37484038485523513,-0.3454338253061317,-0.19178257543914085,-0.3641162980958024,-0.11001290069120637,-0.3870370918189913,-0.8669128065047171,-0.5550231802386093,5.062930929792387,0.5644988738891453,0,-0.31632603250270985
3568,-0.18513506366094692,1,0,0,0,0,0,0,0,1.4202593648839008,-1.2405788972330685,1.69834,4.01933,1.47866,3.40783,12.1049,0.06442697226506847,-0.43303060853877307,0.5782313336317589,0.32580935541598427,0.44222953703630946,-0.3641162980958024,-0.11001290069120637,-0.3870370918189913,-0.8669128065047171,-0.5550231802386093,5.062930929792387,0.5644988738891453,0,-0.31632603250270985
3570,-0.2654100355484354,1,0,0,0,0,0,0,0,1.4656826074234843,-1.2620279780819077,5.6546,2.87379,5.41532,5.61024,2.96803,1.2952922499900703,0.3740597831765769,1.197305878231988,0.7621097653676793,0.399662142441268,0.8564563463274925,-0.11001290069120637,-0.3870370918189913,-0.8669128065047171,-0.5550231802386093,2.329529102992471,1.764720691007243,0,-0.31632603250270985
3571,1.1930459096180006,1,0,0,0,0,0,0,0,1.4599159655618348,-1.2704659741576418,2.87379,2.96803,1.77804,2.24057,2.72667,0.6837985630264655,0.023067053189319054,-0.10221231851874306,-0.16548333861904418,0.02886599861799191,-0.3641162980958024,-0.11001290069120637,-0.3870370918189913,-0.8669128065047171,-0.5550231802386093,2.329529102992471,1.764720691007243,1,-0.31632603250270985
3572,-0.09139502525120499,1,0,0,0,0,0,0,0,1.4536334804898632,-1.280172891155955,2.72667,2.96803,5.6546,0.806924,1.17599,0.19516895387811087,0.41285378859439176,0.18081228981365052,0.37591015158163354,0.2660179763299774,-0.3641162980958024,-0.11001290069120637,-0.3870370918189913,-0.8669128065047171,-0.5550231802386093,0.9628281895925127,0.5644988738891453,3,-0.31632603250270985
3573,-0.3098985551420779,1,0,0,0,0,0,0,0,1.5117393675238087,-1.289503738953948,2.20545,2.60338,1.44422,1.37529,3.29801,-0.4543545355648279,-0.09746090718491016,-0.47695393781376316,-0.6921366635778918,-0.7755516602252642,0.8564563463274925,-0.11001290069120637,-0.3870370918189913,-0.04389014208798146,0.4150033169688831,-0.40387272380744554,1.764720691007243,0,-0.31632603250270985
3574,-0.33595584788673494,0,0,0,0,1,0,0,0,-0.6322912548706343,0.9701931481946413,0.951253,1.48097,1.05484,2.22685,1.67287,-0.4466845646871934,-0.8944114984285201,-0.5209437440194453,-0.5552726269005485,-0.2609333913047129,-0.3641162980958024,-0.11001290069120637,-0.3870370918189913,-0.04389014208798146,-0.5550231802386093,-0.40387272380744554,-0.6357229432289523,4,-0.31632603250270985
3575,0.150923500751952,0,0,0,0,0,1,0,0,-1.6844122542903508,1.4474483793901174,4.33883,1.34393,4.38551,0.888977,1.2029,0.9059635148461932,0.6578636120885132,0.22397944955784865,1.284450790667511,0.9766897384293753,-0.3641162980958024,-0.11001290069120637,-0.3870370918189913,-0.8669128065047171,2.355056311383868,-0.40387272380744554,-0.6357229432289523,1,1.7381456473456194
3576,-0.27505266351617375,0,0,0,0,0,0,1,0,-2.219654497219636,1.306394163446968,8.51451,6.67066,1.84171,2.86806,0.710575,1.8258941985831652,4.991614235666283,4.319772506950044,4.7470129891008215,6.1687663759448395,-0.3641162980958024,-0.11001290069120637,-0.3870370918189913,-0.8669128065047171,-0.5550231802386093,0.9628281895925127,-0.6357229432289523,4,-0.31632603250270985
3577,2.269013453559263,0,0,0,0,0,0,1,0,-2.20858246425799,1.301169217715461,1.75241,6.67066,1.84171,2.86806,0.710575,1.8258941985831652,2.3791612424956354,2.2763575025728167,2.557347655719494,4.403535251750098,-0.3641162980958024,-0.11001290069120637,-0.3870370918189913,-0.8669128065047171,-0.5550231802386093,0.9628281895925127,-0.6357229432289523,4,-0.31632603250270985
3578,0.16111917839244003,0,0,0,0,0,1,0,0,-1.7838539251435561,1.4542562949669695,1.90753,0.757287,0.0564342,1.40834,2.53807,-0.5523666762644353,-0.14786958494631042,0.020970540144576503,-0.30204908652428664,-0.5034784140985116,-0.3641162980958024,-0.11001290069120637,-0.3870370918189913,-0.8669128065047171,-0.5550231802386093,-0.40387272380744554,1.764720691007243,2,1.7381456473456194
3580,-0.6781679364135755,0,0,0,0,0,1,0,0,-1.7779353438959042,1.4679212739483252,0.465658,3.47896,2.91175,1.4216,1.90753,0.8521177255779485,0.9987774146824723,0.9046353316284244,0.8868250245641616,0.6593080622823563,-0.3641162980958024,-0.11001290069120637,-0.3870370918189913,-0.04389014208798146,-0.5550231802386093,0.9628281895925127,0.5644988738891453,2,-0.31632603250270985
3581,-0.3780440566557902,1,0,0,0,0,0,0,0,1.4098158698013905,-1.2316725812684999,12.1049,1.69834,3.40783,0.569048,1.99141,-0.8491875500227856,-0.3626356288317863,-0.722456163506747,0.10727639158910778,-0.123099858825289,-0.3641162980958024,-0.11001290069120637,-0.3870370918189913,-0.8669128065047171,-0.5550231802386093,5.062930929792387,-0.6357229432289523,1,-0.31632603250270985
3582,-0.6459631391432517,1,0,0,0,0,0,0,0,1.3470432716447607,-1.1823038182644976,0.13117,0.988341,1.2887,0.994452,4.9753,-1.4945889456969352,-0.3409444632536355,-0.6836246617323609,-0.870160802192439,-1.0073906126298435,0.8564563463274925,-0.11001290069120637,1.4728290102938495,-0.8669128065047171,0.4150033169688831,2.329529102992471,-0.6357229432289523,0,-0.31632603250270985
3583,-0.8850024944336966,1,0,0,0,0,0,0,0,1.3460540015490925,-1.183445579049351,0.766534,0.994452,1.2887,0.988341,0.882058,-1.4945889456969352,-0.5329553327267559,-0.6874195482046381,-0.8483025799742081,-0.8719570044140226,0.8564563463274925,-0.11001290069120637,1.4728290102938495,-0.8669128065047171,1.3850298141763753,0.9628281895925127,-0.6357229432289523,0,-0.31632603250270985
3585,8.545371028491576,1,0,0,0,0,0,0,0,1.3774514946713852,-1.2029360743591468,2.52325,1.26097,2.92914,2.20693,0.611882,2.518900527922728,1.3893289593343643,0.8028355134889666,0.5467188847027328,0.20517308759429076,-0.3641162980958024,-0.11001290069120637,-0.3870370918189913,-0.8669128065047171,2.355056311383868,-0.40387272380744554,1.764720691007243,0,-0.31632603250270985
3586,-0.41212997526199757,1,0,0,0,0,0,0,0,1.6296030030065405,-1.4308220049596991,1.01512,0.563292,0.620225,4.2807,1.2948,-0.35918096296357915,0.010814584440500654,-0.3727276913338577,0.04545461937084388,-0.21053029928204778,-0.3641162980958024,-0.11001290069120637,-0.3870370918189913,0.7791325223287542,-0.5550231802386093,0.9628281895925127,0.5644988738891453,1,-0.31632603250270985
3587,-0.4472166504188949,1,0,0,0,0,0,0,0,1.6178542714909916,-1.4372114291716813,0.563292,4.2807,1.15508,1.01512,1.38806,-0.5945174087386785,-0.4132353512076487,-0.5458808250727298,-0.8063447619268803,-0.21053029928204778,-0.3641162980958024,-0.11001290069120637,-0.3870370918189913,-0.04389014208798146,0.4150033169688831,0.9628281895925127,0.5644988738891453,1,-0.31632603250270985
3589,-0.7811126777440621,1,0,0,0,0,0,0,0,1.6556696236706598,-1.4718415135838459,4.75529,0.599379,1.15846,0.188637,3.35724,-0.752710660717497,-0.23872108097027975,0.2707955300697589,0.23366199931257842,1.3580350795966216,-0.3641162980958024,-0.11001290069120637,-0.3870370918189913,-0.8669128065047171,-0.5550231802386093,-0.40387272380744554,-0.6357229432289523,1,7.9015606868906065
3590,-0.4899557271701659,1,0,0,0,0,0,0,0,1.7483122178280004,-1.6051138014473794,1.05901,3.17541,1.7569,0.158009,1.50796,-0.8203566205994367,-0.8423807003280119,-0.7626560645575888,-0.8721649030306496,-0.8999480450017953,-0.3641162980958024,-0.11001290069120637,-0.3870370918189913,-0.8669128065047171,-0.5550231802386093,0.9628281895925127,-0.6357229432289523,4,-0.31632603250270985
3591,-0.3670206856275135,1,0,0,0,0,0,0,0,1.7549248237250161,-1.5990294276967942,3.17541,1.7569,1.1812,1.46237,1.05901,-0.6283036267916544,0.03715136480547284,-0.3872529431731829,-0.47667788857711946,-0.4460993224786473,-0.3641162980958024,-0.11001290069120637,-0.3870370918189913,-0.8669128065047171,-0.5550231802386093,0.9628281895925127,-0.6357229432289523,4,-0.31632603250270985
3592,-0.46416931589787613,1,0,0,0,0,0,0,0,1.049010712870539,-1.174590954363231,0.198049,0.305973,2.89153,0.150701,1.13923,-1.116167242923278,-0.6012683518267566,-0.9003825943118766,-0.8596626255281647,-0.42857783758946333,-0.3641162980958024,-0.11001290069120637,-0.3870370918189913,1.6021551867454897,-0.5550231802386093,2.329529102992471,-0.6357229432289523,0,-0.31632603250270985
3593,-0.8192373638584112,1,0,0,0,0,0,0,0,1.04408168507639,-1.1784934844584565,0.150701,0.198049,1.24974,1.02985,1.39531,-1.3654871019083183,-0.9834081503035389,-0.9464304451615247,-1.0593009538010763,-1.1052685671707982,-0.3641162980958024,-0.11001290069120637,-0.3870370918189913,0.7791325223287542,-0.5550231802386093,2.329529102992471,0.5644988738891453,0,-0.31632603250270985
3594,-0.8598409916691873,1,0,0,0,0,0,0,0,1.046202646365091,-1.1744768047385465,1.24974,0.305973,2.89153,0.150701,1.39531,-1.116167242923278,-0.9834081503035389,-1.1383672204521076,-1.227253205609807,-0.6674676709249135,-0.3641162980958024,-0.11001290069120637,-0.3870370918189913,1.6021551867454897,-0.5550231802386093,2.329529102992471,-0.6357229432289523,0,-0.31632603250270985
3596,2.7964685894129553,0,0,0,0,0,0,0,1,-2.011564406409601,1.2607658278457177,2.06707,7.54383,1.94837,1.67616,1.42959,1.3294058816574508,0.856395042649433,0.553521684478742,0.23380767391008342,-0.02834430158146797,-0.3641162980958024,-0.11001290069120637,-0.3870370918189913,0.7791325223287542,0.4150033169688831,2.329529102992471,-0.6357229432289523,0,-0.31632603250270985
3597,-0.2013277561202313,0,0,0,0,0,0,0,1,-2.0243261570201407,1.2554784748755345,7.54383,4.66092,9.91648,1.67616,4.03062,0.8980497225595749,0.2989720420326427,0.553521684478742,0.6736293741396933,0.48211336986797104,-0.3641162980958024,-0.11001290069120637,-0.3870370918189913,-0.04389014208798146,0.4150033169688831,3.696230016392429,-0.6357229432289523,0,-0.31632603250270985
3598,0.8191993798098757,0,0,0,0,0,0,0,1,-2.0343209435226837,1.2579775628786203,1.94837,4.82975,1.67616,7.54383,9.91648,1.1975165844253157,1.5548579455260685,1.6087885287322359,1.1072414373508719,1.3020303499369785,-0.3641162980958024,-0.11001290069120637,-0.3870370918189913,-0.04389014208798146,-0.5550231802386093,5.062930929792387,-0.6357229432289523,0,-0.31632603250270985
3599,0.8827173228373147,0,0,0,0,0,0,0,1,-2.0498704258741194,1.2553401161755466,1.43219,4.66092,2.31705,1.4755,7.10855,2.7943871100929214,1.5548579455260685,1.1586520364845099,1.408721270268072,1.3106931008830256,-0.3641162980958024,-0.11001290069120637,-0.3870370918189913,-0.8669128065047171,1.3850298141763753,0.9628281895925127,0.5644988738891453,1,-0.31632603250270985
3600,1.903820081896202,0,0,0,0,0,0,0,1,-2.017049391015785,1.2499396240970047,1.94837,4.03062,9.91648,1.80795,4.66092,0.8980497225595749,0.6483390822147725,0.31752365991546433,0.9272096207345781,0.7122354848713507,-0.3641162980958024,-0.11001290069120637,-0.3870370918189913,-0.8669128065047171,1.3850298141763753,3.696230016392429,-0.6357229432289523,0,-0.31632603250270985
3602,1.0012655894246871,0,0,0,0,0,1,0,0,-1.8765408625893956,1.3686575835310015,2.88294,1.60659,3.07007,3.67649,3.20698,0.6719797440085228,0.7304001294816552,0.9553465635463004,0.6106780075836981,0.277834704384175,-0.3641162980958024,-0.11001290069120637,-0.3870370918189913,-0.04389014208798146,-0.5550231802386093,-0.40387272380744554,0.5644988738891453,3,-0.31632603250270985
3603,-0.6428288147734026,1,0,0,0,0,0,0,0,1.7440503011368975,-1.6386491233093226,4.62284,2.03598,0.915905,1.81556,0.565466,1.5671636301867449,1.258901739583465,0.936963183990127,0.5065649011868074,0.4942442523219188,-0.3641162980958024,-0.11001290069120637,-0.3870370918189913,-0.8669128065047171,-0.5550231802386093,-0.40387272380744554,-0.6357229432289523,4,1.7381456473456194
